9_Sgr/masterCIII5696.obs 8.6466 8.6482 
57634.01186246 0 0.0038058020113694484 1.0 1.0 1.0 
54267.23134033 0 0.007651352250489796 1.0 1.0 1.0 
53226.13696852 0 0.0029116692114750944 1.0 1.0 1.0 
54212.32362779 0 0.0035094620563507883 1.0 1.0 1.0 
53664.02864109 0 0.0024575066554227815 1.0 1.0 1.0 
53196.0856086 0 0.004438079578497021 1.0 1.0 1.0 
54267.22913349 0 0.005088158408809955 1.0 1.0 1.0 
54274.3666627 0 0.0068902880580629525 1.0 1.0 1.0 
54267.22694703 0 0.005521241743585923 1.0 1.0 1.0 
53226.1393315 0 0.0024380281700286275 1.0 1.0 1.0 
54210.43373541 0 0.004025477501652028 1.0 1.0 1.0 
53509.38299104 0 0.003901734835490386 1.0 1.0 1.0 
53226.13460523 0 0.0030810161766960742 1.0 1.0 1.0 
56052.43052562 0 0.0041835894546456845 1.0 1.0 1.0 
54210.43620892 0 0.004763763802524984 1.0 1.0 1.0 
53196.08796559 0 0.0038173150948779965 1.0 1.0 1.0 
54274.36227775 0 0.004162632210376023 1.0 1.0 1.0 
54274.36445773 0 0.003763286596197116 1.0 1.0 1.0 
54212.32580998 0 0.0038372028349611606 1.0 1.0 1.0 
53509.38536159 0 0.002785591505378247 1.0 1.0 1.0 
54212.32801044 0 0.004704677780864778 1.0 1.0 1.0 
54377.99025657 0 0.003928677913925611 1.0 1.0 1.0 
52102.21724609 0 0.005231575796679894 1.0 1.0 1.0 
54905.31386718 0 0.005709125619343551 1.0 1.0 1.0 
54540.32325622 0 0.003916968094229163 1.0 1.0 1.0 
54905.31289337 0 0.0049345745857814986 1.0 1.0 1.0 
54765.01721979 0 0.0036492835717805306 1.0 1.0 1.0 
54905.31484493 0 0.006228120130939915 1.0 1.0 1.0 
54377.99122911 0 0.004980781372720982 1.0 1.0 1.0 
54540.32130408 0 0.005744207214278515 1.0 1.0 1.0 
52102.21614057 0 0.004601473807045923 1.0 1.0 1.0 
54765.01819441 0 0.003591979418409788 1.0 1.0 1.0 
54377.99317975 0 0.004640801833162885 1.0 1.0 1.0 
54765.02111526 0 0.004006912719846819 1.0 1.0 1.0 
54540.32423143 0 0.0055934923831164095 1.0 1.0 1.0 
54905.31094226 0 0.005059432481270819 1.0 1.0 1.0 
54765.02014284 0 0.004956104176108803 1.0 1.0 1.0 
54540.32228114 0 0.004906564783140426 1.0 1.0 1.0 
54765.01916764 0 0.002976553299682729 1.0 1.0 1.0 
54540.32520617 0 0.004645681700602802 1.0 1.0 1.0 
54905.31191816 0 0.005984756538379868 1.0 1.0 1.0 
54377.9941575 0 0.004871083946401226 1.0 1.0 1.0 
54377.99220848 0 0.0049833578894369936 1.0 1.0 1.0 
55749.94224663591 0 0.012846547771668269 1.0 1.0 1.0 
55789.90123368567 0 0.005924638689220283 1.0 1.0 1.0 
55704.15349065326 0 0.013283905574998285 1.0 1.0 1.0 
57236.94856970105 0 0.0038070767459585293 1.0 1.0 1.0 
56125.98871714668 0 0.010920372782989992 1.0 1.0 1.0 
57156.13580333814 0 0.010394894362507458 1.0 1.0 1.0 
55376.97298829863 0 0.00953347373746335 1.0 1.0 1.0 
55660.20253368607 0 0.004034037805215958 1.0 1.0 1.0 
55727.01305402257 0 0.014182588866343325 1.0 1.0 1.0 
55334.14972601831 0 0.004890629816197629 1.0 1.0 1.0 
56845.92308296263 0 0.015736592813658055 1.0 1.0 1.0 
56899.89048059145 0 0.0033784802060234102 1.0 1.0 1.0 
55429.876184016 0 0.00478394629985164 1.0 1.0 1.0 
55769.01137676276 0 0.00390110058979705 1.0 1.0 1.0 
54995.08700000122 0 0.013328825197332405 1.0 1.0 1.0 
55016.96808076976 0 0.013041298102418313 1.0 1.0 1.0 
55703.15598474862 0 0.008449502455765501 1.0 1.0 1.0 
55704.10669014696 0 0.008882855075373952 1.0 1.0 1.0 
55704.17565416684 0 0.01436604520233165 1.0 1.0 1.0 
56877.93508164724 0 0.004353015599285482 1.0 1.0 1.0 
55684.15896322997 0 0.004805498298729762 1.0 1.0 1.0 
55016.96049708035 0 0.01251136050568542 1.0 1.0 1.0 
56389.20925462805 0 0.004928791023651226 1.0 1.0 1.0 
55703.15059237415 0 0.007830895911439416 1.0 1.0 1.0 
55704.07300423412 0 0.00916265181729213 1.0 1.0 1.0 
56420.14211773081 0 0.008665424632289542 1.0 1.0 1.0 
55794.89900657162 0 0.005342904655516065 1.0 1.0 1.0 
55100.8364222832 0 0.006833562223207566 1.0 1.0 1.0 
55703.21817108663 0 0.011105233776667344 1.0 1.0 1.0 
55705.01019632258 0 0.02899208377022857 1.0 1.0 1.0 
56124.97142190346 0 0.015675079437955736 1.0 1.0 1.0 
56053.1539714695 0 0.00627812268563159 1.0 1.0 1.0 
55036.93784828484 0 0.008030017978487694 1.0 1.0 1.0 
57201.02465570113 0 0.010197438194418474 1.0 1.0 1.0 
55704.1267651394 0 0.013229629511088603 1.0 1.0 1.0 
56038.22272720654 0 0.00690242950639389 1.0 1.0 1.0 
55703.16791243758 0 0.014266366135280453 1.0 1.0 1.0 
55036.94303170079 0 0.00658128706386805 1.0 1.0 1.0 
55704.05979928793 0 0.013592404827835334 1.0 1.0 1.0 
55079.87961221859 0 0.003255094295951994 1.0 1.0 1.0 
55703.19261165475 0 0.010952674196536127 1.0 1.0 1.0 
56038.2175421617 0 0.006009487307604562 1.0 1.0 1.0 
55703.16197183449 0 0.011137747890420728 1.0 1.0 1.0 
56829.03030343167 0 0.007552730505454558 1.0 1.0 1.0 
55705.06218915619 0 0.024059849246269267 1.0 1.0 1.0 
56463.03599032806 0 0.009120597514327183 1.0 1.0 1.0 
56878.90500203194 0 0.005097816539872562 1.0 1.0 1.0 
56069.12695753668 0 0.011522991819292549 1.0 1.0 1.0 
57173.16457524477 0 0.00720634334101661 1.0 1.0 1.0 
55079.89490841841 0 0.003484589938916053 1.0 1.0 1.0 
55291.20616104594 0 0.0034138490606171936 1.0 1.0 1.0 
56111.07883945759 0 0.01081732114873562 1.0 1.0 1.0 
57171.18743923819 0 0.008553241485068709 1.0 1.0 1.0 
56512.87493852992 0 0.006249192102000176 1.0 1.0 1.0 
57172.1426298595 0 0.008723101186686339 1.0 1.0 1.0 
56038.22747532092 0 0.005539820768024301 1.0 1.0 1.0 
56145.94305416802 0 0.006032984356230393 1.0 1.0 1.0 
57137.20117573161 0 0.008687603327076798 1.0 1.0 1.0 
56808.10894727055 0 0.008564891783592574 1.0 1.0 1.0 
55747.99740143353 0 0.011960546939967313 1.0 1.0 1.0 
55342.16706357617 0 0.008407923123171231 1.0 1.0 1.0 
56461.02788491175 0 0.015818155328499898 1.0 1.0 1.0 

1 1 0 0 0 0 
3246 1349 0.648 31 0

11 55 1
25 70 1
