9_Sgr/masterCIV5801+5812.obs 8.6653 8.6684 
57634.01186246 0 0.006030469351186463 0.63 0.37 
54267.23134033 0 0.004431210241460846 0.63 0.37 
53226.13696852 0 0.002973393413527793 0.63 0.37 
54212.32362779 0 0.0031261564921424238 0.63 0.37 
53664.02864109 0 0.0058260304824275634 0.63 0.37 
53196.0856086 0 0.002530779384774415 0.63 0.37 
54267.22913349 0 0.007795781978657389 0.63 0.37 
54274.3666627 0 0.008220265379346552 0.63 0.37 
54267.22694703 0 0.006081038000765745 0.63 0.37 
53226.1393315 0 0.002537479365836694 0.63 0.37 
54210.43373541 0 0.004005980698734753 0.63 0.37 
53509.38299104 0 0.0033514522171118268 0.63 0.37 
53226.13460523 0 0.0038934931096369346 0.63 0.37 
56052.43052562 0 0.004585039667628856 0.63 0.37 
54210.43620892 0 0.0027542980495565005 0.63 0.37 
53196.08796559 0 0.0037422676729872636 0.63 0.37 
54274.36227775 0 0.006998693485359895 0.63 0.37 
54274.36445773 0 0.03361431312362266 0.63 0.37 
54212.32580998 0 0.0032975639544252566 0.63 0.37 
53509.38536159 0 0.0057713027216686535 0.63 0.37 
54212.32801044 0 0.003824748015856615 0.63 0.37 
54377.99025657 0 0.01081496770356074 0.63 0.37 
54905.31386718 0 0.0035935968909838454 0.63 0.37 
54540.32325622 0 0.004762505597367091 0.63 0.37 
54905.31289337 0 0.002951010954524185 0.63 0.37 
54765.01721979 0 0.009776057904917833 0.63 0.37 
54905.31484493 0 0.0035874547449793767 0.63 0.37 
54377.99122911 0 0.01108252656133761 0.63 0.37 
54540.32130408 0 0.004500800446826032 0.63 0.37 
54765.01819441 0 0.008903473342834114 0.63 0.37 
54377.99317975 0 0.010868247337550535 0.63 0.37 
54765.02111526 0 0.01050427408692701 0.63 0.37 
54540.32423143 0 0.004457785048537516 0.63 0.37 
54905.31094226 0 0.0027709061107017855 0.63 0.37 
54765.02014284 0 0.009455617532717913 0.63 0.37 
54540.32228114 0 0.003538716780268089 0.63 0.37 
54765.01916764 0 0.009861629706432498 0.63 0.37 
54540.32520617 0 0.0034360826803817783 0.63 0.37 
54905.31191816 0 0.0027918390464067087 0.63 0.37 
54377.9941575 0 0.011822001160615362 0.63 0.37 
54377.99220848 0 0.011048796796403797 0.63 0.37 
55749.94224663591 0 0.009595590597481204 0.63 0.37 
55789.90123368567 0 0.005337564266056114 0.63 0.37 
55704.15349065326 0 0.00659413096125971 0.63 0.37 
57236.94856970105 0 0.004912051841636198 0.63 0.37 
56125.98871714668 0 0.008384666600816732 0.63 0.37 
57156.13580333814 0 0.007186591837837943 0.63 0.37 
55376.97298829863 0 0.0037490914493361607 0.63 0.37 
55660.20253368607 0 0.006655429125310259 0.63 0.37 
55727.01305402257 0 0.00586664035778249 0.63 0.37 
55334.14972601831 0 0.006047712452188394 0.63 0.37 
56845.92308296263 0 0.012801152275948805 0.63 0.37 
56899.89048059145 0 0.006916531750270753 0.63 0.37 
55429.876184016 0 0.008778045607786337 0.63 0.37 
55769.01137676276 0 0.006230947209221618 0.63 0.37 
54995.08700000122 0 0.007388040684114652 0.63 0.37 
55016.96808076976 0 0.005031179497640546 0.63 0.37 
55703.15598474862 0 0.006922408839378127 0.63 0.37 
55704.10669014696 0 0.007208986022553048 0.63 0.37 
55704.17565416684 0 0.007548643151449227 0.63 0.37 
56877.93508164724 0 0.00528772486173958 0.63 0.37 
55684.15896322997 0 0.0045199725455992166 0.63 0.37 
55016.96049708035 0 0.005979125382449164 0.63 0.37 
56389.20925462805 0 0.0040744894764313914 0.63 0.37 
55703.15059237415 0 0.0074356157562269504 0.63 0.37 
55704.07300423412 0 0.009699863419719937 0.63 0.37 
56420.14211773081 0 0.005357822870746272 0.63 0.37 
55794.89900657162 0 0.008501964928816863 0.63 0.37 
55100.8364222832 0 0.006142212124699621 0.63 0.37 
55703.21817108663 0 0.011997010930490288 0.63 0.37 
55705.01019632258 0 0.012783532630805566 0.63 0.37 
56124.97142190346 0 0.00973699312875279 0.63 0.37 
56053.1539714695 0 0.00523415870619471 0.63 0.37 
55036.93784828484 0 0.008215242875498808 0.63 0.37 
57201.02465570113 0 0.005363746942760214 0.63 0.37 
55704.1267651394 0 0.0063683819031919555 0.63 0.37 
56038.22272720654 0 0.009482388490567751 0.63 0.37 
55703.16791243758 0 0.006628418931461018 0.63 0.37 
55036.94303170079 0 0.011279778106204124 0.63 0.37 
55704.05979928793 0 0.011256208046673108 0.63 0.37 
55079.87961221859 0 0.006110708033534306 0.63 0.37 
55703.19261165475 0 0.009377090957312904 0.63 0.37 
56038.2175421617 0 0.009129386667665365 0.63 0.37 
55703.16197183449 0 0.005971145178420965 0.63 0.37 
56829.03030343167 0 0.00788086420400843 0.63 0.37 
55705.06218915619 0 0.020183500670459462 0.63 0.37 
56463.03599032806 0 0.007435439819469441 0.63 0.37 
56878.90500203194 0 0.008964851362313045 0.63 0.37 
56069.12695753668 0 0.005895042871707336 0.63 0.37 
57173.16457524477 0 0.010242811106860627 0.63 0.37 
55079.89490841841 0 0.006434944134270222 0.63 0.37 
55291.20616104594 0 0.004326037649250209 0.63 0.37 
56111.07883945759 0 0.007589014766181246 0.63 0.37 
57171.18743923819 0 0.009326069812391662 0.63 0.37 
56512.87493852992 0 0.004929356187868523 0.63 0.37 
57172.1426298595 0 0.008537769667085244 0.63 0.37 
56038.22747532092 0 0.0059404297293384764 0.63 0.37 
56145.94305416802 0 0.005636086979741977 0.63 0.37 
57137.20117573161 0 0.005713256955227517 0.63 0.37 
56808.10894727055 0 0.007283997842812613 0.63 0.37 
55747.99740143353 0 0.012041335520981576 0.63 0.37 
55342.16706357617 0 0.005670386862006725 0.63 0.37 
56461.02788491175 0 0.007107379978191797 0.63 0.37 

3246 1349 0.648 31 

11 55 1
25 70 1
