9_Sgr/masterCIV5801.obs 8.6652 8.6667 
57634.01186246 0 0.01307918220372725 1.0 1.0 
54267.23134033 0 0.013775871366690779 1.0 1.0 
53226.13696852 0 0.012538727392355634 1.0 1.0 
54212.32362779 0 0.012050358014416392 1.0 1.0 
53664.02864109 0 0.010370443067150254 1.0 1.0 
53196.0856086 0 0.01103307266750949 1.0 1.0 
54267.22913349 0 0.010446235603343998 1.0 1.0 
54274.3666627 0 0.012525308571314004 1.0 1.0 
54267.22694703 0 0.011270811066966677 1.0 1.0 
53226.1393315 0 0.013142893637697588 1.0 1.0 
54210.43373541 0 0.012571689929282795 1.0 1.0 
53509.38299104 0 0.01197819124891982 1.0 1.0 
53226.13460523 0 0.013861751397749754 1.0 1.0 
56052.43052562 0 0.011595829745334818 1.0 1.0 
54210.43620892 0 0.012461778497121575 1.0 1.0 
53196.08796559 0 0.01081833071696691 1.0 1.0 
54274.36227775 0 0.010641709785486602 1.0 1.0 
54274.36445773 0 0.012123301025424438 1.0 1.0 
54212.32580998 0 0.011854091681025537 1.0 1.0 
53509.38536159 0 0.010425993655411192 1.0 1.0 
54212.32801044 0 0.011466429849356388 1.0 1.0 
54377.99025657 0 0.013006860007888406 1.0 1.0 
54905.31386718 0 0.0038478741225618594 1.0 1.0 
54540.32325622 0 0.004627027583006742 1.0 1.0 
54905.31289337 0 0.003850844182253748 1.0 1.0 
54765.01721979 0 0.00939178683749884 1.0 1.0 
54905.31484493 0 0.004042870563982783 1.0 1.0 
54377.99122911 0 0.012934896741141637 1.0 1.0 
54540.32130408 0 0.0040368227263822614 1.0 1.0 
54765.01819441 0 0.008761089892613308 1.0 1.0 
54377.99317975 0 0.013983561466490798 1.0 1.0 
54765.02111526 0 0.009096095779880076 1.0 1.0 
54540.32423143 0 0.005430906390496469 1.0 1.0 
54905.31094226 0 0.004412969513089795 1.0 1.0 
54765.02014284 0 0.00869618348770007 1.0 1.0 
54540.32228114 0 0.004739951788885198 1.0 1.0 
54765.01916764 0 0.009744795187804875 1.0 1.0 
54540.32520617 0 0.0041072619388105485 1.0 1.0 
54905.31191816 0 0.0037813450599095658 1.0 1.0 
54377.9941575 0 0.012952724047124083 1.0 1.0 
54377.99220848 0 0.013272267617899692 1.0 1.0 
55749.94224663591 0 0.018337607407579448 1.0 1.0 
55789.90123368567 0 0.014051192957882555 1.0 1.0 
55704.15349065326 0 0.01425026510134274 1.0 1.0 
57236.94856970105 0 0.012482696910116794 1.0 1.0 
56125.98871714668 0 0.012230542835616287 1.0 1.0 
57156.13580333814 0 0.014653328528003889 1.0 1.0 
55376.97298829863 0 0.013207305101647316 1.0 1.0 
55660.20253368607 0 0.010933674208300227 1.0 1.0 
55727.01305402257 0 0.012938734633421182 1.0 1.0 
55334.14972601831 0 0.012212438498348934 1.0 1.0 
56845.92308296263 0 0.013738483197973024 1.0 1.0 
56899.89048059145 0 0.01208057764830698 1.0 1.0 
55429.876184016 0 0.014273956460227095 1.0 1.0 
55769.01137676276 0 0.01269608687822714 1.0 1.0 
54995.08700000122 0 0.014410590377119831 1.0 1.0 
55016.96808076976 0 0.013785798958669469 1.0 1.0 
55703.15598474862 0 0.013765969931956779 1.0 1.0 
55704.10669014696 0 0.015004974608595723 1.0 1.0 
55704.17565416684 0 0.012352346742958266 1.0 1.0 
56877.93508164724 0 0.014377401324356337 1.0 1.0 
55684.15896322997 0 0.014963341227392027 1.0 1.0 
55016.96049708035 0 0.013355054212613453 1.0 1.0 
56389.20925462805 0 0.01238171638204311 1.0 1.0 
55703.15059237415 0 0.013089583512320813 1.0 1.0 
55704.07300423412 0 0.017957674735149864 1.0 1.0 
56420.14211773081 0 0.01135844468213474 1.0 1.0 
55794.89900657162 0 0.01368678530894995 1.0 1.0 
55100.8364222832 0 0.015961020201766266 1.0 1.0 
55703.21817108663 0 0.010930883114186617 1.0 1.0 
55705.01019632258 0 0.01091343350587532 1.0 1.0 
56124.97142190346 0 0.013786902504269281 1.0 1.0 
56053.1539714695 0 0.013397057062242573 1.0 1.0 
55036.93784828484 0 0.017633485405612267 1.0 1.0 
57201.02465570113 0 0.014571584510249128 1.0 1.0 
55704.1267651394 0 0.014466933691816338 1.0 1.0 
56038.22272720654 0 0.01319997555239142 1.0 1.0 
55703.16791243758 0 0.015007532431058125 1.0 1.0 
55036.94303170079 0 0.017090556527050948 1.0 1.0 
55704.05979928793 0 0.013306234081594953 1.0 1.0 
55079.87961221859 0 0.010033411778309192 1.0 1.0 
55703.19261165475 0 0.01373754908219878 1.0 1.0 
56038.2175421617 0 0.01627947218416827 1.0 1.0 
55703.16197183449 0 0.012883879853367454 1.0 1.0 
56829.03030343167 0 0.016391417214129476 1.0 1.0 
55705.06218915619 0 0.022804549578131553 1.0 1.0 
56463.03599032806 0 0.012100495990390188 1.0 1.0 
56878.90500203194 0 0.014271391502483516 1.0 1.0 
56069.12695753668 0 0.014613866595914652 1.0 1.0 
57173.16457524477 0 0.013300263136584329 1.0 1.0 
55079.89490841841 0 0.01007270861743874 1.0 1.0 
55291.20616104594 0 0.015234677749984786 1.0 1.0 
56111.07883945759 0 0.016506154165419236 1.0 1.0 
57171.18743923819 0 0.016545761111107178 1.0 1.0 
56512.87493852992 0 0.013614328743360075 1.0 1.0 
57172.1426298595 0 0.01346993584828713 1.0 1.0 
56038.22747532092 0 0.011907676777879093 1.0 1.0 
56145.94305416802 0 0.016300372014419397 1.0 1.0 
57137.20117573161 0 0.015481441524960556 1.0 1.0 
56808.10894727055 0 0.014708212676272063 1.0 1.0 
55747.99740143353 0 0.01718248047480296 1.0 1.0 
55342.16706357617 0 0.01256632329551748 1.0 1.0 
56461.02788491175 0 0.012245681613773284 1.0 1.0 

3246 1349 0.648 31

10 60 1
10 80 1
