9_Sgr/masterCIV5812.obs 8.6668 8.6685 
57634.01186246 0 0.0045902656041034925 1.0 1.0 
54267.23134033 0 0.003468188945082976 1.0 1.0 
53226.13696852 0 0.004146761357594813 1.0 1.0 
54212.32362779 0 0.0020431626611874163 1.0 1.0 
53664.02864109 0 0.004546615627448128 1.0 1.0 
53196.0856086 0 0.0026955955521012756 1.0 1.0 
54267.22913349 0 0.004768997159321577 1.0 1.0 
54274.3666627 0 0.006546221039612687 1.0 1.0 
54267.22694703 0 0.007380928698109423 1.0 1.0 
53226.1393315 0 0.003504219463539013 1.0 1.0 
54210.43373541 0 0.0035361966895765635 1.0 1.0 
53509.38299104 0 0.003988571163397798 1.0 1.0 
53226.13460523 0 0.004826531663589736 1.0 1.0 
56052.43052562 0 0.0017778052535663827 1.0 1.0 
54210.43620892 0 0.003781297647687035 1.0 1.0 
53196.08796559 0 0.003183126460825878 1.0 1.0 
54274.36227775 0 0.004257698810798605 1.0 1.0 
54274.36445773 0 0.007138706213262927 1.0 1.0 
54212.32580998 0 0.0026388003964708797 1.0 1.0 
53509.38536159 0 0.0027397530612980722 1.0 1.0 
54212.32801044 0 0.003284736026798729 1.0 1.0 
54377.99025657 0 0.004529540736726155 1.0 1.0 
54905.31386718 0 0.0031847659057713416 1.0 1.0 
54540.32325622 0 0.003768117649496229 1.0 1.0 
54905.31289337 0 0.003758065040065034 1.0 1.0 
54765.01721979 0 0.005791446095711565 1.0 1.0 
54905.31484493 0 0.004105828363196746 1.0 1.0 
54377.99122911 0 0.0033042071581154634 1.0 1.0 
54540.32130408 0 0.005043063423807736 1.0 1.0 
54765.01819441 0 0.0050722822993656555 1.0 1.0 
54377.99317975 0 0.0024905531842741185 1.0 1.0 
54765.02111526 0 0.004158817633692244 1.0 1.0 
54540.32423143 0 0.003251461544399213 1.0 1.0 
54905.31094226 0 0.0033322252673331334 1.0 1.0 
54765.02014284 0 0.004294819804960158 1.0 1.0 
54540.32228114 0 0.0034414210813123753 1.0 1.0 
54765.01916764 0 0.0036731845009008095 1.0 1.0 
54540.32520617 0 0.0038292590138564128 1.0 1.0 
54905.31191816 0 0.00406416830888117 1.0 1.0 
54377.9941575 0 0.0029273446214932706 1.0 1.0 
54377.99220848 0 0.0034861713883027933 1.0 1.0 
55749.94224663591 0 0.007912140425469581 1.0 1.0 
55789.90123368567 0 0.0053007947035438934 1.0 1.0 
55704.15349065326 0 0.006253692367440803 1.0 1.0 
57236.94856970105 0 0.0029661955716411416 1.0 1.0 
56125.98871714668 0 0.0059715115675603335 1.0 1.0 
57156.13580333814 0 0.0051302551575211075 1.0 1.0 
55376.97298829863 0 0.0047209625709173815 1.0 1.0 
55660.20253368607 0 0.005363493058456225 1.0 1.0 
55727.01305402257 0 0.005160390632413361 1.0 1.0 
55334.14972601831 0 0.004476108120197143 1.0 1.0 
56845.92308296263 0 0.008032147656883275 1.0 1.0 
56899.89048059145 0 0.002874879867632278 1.0 1.0 
55429.876184016 0 0.004813334106318631 1.0 1.0 
55769.01137676276 0 0.003930425917073816 1.0 1.0 
54995.08700000122 0 0.005809049660991969 1.0 1.0 
55016.96808076976 0 0.004285658466286014 1.0 1.0 
55703.15598474862 0 0.007400175119707922 1.0 1.0 
55704.10669014696 0 0.005044646414271923 1.0 1.0 
55704.17565416684 0 0.006794369348594464 1.0 1.0 
56877.93508164724 0 0.004817067614715751 1.0 1.0 
55684.15896322997 0 0.006436110301595119 1.0 1.0 
55016.96049708035 0 0.00419096193208646 1.0 1.0 
56389.20925462805 0 0.0036200781363262585 1.0 1.0 
55703.15059237415 0 0.006717979593678471 1.0 1.0 
55704.07300423412 0 0.007331434974226138 1.0 1.0 
56420.14211773081 0 0.006480323601995369 1.0 1.0 
55794.89900657162 0 0.003962856454876733 1.0 1.0 
55100.8364222832 0 0.004685831188555547 1.0 1.0 
55703.21817108663 0 0.007640584322726509 1.0 1.0 
55705.01019632258 0 0.011930369151290515 1.0 1.0 
56124.97142190346 0 0.008001829327413846 1.0 1.0 
56053.1539714695 0 0.007607560069144449 1.0 1.0 
55036.93784828484 0 0.005953418488051197 1.0 1.0 
57201.02465570113 0 0.006048676925694624 1.0 1.0 
55704.1267651394 0 0.005778610386629106 1.0 1.0 
56038.22272720654 0 0.006903460956907475 1.0 1.0 
55703.16791243758 0 0.00740533405166708 1.0 1.0 
55036.94303170079 0 0.0069944101981804264 1.0 1.0 
55704.05979928793 0 0.006843542638684361 1.0 1.0 
55079.87961221859 0 0.00384051428408302 1.0 1.0 
55703.19261165475 0 0.006566287736670805 1.0 1.0 
56038.2175421617 0 0.006831614024461551 1.0 1.0 
55703.16197183449 0 0.008549350804745944 1.0 1.0 
56829.03030343167 0 0.005626424438161868 1.0 1.0 
55705.06218915619 0 0.02058893833316148 1.0 1.0 
56463.03599032806 0 0.006573259798713919 1.0 1.0 
56878.90500203194 0 0.003399754992960621 1.0 1.0 
56069.12695753668 0 0.005710239081612645 1.0 1.0 
57173.16457524477 0 0.006472397893845743 1.0 1.0 
55079.89490841841 0 0.00347844469772717 1.0 1.0 
55291.20616104594 0 0.00426480010392724 1.0 1.0 
56111.07883945759 0 0.007448954165219978 1.0 1.0 
57171.18743923819 0 0.007108160590009781 1.0 1.0 
56512.87493852992 0 0.004864839429782199 1.0 1.0 
57172.1426298595 0 0.006493501973417995 1.0 1.0 
56038.22747532092 0 0.007518295074834693 1.0 1.0 
56145.94305416802 0 0.005344143791200821 1.0 1.0 
57137.20117573161 0 0.004377201029459573 1.0 1.0 
56808.10894727055 0 0.0060056591840227085 1.0 1.0 
55747.99740143353 0 0.007471589493208269 1.0 1.0 
55342.16706357617 0 0.0065946296301722905 1.0 1.0 
56461.02788491175 0 0.005007107572429338 1.0 1.0 

3246 1349 0.648 31

10 60 1
10 80 1
