9_Sgr/masterFeII5780.obs 8.6617 8.6627 
57634.01186246 0 0.005402385237932578 1.0 1.0 1.0 
54267.23134033 0 0.0050189030549512076 1.0 1.0 1.0 
53226.13696852 0 0.0022659986667134717 1.0 1.0 1.0 
54212.32362779 0 0.004539814150291476 1.0 1.0 1.0 
53664.02864109 0 0.003926189903268762 1.0 1.0 1.0 
53196.0856086 0 0.00244066215378008 1.0 1.0 1.0 
54267.22913349 0 0.005507665338858001 1.0 1.0 1.0 
54274.3666627 0 0.009960122363036956 1.0 1.0 1.0 
54267.22694703 0 0.0060392291081340175 1.0 1.0 1.0 
53226.1393315 0 0.004692023602250756 1.0 1.0 1.0 
54210.43373541 0 0.003212932693944165 1.0 1.0 1.0 
53509.38299104 0 0.002882534289306165 1.0 1.0 1.0 
53226.13460523 0 0.002863227704963762 1.0 1.0 1.0 
56052.43052562 0 0.0021425279061377455 1.0 1.0 1.0 
54210.43620892 0 0.002430800694786046 1.0 1.0 1.0 
53196.08796559 0 0.0017821364493093455 1.0 1.0 1.0 
54274.36227775 0 0.005541391741868577 1.0 1.0 1.0 
54274.36445773 0 0.007528880962322983 1.0 1.0 1.0 
54212.32580998 0 0.004193934221906656 1.0 1.0 1.0 
53509.38536159 0 0.0038103370806075215 1.0 1.0 1.0 
54212.32801044 0 0.004419380201311397 1.0 1.0 1.0 
54377.99025657 0 0.0037600934670798387 1.0 1.0 1.0 
54905.31386718 0 0.0028457445832647745 1.0 1.0 1.0 
54540.32325622 0 0.0032918192843043145 1.0 1.0 1.0 
54905.31289337 0 0.0028699173259545564 1.0 1.0 1.0 
54765.01721979 0 0.0041129760504892586 1.0 1.0 1.0 
54905.31484493 0 0.0037242394532070212 1.0 1.0 1.0 
54377.99122911 0 0.002705972008870696 1.0 1.0 1.0 
54540.32130408 0 0.004809970041721456 1.0 1.0 1.0 
54765.01819441 0 0.0035363845338738324 1.0 1.0 1.0 
54377.99317975 0 0.0027848144370784603 1.0 1.0 1.0 
54765.02111526 0 0.0039038985143856355 1.0 1.0 1.0 
54540.32423143 0 0.003900716279703289 1.0 1.0 1.0 
54905.31094226 0 0.003124817919384666 1.0 1.0 1.0 
54765.02014284 0 0.004744960254980664 1.0 1.0 1.0 
54540.32228114 0 0.003311826828171625 1.0 1.0 1.0 
54765.01916764 0 0.00350116940218861 1.0 1.0 1.0 
54540.32520617 0 0.003545262858619396 1.0 1.0 1.0 
54905.31191816 0 0.00326968004102656 1.0 1.0 1.0 
54377.9941575 0 0.0027176129390128617 1.0 1.0 1.0 
54377.99220848 0 0.0036956189062464354 1.0 1.0 1.0 
55749.94224663591 0 0.005829389600193274 1.0 1.0 1.0 
55789.90123368567 0 0.015253963485929337 1.0 1.0 1.0 
55704.15349065326 0 0.0048393952033599615 1.0 1.0 1.0 
57236.94856970105 0 0.0034708765152890895 1.0 1.0 1.0 
56125.98871714668 0 0.004998478095575063 1.0 1.0 1.0 
57156.13580333814 0 0.004256614794522815 1.0 1.0 1.0 
55376.97298829863 0 0.0030231261142880735 1.0 1.0 1.0 
55660.20253368607 0 0.0033915955084870848 1.0 1.0 1.0 
55727.01305402257 0 0.0036945349208300942 1.0 1.0 1.0 
55334.14972601831 0 0.002505027703044152 1.0 1.0 1.0 
56845.92308296263 0 0.011128661591401036 1.0 1.0 1.0 
56899.89048059145 0 0.006208635561935102 1.0 1.0 1.0 
55429.876184016 0 0.00311131787473055 1.0 1.0 1.0 
55769.01137676276 0 0.006558330325158815 1.0 1.0 1.0 
54995.08700000122 0 0.007390097839439241 1.0 1.0 1.0 
55016.96808076976 0 0.004747217892316503 1.0 1.0 1.0 
55703.15598474862 0 0.0068896506260067575 1.0 1.0 1.0 
55704.10669014696 0 0.004973945123280959 1.0 1.0 1.0 
55704.17565416684 0 0.006660892813785584 1.0 1.0 1.0 
56877.93508164724 0 0.00392015350951194 1.0 1.0 1.0 
55684.15896322997 0 0.0062074456201905845 1.0 1.0 1.0 
55016.96049708035 0 0.003982661996768255 1.0 1.0 1.0 
56389.20925462805 0 0.003196482918003968 1.0 1.0 1.0 
55703.15059237415 0 0.004383932174911781 1.0 1.0 1.0 
55704.07300423412 0 0.007666176058772455 1.0 1.0 1.0 
56420.14211773081 0 0.004310922165088108 1.0 1.0 1.0 
55794.89900657162 0 0.004669183992756809 1.0 1.0 1.0 
55100.8364222832 0 0.0066292470065932715 1.0 1.0 1.0 
55703.21817108663 0 0.007676246186419511 1.0 1.0 1.0 
55705.01019632258 0 0.006362868389169493 1.0 1.0 1.0 
56124.97142190346 0 0.0075283226952668645 1.0 1.0 1.0 
56053.1539714695 0 0.006961540508904335 1.0 1.0 1.0 
55036.93784828484 0 0.008437459759733694 1.0 1.0 1.0 
57201.02465570113 0 0.005939122091060914 1.0 1.0 1.0 
55704.1267651394 0 0.004529874704128736 1.0 1.0 1.0 
56038.22272720654 0 0.005623796494318806 1.0 1.0 1.0 
55703.16791243758 0 0.004530571816000166 1.0 1.0 1.0 
55036.94303170079 0 0.007133697768763464 1.0 1.0 1.0 
55704.05979928793 0 0.007658069266290273 1.0 1.0 1.0 
55079.87961221859 0 0.004213494417162211 1.0 1.0 1.0 
55703.19261165475 0 0.006067235440992445 1.0 1.0 1.0 
56038.2175421617 0 0.004670537956421226 1.0 1.0 1.0 
55703.16197183449 0 0.006039435499662277 1.0 1.0 1.0 
56829.03030343167 0 0.003635776086714214 1.0 1.0 1.0 
55705.06218915619 0 0.01848734260219932 1.0 1.0 1.0 
56463.03599032806 0 0.0051323384348400895 1.0 1.0 1.0 
56878.90500203194 0 0.0034636179629415503 1.0 1.0 1.0 
56069.12695753668 0 0.00331643369570092 1.0 1.0 1.0 
57173.16457524477 0 0.0046739239461919095 1.0 1.0 1.0 
55079.89490841841 0 0.001776503111047456 1.0 1.0 1.0 
55291.20616104594 0 0.0030126960236113286 1.0 1.0 1.0 
56111.07883945759 0 0.007124383389053679 1.0 1.0 1.0 
57171.18743923819 0 0.0036057512142385188 1.0 1.0 1.0 
56512.87493852992 0 0.00373956848943472 1.0 1.0 1.0 
57172.1426298595 0 0.006780015108909713 1.0 1.0 1.0 
56038.22747532092 0 0.006053559528693011 1.0 1.0 1.0 
56145.94305416802 0 0.005816074205885141 1.0 1.0 1.0 
57137.20117573161 0 0.00569638998013902 1.0 1.0 1.0 
56808.10894727055 0 0.005593811632741397 1.0 1.0 1.0 
55747.99740143353 0 0.009464909840579572 1.0 1.0 1.0 
55342.16706357617 0 0.003909230852259017 1.0 1.0 1.0 
56461.02788491175 0 0.005678577494160133 1.0 1.0 1.0 

1 1 0 0 0 0 
3246 1349 0.648 31 0

11 55 1
25 70 1
