9_Sgr/masterHbeta.obs 8.486 8.492 
57634.01186246 0 0.004072341352595717 1.0 1.0 
54267.23134033 0 0.005032177235215635 1.0 1.0 
53226.13696852 0 0.0043464281389121034 1.0 1.0 
54212.32362779 0 0.0032512881223746267 1.0 1.0 
53664.02864109 0 0.004487887667031239 1.0 1.0 
53196.0856086 0 0.0025398833823694544 1.0 1.0 
54267.22913349 0 0.004326792571691936 1.0 1.0 
54274.3666627 0 0.011784315004154104 1.0 1.0 
54267.22694703 0 0.006206623319882263 1.0 1.0 
53226.1393315 0 0.0038362017681869026 1.0 1.0 
54210.43373541 0 0.0025564567587383047 1.0 1.0 
53509.38299104 0 0.0018625501023377133 1.0 1.0 
53226.13460523 0 0.0035284234087304108 1.0 1.0 
56052.43052562 0 0.002576432237007072 1.0 1.0 
54210.43620892 0 0.002851070766690057 1.0 1.0 
53196.08796559 0 0.0035011344356707537 1.0 1.0 
54274.36227775 0 0.00415181850309617 1.0 1.0 
54274.36445773 0 0.00569570480221142 1.0 1.0 
54212.32580998 0 0.0023508235650141224 1.0 1.0 
53509.38536159 0 0.0029187112223320725 1.0 1.0 
54212.32801044 0 0.004146590705401748 1.0 1.0 
52102.21724609 0 0.003555894435617175 1.0 1.0 
52102.21614057 0 0.003522814058228936 1.0 1.0 
54540.33075785 0 0.0034009341269037653 1.0 1.0 
54540.32985582 0 0.0038513906490633505 1.0 1.0 
54905.31895496 0 0.003028520578430497 1.0 1.0 
54765.0275085 0 0.006868212814498284 1.0 1.0 
55478.04059615 0 0.0032667355551592426 1.0 1.0 
54378.00128741 0 0.0029355040358137086 1.0 1.0 
54540.32895216 0 0.00401790872862991 1.0 1.0 
54765.02931164 0 0.004063497497040795 1.0 1.0 
54540.33166186 0 0.0037965101735797074 1.0 1.0 
54905.31714625 0 0.003355774640412367 1.0 1.0 
54377.99858025 0 0.003552692671164354 1.0 1.0 
54765.02840996 0 0.005528206970515093 1.0 1.0 
54905.31804979 0 0.0032609325802918252 1.0 1.0 
54905.3207595 0 0.004387297850592328 1.0 1.0 
55284.39724407 0 0.0032415788305925506 1.0 1.0 
54378.00038225 0 0.002477709366791749 1.0 1.0 
54540.32804711 0 0.004734528800009538 1.0 1.0 
55668.40413618 0 0.0038589225595075686 1.0 1.0 
54765.02660982 0 0.0043595597727774035 1.0 1.0 
54905.31985792 0 0.005850770487617753 1.0 1.0 
52102.21067701 0 0.005559956259436751 1.0 1.0 
55622.33848821 0 0.004573793434839758 1.0 1.0 
52102.2115554 0 0.005001334104807384 1.0 1.0 
54377.99948194 0 0.002956084641960787 1.0 1.0 
54378.00219292 0 0.004094533939225017 1.0 1.0 
54941.40641795 0 0.0037104228088630574 1.0 1.0 
54765.02570732 0 0.005418362669319753 1.0 1.0 
55749.94224663591 0 0.00649626416774327 1.0 1.0 
55789.90123368567 0 0.005088347742834673 1.0 1.0 
55704.15349065326 0 0.006281514248495048 1.0 1.0 
57236.94856970105 0 0.002825992751304799 1.0 1.0 
56125.98871714668 0 0.0048015857651635095 1.0 1.0 
57156.13580333814 0 0.00578586814178701 1.0 1.0 
55376.97298829863 0 0.0037756527259824677 1.0 1.0 
55660.20253368607 0 0.005407472046753473 1.0 1.0 
55727.01305402257 0 0.0034955355961075354 1.0 1.0 
55334.14972601831 0 0.0030469034363875686 1.0 1.0 
56845.92308296263 0 0.011550608046516461 1.0 1.0 
56899.89048059145 0 0.002259388662643978 1.0 1.0 
55429.876184016 0 0.0025651299979909327 1.0 1.0 
55769.01137676276 0 0.005295858368350358 1.0 1.0 
54995.08700000122 0 0.005448949010700708 1.0 1.0 
55016.96808076976 0 0.0031780605634650215 1.0 1.0 
55703.15598474862 0 0.004874314889399691 1.0 1.0 
55704.10669014696 0 0.005290662521737071 1.0 1.0 
55704.17565416684 0 0.005269185295470401 1.0 1.0 
56877.93508164724 0 0.005656284051168582 1.0 1.0 
55684.15896322997 0 0.008813757933835596 1.0 1.0 
55016.96049708035 0 0.0032416179198525804 1.0 1.0 
56389.20925462805 0 0.0034743319794798464 1.0 1.0 
55703.15059237415 0 0.005534637151097488 1.0 1.0 
55704.07300423412 0 0.009721314506634663 1.0 1.0 
56420.14211773081 0 0.004286197361905196 1.0 1.0 
55794.89900657162 0 0.002398784607955279 1.0 1.0 
55100.8364222832 0 0.005504155018558591 1.0 1.0 
55703.21817108663 0 0.005653459661870184 1.0 1.0 
55705.01019632258 0 0.01207491832052149 1.0 1.0 
56124.97142190346 0 0.0048794975769925536 1.0 1.0 
56053.1539714695 0 0.007001390679513186 1.0 1.0 
55036.93784828484 0 0.00808101781533904 1.0 1.0 
57201.02465570113 0 0.003930778952748475 1.0 1.0 
55704.1267651394 0 0.004099383172014454 1.0 1.0 
56038.22272720654 0 0.007241552223542021 1.0 1.0 
55703.16791243758 0 0.003994645619787174 1.0 1.0 
55036.94303170079 0 0.007660426900863389 1.0 1.0 
55704.05979928793 0 0.006213050526300167 1.0 1.0 
55079.87961221859 0 0.003754630284583423 1.0 1.0 
55703.19261165475 0 0.005581823272129671 1.0 1.0 
56038.2175421617 0 0.005308247422513001 1.0 1.0 
55703.16197183449 0 0.005655153532024021 1.0 1.0 
56829.03030343167 0 0.004538504070373937 1.0 1.0 
55705.06218915619 0 0.011845312711439208 1.0 1.0 
56463.03599032806 0 0.0032768035907989206 1.0 1.0 
56878.90500203194 0 0.004855336402340918 1.0 1.0 
56069.12695753668 0 0.0045108798947172575 1.0 1.0 
57173.16457524477 0 0.006509856328008473 1.0 1.0 
55079.89490841841 0 0.0027954844243527678 1.0 1.0 
55291.20616104594 0 0.002559522175443909 1.0 1.0 
56111.07883945759 0 0.005642579561479832 1.0 1.0 
57171.18743923819 0 0.004362936504808536 1.0 1.0 
56512.87493852992 0 0.004191786706900807 1.0 1.0 
57172.1426298595 0 0.007611536696446672 1.0 1.0 
56038.22747532092 0 0.006116486949870905 1.0 1.0 
56145.94305416802 0 0.0037716846838818587 1.0 1.0 
57137.20117573161 0 0.005158870709323262 1.0 1.0 
56808.10894727055 0 0.007885446087038915 1.0 1.0 
55747.99740143353 0 0.008844082976501756 1.0 1.0 
55342.16706357617 0 0.002843690147157795 1.0 1.0 
56461.02788491175 0 0.0055279867930486 1.0 1.0 

3246 1349 0.648 31

5 70 1
5 100 1
