9_Sgr/masterHdelta.obs 8.317 8.3215 
57634.01186246 0 0.006826438653000694 1.0 1.0 1.0 
54267.23134033 0 0.011111174949874217 1.0 1.0 1.0 
53226.13696852 0 0.003352581700528254 1.0 1.0 1.0 
54212.32362779 0 0.004258472821815979 1.0 1.0 1.0 
53664.02864109 0 0.003771718556226404 1.0 1.0 1.0 
53196.0856086 0 0.004149927866869193 1.0 1.0 1.0 
54267.22913349 0 0.005515309288281348 1.0 1.0 1.0 
54274.3666627 0 0.005960127184376 1.0 1.0 1.0 
54267.22694703 0 0.011290962789000578 1.0 1.0 1.0 
53226.1393315 0 0.002963071190472945 1.0 1.0 1.0 
54210.43373541 0 0.0042041226958775746 1.0 1.0 1.0 
53509.38299104 0 0.002495276863067079 1.0 1.0 1.0 
53226.13460523 0 0.00426258873316205 1.0 1.0 1.0 
56052.43052562 0 0.003784844039702776 1.0 1.0 1.0 
54210.43620892 0 0.002535449470180247 1.0 1.0 1.0 
53196.08796559 0 0.0031943512221673364 1.0 1.0 1.0 
54274.36227775 0 0.006368489047852514 1.0 1.0 1.0 
54274.36445773 0 0.009539306987871806 1.0 1.0 1.0 
54212.32580998 0 0.005019414403199256 1.0 1.0 1.0 
53509.38536159 0 0.0030549235764008686 1.0 1.0 1.0 
54212.32801044 0 0.005522894443232988 1.0 1.0 1.0 
54540.33075785 0 0.004682455594925217 1.0 1.0 1.0 
54540.32985582 0 0.004929068708491144 1.0 1.0 1.0 
54905.31895496 0 0.004364175679908882 1.0 1.0 1.0 
54765.0275085 0 0.005066492749112306 1.0 1.0 1.0 
55478.04059615 0 0.004153254061767333 1.0 1.0 1.0 
54378.00128741 0 0.0037063277516574274 1.0 1.0 1.0 
54540.32895216 0 0.006491960632071134 1.0 1.0 1.0 
54765.02931164 0 0.0055118739763356985 1.0 1.0 1.0 
54540.33166186 0 0.004397373437778406 1.0 1.0 1.0 
54905.31714625 0 0.0038983350476829316 1.0 1.0 1.0 
54377.99858025 0 0.004764440455102179 1.0 1.0 1.0 
54765.02840996 0 0.006374092282873081 1.0 1.0 1.0 
54905.31804979 0 0.00394331438436185 1.0 1.0 1.0 
54905.3207595 0 0.004187333439214038 1.0 1.0 1.0 
55284.39724407 0 0.003567778096378721 1.0 1.0 1.0 
54378.00038225 0 0.003269060573102605 1.0 1.0 1.0 
54540.32804711 0 0.003203374491349422 1.0 1.0 1.0 
55668.40413618 0 0.0032219230456872775 1.0 1.0 1.0 
54765.02660982 0 0.006123798590586449 1.0 1.0 1.0 
54905.31985792 0 0.0042491253499267806 1.0 1.0 1.0 
52102.21067701 0 0.005484231545573556 1.0 1.0 1.0 
55622.33848821 0 0.005266244712632997 1.0 1.0 1.0 
52102.2115554 0 0.005412144369245645 1.0 1.0 1.0 
54377.99948194 0 0.0031931638698542127 1.0 1.0 1.0 
54378.00219292 0 0.004266482544129676 1.0 1.0 1.0 
54941.40641795 0 0.003176142608468029 1.0 1.0 1.0 
54765.02570732 0 0.006209117873308168 1.0 1.0 1.0 
55749.94224663591 0 0.011834040748609467 1.0 1.0 1.0 
55789.90123368567 0 0.008067446977453001 1.0 1.0 1.0 
55704.15349065326 0 0.005759270914302016 1.0 1.0 1.0 
57236.94856970105 0 0.00460891764059591 1.0 1.0 1.0 
56125.98871714668 0 0.007302668704743456 1.0 1.0 1.0 
57156.13580333814 0 0.007726371629229062 1.0 1.0 1.0 
55376.97298829863 0 0.004242377365811769 1.0 1.0 1.0 
55660.20253368607 0 0.0062552863017656096 1.0 1.0 1.0 
55727.01305402257 0 0.007368667316287769 1.0 1.0 1.0 
55334.14972601831 0 0.0060314876240482535 1.0 1.0 1.0 
56845.92308296263 0 0.013023453638378915 1.0 1.0 1.0 
56899.89048059145 0 0.004840236442915434 1.0 1.0 1.0 
55429.876184016 0 0.0038382786417116795 1.0 1.0 1.0 
55769.01137676276 0 0.009406511251305757 1.0 1.0 1.0 
54995.08700000122 0 0.009949673393955104 1.0 1.0 1.0 
55016.96808076976 0 0.006412210064036591 1.0 1.0 1.0 
55703.15598474862 0 0.006313043391615218 1.0 1.0 1.0 
55704.10669014696 0 0.008599474211384727 1.0 1.0 1.0 
55704.17565416684 0 0.007528073591042855 1.0 1.0 1.0 
56877.93508164724 0 0.007418443759844706 1.0 1.0 1.0 
55684.15896322997 0 0.006264684031361234 1.0 1.0 1.0 
55016.96049708035 0 0.006031904932216188 1.0 1.0 1.0 
56389.20925462805 0 0.004598765373701672 1.0 1.0 1.0 
55703.15059237415 0 0.007956727503911278 1.0 1.0 1.0 
55704.07300423412 0 0.007975411836921237 1.0 1.0 1.0 
56420.14211773081 0 0.008369521107585553 1.0 1.0 1.0 
55794.89900657162 0 0.008429256490490514 1.0 1.0 1.0 
55100.8364222832 0 0.007520012735229034 1.0 1.0 1.0 
55703.21817108663 0 0.006472417878524958 1.0 1.0 1.0 
55705.01019632258 0 0.013412783107026276 1.0 1.0 1.0 
56124.97142190346 0 0.012273219550192052 1.0 1.0 1.0 
56053.1539714695 0 0.00913432643132503 1.0 1.0 1.0 
55036.93784828484 0 0.010026697801394669 1.0 1.0 1.0 
57201.02465570113 0 0.007650305275273473 1.0 1.0 1.0 
55704.1267651394 0 0.005874594370066965 1.0 1.0 1.0 
56038.22272720654 0 0.008248326829353678 1.0 1.0 1.0 
55703.16791243758 0 0.009504911189555801 1.0 1.0 1.0 
55036.94303170079 0 0.010841675550182728 1.0 1.0 1.0 
55704.05979928793 0 0.00822122116541494 1.0 1.0 1.0 
55079.87961221859 0 0.005334510962288418 1.0 1.0 1.0 
55703.19261165475 0 0.00635736234536166 1.0 1.0 1.0 
56038.2175421617 0 0.010296769511266651 1.0 1.0 1.0 
55703.16197183449 0 0.0081630491389058 1.0 1.0 1.0 
56829.03030343167 0 0.00866584410251467 1.0 1.0 1.0 
55705.06218915619 0 0.016444124821123264 1.0 1.0 1.0 
56463.03599032806 0 0.007658427233317762 1.0 1.0 1.0 
56878.90500203194 0 0.00789906097646322 1.0 1.0 1.0 
56069.12695753668 0 0.009572021325592421 1.0 1.0 1.0 
57173.16457524477 0 0.006863794343833792 1.0 1.0 1.0 
55079.89490841841 0 0.005070727222102967 1.0 1.0 1.0 
55291.20616104594 0 0.005954732285293178 1.0 1.0 1.0 
56111.07883945759 0 0.01033749175933484 1.0 1.0 1.0 
57171.18743923819 0 0.009652156377512246 1.0 1.0 1.0 
56512.87493852992 0 0.005513413076733157 1.0 1.0 1.0 
57172.1426298595 0 0.009848266398870945 1.0 1.0 1.0 
56038.22747532092 0 0.01126856527275259 1.0 1.0 1.0 
56145.94305416802 0 0.008234127513033334 1.0 1.0 1.0 
57137.20117573161 0 0.007726625151004683 1.0 1.0 1.0 
56808.10894727055 0 0.008358108344962248 1.0 1.0 1.0 
55747.99740143353 0 0.013349911287410561 1.0 1.0 1.0 
55342.16706357617 0 0.006346127567104971 1.0 1.0 1.0 
56461.02788491175 0 0.008117754045537572 1.0 1.0 1.0 

1 1 0 0 0 0 
3246 1349 0.648 31 0

11 55 1
25 70 1
