9_Sgr/masterHdelta+SiIV4116.obs 8.316 8.324 
57634.01186246 0 0.0078302643393176 0.63 0.37 
54267.23134033 0 0.007268468498163093 0.63 0.37 
53226.13696852 0 0.007711274488287825 0.63 0.37 
54212.32362779 0 0.0059950740946739115 0.63 0.37 
53664.02864109 0 0.004137446888694023 0.63 0.37 
53196.0856086 0 0.004578452748180607 0.63 0.37 
54267.22913349 0 0.010200979278527054 0.63 0.37 
54274.3666627 0 0.00626615850553983 0.63 0.37 
54267.22694703 0 0.005339257029791307 0.63 0.37 
53226.1393315 0 0.005569942641323686 0.63 0.37 
54210.43373541 0 0.003457456639325595 0.63 0.37 
53509.38299104 0 0.004619395347415149 0.63 0.37 
53226.13460523 0 0.004601022428643012 0.63 0.37 
56052.43052562 0 0.004311705838408488 0.63 0.37 
54210.43620892 0 0.002454843303542419 0.63 0.37 
53196.08796559 0 0.0051262081664370214 0.63 0.37 
54274.36227775 0 0.008566003809491332 0.63 0.37 
54274.36445773 0 0.006460075740874353 0.63 0.37 
54212.32580998 0 0.005443399004299645 0.63 0.37 
53509.38536159 0 0.006604958551986699 0.63 0.37 
54212.32801044 0 0.005661366224909378 0.63 0.37 
54540.33075785 0 0.004347464373346604 0.63 0.37 
54540.32985582 0 0.004076397555791232 0.63 0.37 
54905.31895496 0 0.004348702542299996 0.63 0.37 
54765.0275085 0 0.005793098798987106 0.63 0.37 
55478.04059615 0 0.0032148355595650485 0.63 0.37 
54378.00128741 0 0.002527955023021785 0.63 0.37 
54540.32895216 0 0.004359959738659031 0.63 0.37 
54765.02931164 0 0.003955694932127696 0.63 0.37 
54540.33166186 0 0.003228281098953464 0.63 0.37 
54905.31714625 0 0.003162109412443357 0.63 0.37 
54377.99858025 0 0.0038092259754733612 0.63 0.37 
54765.02840996 0 0.0042187753718499485 0.63 0.37 
54905.31804979 0 0.0036229385791261776 0.63 0.37 
54905.3207595 0 0.0037274629751276917 0.63 0.37 
55284.39724407 0 0.002444061324226226 0.63 0.37 
54378.00038225 0 0.002717910767628189 0.63 0.37 
54540.32804711 0 0.004171629376783484 0.63 0.37 
55668.40413618 0 0.0027971817113267585 0.63 0.37 
54765.02660982 0 0.007085239255395479 0.63 0.37 
54905.31985792 0 0.003509896482500505 0.63 0.37 
52102.21067701 0 0.006057377533259814 0.63 0.37 
55622.33848821 0 0.006083991572236769 0.63 0.37 
52102.2115554 0 0.004546019484617115 0.63 0.37 
54377.99948194 0 0.0024825269601086177 0.63 0.37 
54378.00219292 0 0.0029329096624560883 0.63 0.37 
54941.40641795 0 0.002919716025856467 0.63 0.37 
54765.02570732 0 0.00484461874260578 0.63 0.37 
55749.94224663591 0 0.01081914960603306 0.63 0.37 
55789.90123368567 0 0.008956555020552717 0.63 0.37 
55704.15349065326 0 0.0066095316437872805 0.63 0.37 
57236.94856970105 0 0.003942699959069882 0.63 0.37 
56125.98871714668 0 0.008150462344031629 0.63 0.37 
57156.13580333814 0 0.009102199127424373 0.63 0.37 
55376.97298829863 0 0.006011667552514864 0.63 0.37 
55660.20253368607 0 0.007457017632693845 0.63 0.37 
55727.01305402257 0 0.006612272958937167 0.63 0.37 
55334.14972601831 0 0.006084612484993936 0.63 0.37 
56845.92308296263 0 0.011222512488200356 0.63 0.37 
56899.89048059145 0 0.0065912983033721015 0.63 0.37 
55429.876184016 0 0.004280344750904917 0.63 0.37 
55769.01137676276 0 0.007691695383218286 0.63 0.37 
54995.08700000122 0 0.008094636000559107 0.63 0.37 
55016.96808076976 0 0.007158995473987329 0.63 0.37 
55703.15598474862 0 0.00534401978770329 0.63 0.37 
55704.10669014696 0 0.00908354921440527 0.63 0.37 
55704.17565416684 0 0.007880795330127904 0.63 0.37 
56877.93508164724 0 0.006892970440909988 0.63 0.37 
55684.15896322997 0 0.00771462858775444 0.63 0.37 
55016.96049708035 0 0.005644924547557608 0.63 0.37 
56389.20925462805 0 0.005345926557248187 0.63 0.37 
55703.15059237415 0 0.007470144073315773 0.63 0.37 
55704.07300423412 0 0.009503633827188183 0.63 0.37 
56420.14211773081 0 0.009365342955872234 0.63 0.37 
55794.89900657162 0 0.008541766492428304 0.63 0.37 
55100.8364222832 0 0.006776692249261138 0.63 0.37 
55703.21817108663 0 0.009512529418928115 0.63 0.37 
55705.01019632258 0 0.015209796843638882 0.63 0.37 
56124.97142190346 0 0.011415969005178756 0.63 0.37 
56053.1539714695 0 0.011922226973340904 0.63 0.37 
55036.93784828484 0 0.014914396266606188 0.63 0.37 
57201.02465570113 0 0.0076308384484554325 0.63 0.37 
55704.1267651394 0 0.007231805770989432 0.63 0.37 
56038.22272720654 0 0.008952115131354917 0.63 0.37 
55703.16791243758 0 0.00789814894081418 0.63 0.37 
55036.94303170079 0 0.00898432327701574 0.63 0.37 
55704.05979928793 0 0.010614073583699389 0.63 0.37 
55079.87961221859 0 0.005638927009755885 0.63 0.37 
55703.19261165475 0 0.009520423195222444 0.63 0.37 
56038.2175421617 0 0.00486781414322981 0.63 0.37 
55703.16197183449 0 0.005201200321398898 0.63 0.37 
56829.03030343167 0 0.008642064699702934 0.63 0.37 
55705.06218915619 0 0.02722820104044579 0.63 0.37 
56463.03599032806 0 0.006246262652414425 0.63 0.37 
56878.90500203194 0 0.00588019555288518 0.63 0.37 
56069.12695753668 0 0.008879579887809153 0.63 0.37 
57173.16457524477 0 0.008885838938353648 0.63 0.37 
55079.89490841841 0 0.007548443975638478 0.63 0.37 
55291.20616104594 0 0.004305345368040486 0.63 0.37 
56111.07883945759 0 0.01359320506261327 0.63 0.37 
57171.18743923819 0 0.010989696056574818 0.63 0.37 
56512.87493852992 0 0.005562579174046863 0.63 0.37 
57172.1426298595 0 0.009772686923728749 0.63 0.37 
56038.22747532092 0 0.009503891036983231 0.63 0.37 
56145.94305416802 0 0.00855654496863002 0.63 0.37 
57137.20117573161 0 0.012125097279548476 0.63 0.37 
56808.10894727055 0 0.00839618562885559 0.63 0.37 
55747.99740143353 0 0.012477627181745134 0.63 0.37 
55342.16706357617 0 0.00617016849293271 0.63 0.37 
56461.02788491175 0 0.007228501636052245 0.63 0.37 

3246 1349 0.648 31 

11 55 1
25 70 1
