9_Sgr/masterHeII5411.obs 8.594 8.5986 
57634.01186246 0 0.004757808342922865 1.0 1.0 1.0 
54267.23134033 0 0.004655332955378536 1.0 1.0 1.0 
53226.13696852 0 0.0028054558875519253 1.0 1.0 1.0 
54212.32362779 0 0.0024220512949580703 1.0 1.0 1.0 
53664.02864109 0 0.0037737485636519267 1.0 1.0 1.0 
53196.0856086 0 0.004476182944866789 1.0 1.0 1.0 
54267.22913349 0 0.005426921135406539 1.0 1.0 1.0 
54274.3666627 0 0.0074461875343243035 1.0 1.0 1.0 
54267.22694703 0 0.005864154508073222 1.0 1.0 1.0 
53226.1393315 0 0.0028538971367069875 1.0 1.0 1.0 
54210.43373541 0 0.0024989747288765634 1.0 1.0 1.0 
53509.38299104 0 0.0022356343829842726 1.0 1.0 1.0 
53226.13460523 0 0.003740157563594274 1.0 1.0 1.0 
56052.43052562 0 0.0024133005326386517 1.0 1.0 1.0 
54210.43620892 0 0.0017317428772164983 1.0 1.0 1.0 
53196.08796559 0 0.0035641228283299067 1.0 1.0 1.0 
54274.36227775 0 0.0035243733643849947 1.0 1.0 1.0 
54274.36445773 0 0.005580744383695154 1.0 1.0 1.0 
54212.32580998 0 0.0029600991185315473 1.0 1.0 1.0 
53509.38536159 0 0.002671108899370411 1.0 1.0 1.0 
54212.32801044 0 0.004416258495859728 1.0 1.0 1.0 
54377.99025657 0 0.0035158891209033896 1.0 1.0 1.0 
52102.21724609 0 0.0032440052438827477 1.0 1.0 1.0 
54905.31386718 0 0.0038090531821069404 1.0 1.0 1.0 
54540.32325622 0 0.003207298088538205 1.0 1.0 1.0 
54905.31289337 0 0.0034390218562321165 1.0 1.0 1.0 
54765.01721979 0 0.0045384558858749474 1.0 1.0 1.0 
54905.31484493 0 0.0034965438078712837 1.0 1.0 1.0 
54377.99122911 0 0.0032594915197546414 1.0 1.0 1.0 
54540.32130408 0 0.004529800285379063 1.0 1.0 1.0 
52102.21614057 0 0.0033559407070750764 1.0 1.0 1.0 
54765.01819441 0 0.0040340891443306805 1.0 1.0 1.0 
54377.99317975 0 0.0027326979314123267 1.0 1.0 1.0 
54765.02111526 0 0.0033931247301765173 1.0 1.0 1.0 
54540.32423143 0 0.002667445849465225 1.0 1.0 1.0 
54905.31094226 0 0.003379230523428673 1.0 1.0 1.0 
54765.02014284 0 0.0033375717710294253 1.0 1.0 1.0 
54540.32228114 0 0.00353754692493309 1.0 1.0 1.0 
54765.01916764 0 0.003910795126297587 1.0 1.0 1.0 
54540.32520617 0 0.0030427690999484946 1.0 1.0 1.0 
54905.31191816 0 0.0023748564463470494 1.0 1.0 1.0 
54377.9941575 0 0.002336420708166639 1.0 1.0 1.0 
54377.99220848 0 0.002707209961551716 1.0 1.0 1.0 
55749.94224663591 0 0.004621892696239454 1.0 1.0 1.0 
55789.90123368567 0 0.006694871024434128 1.0 1.0 1.0 
55704.15349065326 0 0.0055144867402204265 1.0 1.0 1.0 
57236.94856970105 0 0.0031270258075158106 1.0 1.0 1.0 
56125.98871714668 0 0.005851733927234514 1.0 1.0 1.0 
57156.13580333814 0 0.0056160789818802 1.0 1.0 1.0 
55376.97298829863 0 0.003351843480074171 1.0 1.0 1.0 
55660.20253368607 0 0.005443363726515399 1.0 1.0 1.0 
55727.01305402257 0 0.002645774033342616 1.0 1.0 1.0 
55334.14972601831 0 0.003529128104266209 1.0 1.0 1.0 
56845.92308296263 0 0.012405472923699822 1.0 1.0 1.0 
56899.89048059145 0 0.0033665022446092603 1.0 1.0 1.0 
55429.876184016 0 0.003661920369976012 1.0 1.0 1.0 
55769.01137676276 0 0.003538667701461027 1.0 1.0 1.0 
54995.08700000122 0 0.0042983899815599745 1.0 1.0 1.0 
55016.96808076976 0 0.0035338153939284372 1.0 1.0 1.0 
55703.15598474862 0 0.003158925592412284 1.0 1.0 1.0 
55704.10669014696 0 0.005746606258695703 1.0 1.0 1.0 
55704.17565416684 0 0.007054299721761878 1.0 1.0 1.0 
56877.93508164724 0 0.004678124967771529 1.0 1.0 1.0 
55684.15896322997 0 0.005529116176817917 1.0 1.0 1.0 
55016.96049708035 0 0.0029069546118055483 1.0 1.0 1.0 
56389.20925462805 0 0.0036815931208640114 1.0 1.0 1.0 
55703.15059237415 0 0.004937571355781464 1.0 1.0 1.0 
55704.07300423412 0 0.004945433297947278 1.0 1.0 1.0 
56420.14211773081 0 0.006276404771904771 1.0 1.0 1.0 
55794.89900657162 0 0.005290062549430857 1.0 1.0 1.0 
55100.8364222832 0 0.004815399477513487 1.0 1.0 1.0 
55703.21817108663 0 0.0051627509254621165 1.0 1.0 1.0 
55705.01019632258 0 0.012159206294914128 1.0 1.0 1.0 
56124.97142190346 0 0.005962812769970951 1.0 1.0 1.0 
56053.1539714695 0 0.0039702197236864386 1.0 1.0 1.0 
55036.93784828484 0 0.008182449000666041 1.0 1.0 1.0 
57201.02465570113 0 0.007694238107631762 1.0 1.0 1.0 
55704.1267651394 0 0.005068386671263003 1.0 1.0 1.0 
56038.22272720654 0 0.0034704977267822723 1.0 1.0 1.0 
55703.16791243758 0 0.004020683004928653 1.0 1.0 1.0 
55036.94303170079 0 0.006229374271166726 1.0 1.0 1.0 
55704.05979928793 0 0.005687976922339025 1.0 1.0 1.0 
55079.87961221859 0 0.002067808895673214 1.0 1.0 1.0 
55703.19261165475 0 0.004943118911897494 1.0 1.0 1.0 
56038.2175421617 0 0.0042891804490941265 1.0 1.0 1.0 
55703.16197183449 0 0.003876722908564562 1.0 1.0 1.0 
56829.03030343167 0 0.004130494298031415 1.0 1.0 1.0 
55705.06218915619 0 0.022140436106433355 1.0 1.0 1.0 
56463.03599032806 0 0.003850685321009307 1.0 1.0 1.0 
56878.90500203194 0 0.0041047860375284274 1.0 1.0 1.0 
56069.12695753668 0 0.00405269288269385 1.0 1.0 1.0 
57173.16457524477 0 0.0048487178527512635 1.0 1.0 1.0 
55079.89490841841 0 0.001767391938165356 1.0 1.0 1.0 
55291.20616104594 0 0.0035150368255626994 1.0 1.0 1.0 
56111.07883945759 0 0.005656654811866884 1.0 1.0 1.0 
57171.18743923819 0 0.004426361817205227 1.0 1.0 1.0 
56512.87493852992 0 0.0027888392234165986 1.0 1.0 1.0 
57172.1426298595 0 0.0050806075823022 1.0 1.0 1.0 
56038.22747532092 0 0.004356006575421123 1.0 1.0 1.0 
56145.94305416802 0 0.004146648709349493 1.0 1.0 1.0 
57137.20117573161 0 0.005764832760990333 1.0 1.0 1.0 
56808.10894727055 0 0.005888747849053522 1.0 1.0 1.0 
55747.99740143353 0 0.008194234591664372 1.0 1.0 1.0 
55342.16706357617 0 0.0032936533017299844 1.0 1.0 1.0 
56461.02788491175 0 0.0065397004891137025 1.0 1.0 1.0 

1 1 0 0 0 0 
3246 1349 0.648 31 0

11 55 1
25 70 1
