9_Sgr/masterHeI+II4026.obs 8.299 8.302 
57634.01186246 0 0.007415189805130654 1.0 1.0 1.0 
54267.23134033 0 0.00896871024079498 1.0 1.0 1.0 
53226.13696852 0 0.007665801250202466 1.0 1.0 1.0 
54212.32362779 0 0.004802227715321214 1.0 1.0 1.0 
53664.02864109 0 0.007446931524368232 1.0 1.0 1.0 
53196.0856086 0 0.00430192321012652 1.0 1.0 1.0 
54267.22913349 0 0.007924270335049367 1.0 1.0 1.0 
54274.3666627 0 0.02011647452020438 1.0 1.0 1.0 
54267.22694703 0 0.005183350358898942 1.0 1.0 1.0 
53226.1393315 0 0.006593759540834866 1.0 1.0 1.0 
54210.43373541 0 0.004099336342171763 1.0 1.0 1.0 
53509.38299104 0 0.003131005793582899 1.0 1.0 1.0 
53226.13460523 0 0.00458925898998553 1.0 1.0 1.0 
56052.43052562 0 0.003064355764043771 1.0 1.0 1.0 
54210.43620892 0 0.0045422956336325995 1.0 1.0 1.0 
53196.08796559 0 0.006009038751682418 1.0 1.0 1.0 
54274.36227775 0 0.008681592118534157 1.0 1.0 1.0 
54274.36445773 0 0.0590960697009779 1.0 1.0 1.0 
54212.32580998 0 0.006657462885727602 1.0 1.0 1.0 
53509.38536159 0 0.0034238004967322953 1.0 1.0 1.0 
54212.32801044 0 0.007820773659614406 1.0 1.0 1.0 
54540.33075785 0 0.0041491389346563 1.0 1.0 1.0 
54540.32985582 0 0.003686970366949181 1.0 1.0 1.0 
54905.31895496 0 0.0029789929536493107 1.0 1.0 1.0 
54765.0275085 0 0.007369149642520739 1.0 1.0 1.0 
55478.04059615 0 0.003804311800631849 1.0 1.0 1.0 
54378.00128741 0 0.003815925917710804 1.0 1.0 1.0 
54540.32895216 0 0.003841397533887919 1.0 1.0 1.0 
54765.02931164 0 0.0028557460967543993 1.0 1.0 1.0 
54540.33166186 0 0.0027932079665552263 1.0 1.0 1.0 
54905.31714625 0 0.0036298051016371343 1.0 1.0 1.0 
54377.99858025 0 0.004000035080003915 1.0 1.0 1.0 
54765.02840996 0 0.004912989901023016 1.0 1.0 1.0 
54905.31804979 0 0.0035894241302380212 1.0 1.0 1.0 
54905.3207595 0 0.0024082995267778063 1.0 1.0 1.0 
55284.39724407 0 0.004813715463349042 1.0 1.0 1.0 
54378.00038225 0 0.003937674984834082 1.0 1.0 1.0 
54540.32804711 0 0.0057970289688174265 1.0 1.0 1.0 
55668.40413618 0 0.003527914443346876 1.0 1.0 1.0 
54765.02660982 0 0.004472797783711462 1.0 1.0 1.0 
54905.31985792 0 0.0034181569174138275 1.0 1.0 1.0 
52102.21067701 0 0.003824051646601699 1.0 1.0 1.0 
55622.33848821 0 0.004154870263877796 1.0 1.0 1.0 
52102.2115554 0 0.005219122510349216 1.0 1.0 1.0 
54377.99948194 0 0.0030794975325533673 1.0 1.0 1.0 
54378.00219292 0 0.0036014833763798825 1.0 1.0 1.0 
54941.40641795 0 0.003913758773952305 1.0 1.0 1.0 
54765.02570732 0 0.0068769523044435385 1.0 1.0 1.0 
55749.94224663591 0 0.011569013995997511 1.0 1.0 1.0 
55789.90123368567 0 0.012415341116792246 1.0 1.0 1.0 
55704.15349065326 0 0.00904728747246798 1.0 1.0 1.0 
57236.94856970105 0 0.008276762422286206 1.0 1.0 1.0 
56125.98871714668 0 0.011914633584833995 1.0 1.0 1.0 
57156.13580333814 0 0.006810152977825041 1.0 1.0 1.0 
55376.97298829863 0 0.005136045999063652 1.0 1.0 1.0 
55660.20253368607 0 0.008646291403329367 1.0 1.0 1.0 
55727.01305402257 0 0.006941277043297629 1.0 1.0 1.0 
55334.14972601831 0 0.004703610640574742 1.0 1.0 1.0 
56845.92308296263 0 0.016673333413696225 1.0 1.0 1.0 
56899.89048059145 0 0.005983379664741264 1.0 1.0 1.0 
55429.876184016 0 0.00422847032857446 1.0 1.0 1.0 
55769.01137676276 0 0.010989517424417464 1.0 1.0 1.0 
54995.08700000122 0 0.008858210795911417 1.0 1.0 1.0 
55016.96808076976 0 0.004612428367868715 1.0 1.0 1.0 
55703.15598474862 0 0.009398782258718291 1.0 1.0 1.0 
55704.10669014696 0 0.009009916037367161 1.0 1.0 1.0 
55704.17565416684 0 0.008433443667860118 1.0 1.0 1.0 
56877.93508164724 0 0.009390748000558342 1.0 1.0 1.0 
55684.15896322997 0 0.013482169661112554 1.0 1.0 1.0 
55016.96049708035 0 0.005597683685147893 1.0 1.0 1.0 
56389.20925462805 0 0.006630674625938074 1.0 1.0 1.0 
55703.15059237415 0 0.009633365161053158 1.0 1.0 1.0 
55704.07300423412 0 0.010544966082144037 1.0 1.0 1.0 
56420.14211773081 0 0.011250544284948651 1.0 1.0 1.0 
55794.89900657162 0 0.00916852883036434 1.0 1.0 1.0 
55100.8364222832 0 0.010836681882856008 1.0 1.0 1.0 
55703.21817108663 0 0.011111806736874561 1.0 1.0 1.0 
55705.01019632258 0 0.013471698455271776 1.0 1.0 1.0 
56124.97142190346 0 0.016702148493942717 1.0 1.0 1.0 
56053.1539714695 0 0.010659146731173602 1.0 1.0 1.0 
55036.93784828484 0 0.016319171500884008 1.0 1.0 1.0 
57201.02465570113 0 0.010607061183675626 1.0 1.0 1.0 
55704.1267651394 0 0.008718252776405396 1.0 1.0 1.0 
56038.22272720654 0 0.01154321491083449 1.0 1.0 1.0 
55703.16791243758 0 0.011400440618098995 1.0 1.0 1.0 
55036.94303170079 0 0.01414203828341195 1.0 1.0 1.0 
55704.05979928793 0 0.014771521852393207 1.0 1.0 1.0 
55079.87961221859 0 0.005225942469297718 1.0 1.0 1.0 
55703.19261165475 0 0.007769975062516214 1.0 1.0 1.0 
56038.2175421617 0 0.013306557522296914 1.0 1.0 1.0 
55703.16197183449 0 0.00892078153651634 1.0 1.0 1.0 
56829.03030343167 0 0.012633396256490311 1.0 1.0 1.0 
55705.06218915619 0 0.024713854235917206 1.0 1.0 1.0 
56463.03599032806 0 0.008358789907493013 1.0 1.0 1.0 
56878.90500203194 0 0.006888998867013671 1.0 1.0 1.0 
56069.12695753668 0 0.009914592375441171 1.0 1.0 1.0 
57173.16457524477 0 0.01210838494384346 1.0 1.0 1.0 
55079.89490841841 0 0.006346046910299806 1.0 1.0 1.0 
55291.20616104594 0 0.006587406856510426 1.0 1.0 1.0 
56111.07883945759 0 0.015211730019640416 1.0 1.0 1.0 
57171.18743923819 0 0.01244742970290069 1.0 1.0 1.0 
56512.87493852992 0 0.00992248899106688 1.0 1.0 1.0 
57172.1426298595 0 0.011178038630724507 1.0 1.0 1.0 
56038.22747532092 0 0.012665057434790407 1.0 1.0 1.0 
56145.94305416802 0 0.007878354095884332 1.0 1.0 1.0 
57137.20117573161 0 0.014790286835866164 1.0 1.0 1.0 
56808.10894727055 0 0.011623030558946585 1.0 1.0 1.0 
55747.99740143353 0 0.015096002200303939 1.0 1.0 1.0 
55342.16706357617 0 0.007659874138942975 1.0 1.0 1.0 
56461.02788491175 0 0.008904665822142482 1.0 1.0 1.0 

1 1 0 0 0 0 
3246 1349 0.648 31 0

11 55 1
25 70 1
