9_Sgr/masterHeII4686.obs 8.451 8.4534 
57634.01186246 0 0.004874459659882363 1.0 1.0 1.0 
54267.23134033 0 0.0069345125067791094 1.0 1.0 1.0 
53226.13696852 0 0.002773959438472905 1.0 1.0 1.0 
54212.32362779 0 0.0060652376783088225 1.0 1.0 1.0 
53664.02864109 0 0.0031996911460653956 1.0 1.0 1.0 
53196.0856086 0 0.003244889861207618 1.0 1.0 1.0 
54267.22913349 0 0.005607149651066119 1.0 1.0 1.0 
54274.3666627 0 0.0077267189049943395 1.0 1.0 1.0 
54267.22694703 0 0.006369586030445597 1.0 1.0 1.0 
53226.1393315 0 0.003464570581694009 1.0 1.0 1.0 
54210.43373541 0 0.0020343705198980406 1.0 1.0 1.0 
53509.38299104 0 0.001872676061296136 1.0 1.0 1.0 
53226.13460523 0 0.002779307452211747 1.0 1.0 1.0 
56052.43052562 0 0.003182386540146932 1.0 1.0 1.0 
54210.43620892 0 0.0026651596265950413 1.0 1.0 1.0 
53196.08796559 0 0.0034856114179262743 1.0 1.0 1.0 
54274.36227775 0 0.004408775051603532 1.0 1.0 1.0 
54274.36445773 0 0.0052186198873847385 1.0 1.0 1.0 
54212.32580998 0 0.0050276364166005 1.0 1.0 1.0 
53509.38536159 0 0.002758490470042557 1.0 1.0 1.0 
54212.32801044 0 0.0033387732488404888 1.0 1.0 1.0 
54540.33075785 0 0.0032325280436756067 1.0 1.0 1.0 
54540.32985582 0 0.004831025222575762 1.0 1.0 1.0 
54905.31895496 0 0.005188540197047497 1.0 1.0 1.0 
54765.0275085 0 0.004597331968728333 1.0 1.0 1.0 
55478.04059615 0 0.004651298434458426 1.0 1.0 1.0 
54378.00128741 0 0.0034724493379161767 1.0 1.0 1.0 
54540.32895216 0 0.005031903864462775 1.0 1.0 1.0 
54765.02931164 0 0.004166250369842377 1.0 1.0 1.0 
54540.33166186 0 0.004283723637717143 1.0 1.0 1.0 
54905.31714625 0 0.005511567636074084 1.0 1.0 1.0 
54377.99858025 0 0.003482619155701726 1.0 1.0 1.0 
54765.02840996 0 0.0052408092302836705 1.0 1.0 1.0 
54905.31804979 0 0.004570861690399396 1.0 1.0 1.0 
54905.3207595 0 0.005753568046457411 1.0 1.0 1.0 
55284.39724407 0 0.0054178927071224705 1.0 1.0 1.0 
54378.00038225 0 0.004549564456641481 1.0 1.0 1.0 
54540.32804711 0 0.004143752617101856 1.0 1.0 1.0 
55668.40413618 0 0.002877102858987097 1.0 1.0 1.0 
54765.02660982 0 0.004550833776169763 1.0 1.0 1.0 
54905.31985792 0 0.0059543368352594755 1.0 1.0 1.0 
52102.21067701 0 0.007730518493698102 1.0 1.0 1.0 
55622.33848821 0 0.005939830934965076 1.0 1.0 1.0 
52102.2115554 0 0.006069544239942465 1.0 1.0 1.0 
54377.99948194 0 0.005435781993076569 1.0 1.0 1.0 
54378.00219292 0 0.00495485571223913 1.0 1.0 1.0 
54941.40641795 0 0.0032227542848190394 1.0 1.0 1.0 
54765.02570732 0 0.005065978133718057 1.0 1.0 1.0 
55749.94224663591 0 0.008491994340329623 1.0 1.0 1.0 
55789.90123368567 0 0.00615930659415864 1.0 1.0 1.0 
55704.15349065326 0 0.005809816410131148 1.0 1.0 1.0 
57236.94856970105 0 0.003841059108891997 1.0 1.0 1.0 
56125.98871714668 0 0.009059441307352409 1.0 1.0 1.0 
57156.13580333814 0 0.00475978396754276 1.0 1.0 1.0 
55376.97298829863 0 0.004622864498481836 1.0 1.0 1.0 
55660.20253368607 0 0.0051512746250674864 1.0 1.0 1.0 
55727.01305402257 0 0.004987278938800008 1.0 1.0 1.0 
55334.14972601831 0 0.0029197808975032317 1.0 1.0 1.0 
56845.92308296263 0 0.008339139210748702 1.0 1.0 1.0 
56899.89048059145 0 0.0036668962371601732 1.0 1.0 1.0 
55429.876184016 0 0.0028806599249932762 1.0 1.0 1.0 
55769.01137676276 0 0.006828215075531237 1.0 1.0 1.0 
54995.08700000122 0 0.005167530046293592 1.0 1.0 1.0 
55016.96808076976 0 0.0040182551237248525 1.0 1.0 1.0 
55703.15598474862 0 0.004073097053508083 1.0 1.0 1.0 
55704.10669014696 0 0.0048712316316558086 1.0 1.0 1.0 
55704.17565416684 0 0.006324888968040719 1.0 1.0 1.0 
56877.93508164724 0 0.004604777240798334 1.0 1.0 1.0 
55684.15896322997 0 0.005379044769122802 1.0 1.0 1.0 
55016.96049708035 0 0.004506091819338848 1.0 1.0 1.0 
56389.20925462805 0 0.002278172094873865 1.0 1.0 1.0 
55703.15059237415 0 0.006130025243497514 1.0 1.0 1.0 
55704.07300423412 0 0.006112468430785437 1.0 1.0 1.0 
56420.14211773081 0 0.00621828876512939 1.0 1.0 1.0 
55794.89900657162 0 0.003959345933944716 1.0 1.0 1.0 
55100.8364222832 0 0.006688450884695832 1.0 1.0 1.0 
55703.21817108663 0 0.005839025832692625 1.0 1.0 1.0 
55705.01019632258 0 0.010431617150055432 1.0 1.0 1.0 
56124.97142190346 0 0.007535437660914493 1.0 1.0 1.0 
56053.1539714695 0 0.006050520113060476 1.0 1.0 1.0 
55036.93784828484 0 0.008476118804605725 1.0 1.0 1.0 
57201.02465570113 0 0.004696579755906292 1.0 1.0 1.0 
55704.1267651394 0 0.005587274990560647 1.0 1.0 1.0 
56038.22272720654 0 0.004558314534115721 1.0 1.0 1.0 
55703.16791243758 0 0.0050641215217881955 1.0 1.0 1.0 
55036.94303170079 0 0.005733648005581901 1.0 1.0 1.0 
55704.05979928793 0 0.01014775575335423 1.0 1.0 1.0 
55079.87961221859 0 0.0036553855040636863 1.0 1.0 1.0 
55703.19261165475 0 0.004443363296617564 1.0 1.0 1.0 
56038.2175421617 0 0.005091442746379387 1.0 1.0 1.0 
55703.16197183449 0 0.004313841641394749 1.0 1.0 1.0 
56829.03030343167 0 0.006213733927311095 1.0 1.0 1.0 
55705.06218915619 0 0.020164855690718245 1.0 1.0 1.0 
56463.03599032806 0 0.004407762085737464 1.0 1.0 1.0 
56878.90500203194 0 0.0036989525659199135 1.0 1.0 1.0 
56069.12695753668 0 0.005778763094849293 1.0 1.0 1.0 
57173.16457524477 0 0.006458325927321723 1.0 1.0 1.0 
55079.89490841841 0 0.0039817513563819166 1.0 1.0 1.0 
55291.20616104594 0 0.00223325812746296 1.0 1.0 1.0 
56111.07883945759 0 0.007873754670342892 1.0 1.0 1.0 
57171.18743923819 0 0.00778589824149761 1.0 1.0 1.0 
56512.87493852992 0 0.0031976525904587137 1.0 1.0 1.0 
57172.1426298595 0 0.006637332084434008 1.0 1.0 1.0 
56038.22747532092 0 0.007494277339121049 1.0 1.0 1.0 
56145.94305416802 0 0.005926860898941132 1.0 1.0 1.0 
57137.20117573161 0 0.007032461435630517 1.0 1.0 1.0 
56808.10894727055 0 0.006979631501736761 1.0 1.0 1.0 
55747.99740143353 0 0.007657073971697339 1.0 1.0 1.0 
55342.16706357617 0 0.0032555366668160436 1.0 1.0 1.0 
56461.02788491175 0 0.0033731111950861333 1.0 1.0 1.0 

1 1 0 0 0 0 
3246 1349 0.648 31 0

11 55 1
25 70 1
