9_Sgr/masterHepsilon.obs 8.2845 8.2888 
57634.01186246 0 0.006632278105628696 1.0 1.0 
54267.23134033 0 0.007368262195768711 1.0 1.0 
53226.13696852 0 0.0038799543234337547 1.0 1.0 
54212.32362779 0 0.006733777917310186 1.0 1.0 
53664.02864109 0 0.0048800867139269675 1.0 1.0 
53196.0856086 0 0.004973468081792361 1.0 1.0 
54267.22913349 0 0.006005778895661492 1.0 1.0 
54274.3666627 0 0.017413743575947594 1.0 1.0 
54267.22694703 0 0.006638284434656454 1.0 1.0 
53226.1393315 0 0.0038580749961402245 1.0 1.0 
54210.43373541 0 0.0061233960168211345 1.0 1.0 
53509.38299104 0 0.003775642275620907 1.0 1.0 
53226.13460523 0 0.0055016860434030125 1.0 1.0 
56052.43052562 0 0.003486439657877555 1.0 1.0 
54210.43620892 0 0.005749418265993824 1.0 1.0 
53196.08796559 0 0.004810162445774356 1.0 1.0 
54274.36227775 0 0.006385020455342176 1.0 1.0 
54274.36445773 0 0.0074444242577705105 1.0 1.0 
54212.32580998 0 0.0041722901237083755 1.0 1.0 
53509.38536159 0 0.005655217404457811 1.0 1.0 
54212.32801044 0 0.005458897252838736 1.0 1.0 
54540.33075785 0 0.005742515791797243 1.0 1.0 
54540.32985582 0 0.006413339712039869 1.0 1.0 
54905.31895496 0 0.0038815742081249327 1.0 1.0 
54765.0275085 0 0.005036382921480972 1.0 1.0 
55478.04059615 0 0.0029949565720602226 1.0 1.0 
54378.00128741 0 0.005398435320240809 1.0 1.0 
54540.32895216 0 0.005722366518188778 1.0 1.0 
54765.02931164 0 0.005225589305099918 1.0 1.0 
54540.33166186 0 0.00611400611767868 1.0 1.0 
54905.31714625 0 0.004738260461730087 1.0 1.0 
54377.99858025 0 0.003776771366052059 1.0 1.0 
54765.02840996 0 0.006457894533944653 1.0 1.0 
54905.31804979 0 0.0038155256894509713 1.0 1.0 
54905.3207595 0 0.00407453448298211 1.0 1.0 
55284.39724407 0 0.004984979837005609 1.0 1.0 
54378.00038225 0 0.0033704341660330942 1.0 1.0 
54540.32804711 0 0.006266999203168782 1.0 1.0 
55668.40413618 0 0.00981065688424186 1.0 1.0 
54765.02660982 0 0.004217598463669833 1.0 1.0 
54905.31985792 0 0.004909071949058806 1.0 1.0 
52102.21067701 0 0.006876152616637191 1.0 1.0 
55622.33848821 0 0.0074938196994585975 1.0 1.0 
52102.2115554 0 0.0074655805956491015 1.0 1.0 
54377.99948194 0 0.003148982452221808 1.0 1.0 
54378.00219292 0 0.0038602868059108486 1.0 1.0 
54941.40641795 0 0.004511436531863662 1.0 1.0 
54765.02570732 0 0.005321376519671395 1.0 1.0 
55749.94224663591 0 0.009596568981770212 1.0 1.0 
55789.90123368567 0 0.017352289585007855 1.0 1.0 
55704.15349065326 0 0.01011388022183942 1.0 1.0 
57236.94856970105 0 0.0075884079294808076 1.0 1.0 
56125.98871714668 0 0.0148625516640631 1.0 1.0 
57156.13580333814 0 0.007460803795382372 1.0 1.0 
55376.97298829863 0 0.0060485555544573895 1.0 1.0 
55660.20253368607 0 0.007531124823654008 1.0 1.0 
55727.01305402257 0 0.008650987348584813 1.0 1.0 
55334.14972601831 0 0.004483872463624694 1.0 1.0 
56845.92308296263 0 0.024137486937381686 1.0 1.0 
56899.89048059145 0 0.006817184125278343 1.0 1.0 
55429.876184016 0 0.005346275973715192 1.0 1.0 
55769.01137676276 0 0.008850812193360591 1.0 1.0 
54995.08700000122 0 0.007427608628186432 1.0 1.0 
55016.96808076976 0 0.005408064416034056 1.0 1.0 
55703.15598474862 0 0.01177624712602411 1.0 1.0 
55704.10669014696 0 0.007480542756771909 1.0 1.0 
55704.17565416684 0 0.009922041200947038 1.0 1.0 
56877.93508164724 0 0.00821141444454842 1.0 1.0 
55684.15896322997 0 0.011166090119692038 1.0 1.0 
55016.96049708035 0 0.006623552294935483 1.0 1.0 
56389.20925462805 0 0.005221460009524503 1.0 1.0 
55703.15059237415 0 0.009467057382787534 1.0 1.0 
55704.07300423412 0 0.013468291453077782 1.0 1.0 
56420.14211773081 0 0.005351250809110689 1.0 1.0 
55794.89900657162 0 0.008373748463099656 1.0 1.0 
55100.8364222832 0 0.006728513771539778 1.0 1.0 
55703.21817108663 0 0.007603314030508878 1.0 1.0 
55705.01019632258 0 0.020618537954562085 1.0 1.0 
56124.97142190346 0 0.014873420124920851 1.0 1.0 
56053.1539714695 0 0.011343184811156032 1.0 1.0 
55036.93784828484 0 0.017661999382067126 1.0 1.0 
57201.02465570113 0 0.013258630566142631 1.0 1.0 
55704.1267651394 0 0.008808505378239349 1.0 1.0 
56038.22272720654 0 0.0157473506707741 1.0 1.0 
55703.16791243758 0 0.009942267610834745 1.0 1.0 
55036.94303170079 0 0.019398738845960176 1.0 1.0 
55704.05979928793 0 0.01015334057675191 1.0 1.0 
55079.87961221859 0 0.0037148267595022233 1.0 1.0 
55703.19261165475 0 0.007195849804755028 1.0 1.0 
56038.2175421617 0 0.009696823948560116 1.0 1.0 
55703.16197183449 0 0.006545564696676491 1.0 1.0 
56829.03030343167 0 0.009999386087200347 1.0 1.0 
55705.06218915619 0 0.01953339676049484 1.0 1.0 
56463.03599032806 0 0.009158819811669149 1.0 1.0 
56878.90500203194 0 0.0076069649913903265 1.0 1.0 
56069.12695753668 0 0.011151171365984114 1.0 1.0 
57173.16457524477 0 0.014890812216184823 1.0 1.0 
55079.89490841841 0 0.005279508278755539 1.0 1.0 
55291.20616104594 0 0.007634225277343289 1.0 1.0 
56111.07883945759 0 0.016154219745921173 1.0 1.0 
57171.18743923819 0 0.009958536484614932 1.0 1.0 
56512.87493852992 0 0.007046189957800244 1.0 1.0 
57172.1426298595 0 0.009415670497583684 1.0 1.0 
56038.22747532092 0 0.015685632828327772 1.0 1.0 
56145.94305416802 0 0.009340728135305953 1.0 1.0 
57137.20117573161 0 0.012531302970693032 1.0 1.0 
56808.10894727055 0 0.01107972405198878 1.0 1.0 
55747.99740143353 0 0.015926755777405516 1.0 1.0 
55342.16706357617 0 0.006873413426853865 1.0 1.0 
56461.02788491175 0 0.009251775693336782 1.0 1.0 

3246 1349 0.648 31

5 70 1
5 100 1
