9_Sgr/masterHeI5875.obs 8.6777 8.6794 
57634.01186246 0 0.006347496486349732 1.0 1.0 
54267.23134033 0 0.007299945513354397 1.0 1.0 
53226.13696852 0 0.004014645878314552 1.0 1.0 
54212.32362779 0 0.0024286010368446496 1.0 1.0 
53664.02864109 0 0.006084963861374547 1.0 1.0 
53196.0856086 0 0.007055854247107119 1.0 1.0 
54267.22913349 0 0.005332942209928526 1.0 1.0 
54274.3666627 0 0.010569048722913208 1.0 1.0 
54267.22694703 0 0.007380457267704597 1.0 1.0 
53226.1393315 0 0.005194689385428182 1.0 1.0 
54210.43373541 0 0.0039976124522273304 1.0 1.0 
53509.38299104 0 0.0022048756260209155 1.0 1.0 
53226.13460523 0 0.004695282901978838 1.0 1.0 
56052.43052562 0 0.002086354785414264 1.0 1.0 
54210.43620892 0 0.00470225700675404 1.0 1.0 
53196.08796559 0 0.004798511245752866 1.0 1.0 
54274.36227775 0 0.00516316132824224 1.0 1.0 
54274.36445773 0 0.0046587885372398104 1.0 1.0 
54212.32580998 0 0.004665006770485411 1.0 1.0 
53509.38536159 0 0.003213057655448469 1.0 1.0 
54212.32801044 0 0.004062661035775226 1.0 1.0 
54377.99025657 0 0.002933035001882221 1.0 1.0 
52102.21724609 0 0.005251483927757948 1.0 1.0 
54905.31386718 0 0.0018789903788553601 1.0 1.0 
54540.32325622 0 0.00318759444177949 1.0 1.0 
54905.31289337 0 0.0025234365732639237 1.0 1.0 
54765.01721979 0 0.004312991572207203 1.0 1.0 
54905.31484493 0 0.002938655654476956 1.0 1.0 
54377.99122911 0 0.002709175905075844 1.0 1.0 
54540.32130408 0 0.005838009385379494 1.0 1.0 
52102.21614057 0 0.005499926099164679 1.0 1.0 
54765.01819441 0 0.004080479536683817 1.0 1.0 
54377.99317975 0 0.0020502448856843086 1.0 1.0 
54765.02111526 0 0.003724684659887365 1.0 1.0 
54540.32423143 0 0.00341896325963504 1.0 1.0 
54905.31094226 0 0.002710669987551017 1.0 1.0 
54765.02014284 0 0.0027746685914309074 1.0 1.0 
54540.32228114 0 0.00453347699084919 1.0 1.0 
54765.01916764 0 0.00337199205026715 1.0 1.0 
54540.32520617 0 0.0029721734175371774 1.0 1.0 
54905.31191816 0 0.002297969492374461 1.0 1.0 
54377.9941575 0 0.002738392639132184 1.0 1.0 
54377.99220848 0 0.003104011570388985 1.0 1.0 
55749.94224663591 0 0.012475031329942826 1.0 1.0 
55789.90123368567 0 0.014758270510836013 1.0 1.0 
55704.15349065326 0 0.004371158660539936 1.0 1.0 
57236.94856970105 0 0.005328658158997559 1.0 1.0 
56125.98871714668 0 0.01599097710454318 1.0 1.0 
57156.13580333814 0 0.00654029707171964 1.0 1.0 
55376.97298829863 0 0.0041135173580192945 1.0 1.0 
55660.20253368607 0 0.003989161465333673 1.0 1.0 
55727.01305402257 0 0.0049368529915809495 1.0 1.0 
55334.14972601831 0 0.004341353239427709 1.0 1.0 
56845.92308296263 0 0.009765591928679885 1.0 1.0 
56899.89048059145 0 0.007179149237663891 1.0 1.0 
55429.876184016 0 0.013089042646783355 1.0 1.0 
55769.01137676276 0 0.0050606639773665175 1.0 1.0 
54995.08700000122 0 0.007440531150332993 1.0 1.0 
55016.96808076976 0 0.008700609995256462 1.0 1.0 
55703.15598474862 0 0.005058895837384123 1.0 1.0 
55704.10669014696 0 0.004691390096731803 1.0 1.0 
55704.17565416684 0 0.007625465774015721 1.0 1.0 
56877.93508164724 0 0.008285425601776896 1.0 1.0 
55684.15896322997 0 0.004833478852214565 1.0 1.0 
55016.96049708035 0 0.007825513575259513 1.0 1.0 
56389.20925462805 0 0.0048896243050029825 1.0 1.0 
55703.15059237415 0 0.0057433785882538635 1.0 1.0 
55704.07300423412 0 0.00855996604829106 1.0 1.0 
56420.14211773081 0 0.007168884947221367 1.0 1.0 
55794.89900657162 0 0.009172688345978815 1.0 1.0 
55100.8364222832 0 0.006708426938706559 1.0 1.0 
55703.21817108663 0 0.00699480533349038 1.0 1.0 
55705.01019632258 0 0.009528246616854785 1.0 1.0 
56124.97142190346 0 0.01888710671309149 1.0 1.0 
56053.1539714695 0 0.006725414574186258 1.0 1.0 
55036.93784828484 0 0.01992310557727843 1.0 1.0 
57201.02465570113 0 0.005270932939029805 1.0 1.0 
55704.1267651394 0 0.006133136735264013 1.0 1.0 
56038.22272720654 0 0.006634036948436171 1.0 1.0 
55703.16791243758 0 0.006267904965692536 1.0 1.0 
55036.94303170079 0 0.02108828874749344 1.0 1.0 
55704.05979928793 0 0.00752326361091417 1.0 1.0 
55079.87961221859 0 0.0054511637747314615 1.0 1.0 
55703.19261165475 0 0.005452378309887951 1.0 1.0 
56038.2175421617 0 0.005238619493123969 1.0 1.0 
55703.16197183449 0 0.003954441509074805 1.0 1.0 
56829.03030343167 0 0.006315944153708804 1.0 1.0 
55705.06218915619 0 0.021705466416932617 1.0 1.0 
56463.03599032806 0 0.005382280257106939 1.0 1.0 
56878.90500203194 0 0.011040404384558626 1.0 1.0 
56069.12695753668 0 0.005448208293262033 1.0 1.0 
57173.16457524477 0 0.004469539075019171 1.0 1.0 
55079.89490841841 0 0.006069929016207596 1.0 1.0 
55291.20616104594 0 0.0036716223138571215 1.0 1.0 
56111.07883945759 0 0.010312394537070762 1.0 1.0 
57171.18743923819 0 0.007482701714574057 1.0 1.0 
56512.87493852992 0 0.019094165232084362 1.0 1.0 
57172.1426298595 0 0.006054690924103678 1.0 1.0 
56038.22747532092 0 0.006457804550635549 1.0 1.0 
56145.94305416802 0 0.011686249538827877 1.0 1.0 
57137.20117573161 0 0.005065566529757986 1.0 1.0 
56808.10894727055 0 0.0046656877115718535 1.0 1.0 
55747.99740143353 0 0.010920391839277874 1.0 1.0 
55342.16706357617 0 0.003293256277404927 1.0 1.0 
56461.02788491175 0 0.005071191488613001 1.0 1.0 

3246 1349 0.648 31

5 70 1
5 100 1
