9_Sgr/masterHeI4471.obs 8.4047 8.4064 
57634.01186246 0 0.004203154160010229 1.0 1.0 
54267.23134033 0 0.005376092312584708 1.0 1.0 
53226.13696852 0 0.002845430014956715 1.0 1.0 
54212.32362779 0 0.004537454106798351 1.0 1.0 
53664.02864109 0 0.004075046329321793 1.0 1.0 
53196.0856086 0 0.003333942527967237 1.0 1.0 
54267.22913349 0 0.005107304865317909 1.0 1.0 
54274.3666627 0 0.01154256838354349 1.0 1.0 
54267.22694703 0 0.0054413748726814875 1.0 1.0 
53226.1393315 0 0.005757659035738692 1.0 1.0 
54210.43373541 0 0.0027728344885977656 1.0 1.0 
53509.38299104 0 0.0024104395385795264 1.0 1.0 
53226.13460523 0 0.0035404770110086022 1.0 1.0 
56052.43052562 0 0.0037940774287285334 1.0 1.0 
54210.43620892 0 0.0027703273512479157 1.0 1.0 
53196.08796559 0 0.00382231864388872 1.0 1.0 
54274.36227775 0 0.00510355288186957 1.0 1.0 
54274.36445773 0 0.007792859031014759 1.0 1.0 
54212.32580998 0 0.004931510387646627 1.0 1.0 
53509.38536159 0 0.002820779815144555 1.0 1.0 
54212.32801044 0 0.004181722429640879 1.0 1.0 
54540.33075785 0 0.00322205371259617 1.0 1.0 
54540.32985582 0 0.0049659826888739135 1.0 1.0 
54905.31895496 0 0.0032250370030162748 1.0 1.0 
54765.0275085 0 0.0037053400204297643 1.0 1.0 
55478.04059615 0 0.004270089449150898 1.0 1.0 
54378.00128741 0 0.003148325321815952 1.0 1.0 
54540.32895216 0 0.00411672763520772 1.0 1.0 
54765.02931164 0 0.005238615043525727 1.0 1.0 
54540.33166186 0 0.003093375729421408 1.0 1.0 
54905.31714625 0 0.0034877769802524297 1.0 1.0 
54377.99858025 0 0.0038923305866062534 1.0 1.0 
54765.02840996 0 0.004563727996692043 1.0 1.0 
54905.31804979 0 0.0037165002793969133 1.0 1.0 
54905.3207595 0 0.002521683705321607 1.0 1.0 
55284.39724407 0 0.0031149402179533204 1.0 1.0 
54378.00038225 0 0.0028478214750957366 1.0 1.0 
54540.32804711 0 0.004418360430443049 1.0 1.0 
55668.40413618 0 0.0030819870116244657 1.0 1.0 
54765.02660982 0 0.0036686339348938305 1.0 1.0 
54905.31985792 0 0.002775278210580942 1.0 1.0 
52102.21067701 0 0.006522113240224799 1.0 1.0 
55622.33848821 0 0.004529617364064901 1.0 1.0 
52102.2115554 0 0.004563561326763641 1.0 1.0 
54377.99948194 0 0.00295388249055307 1.0 1.0 
54378.00219292 0 0.002482807743180441 1.0 1.0 
54941.40641795 0 0.0030574624255110035 1.0 1.0 
54765.02570732 0 0.005300179040462904 1.0 1.0 
55749.94224663591 0 0.00634151040604416 1.0 1.0 
55789.90123368567 0 0.007798758940127722 1.0 1.0 
55704.15349065326 0 0.005247318031503578 1.0 1.0 
57236.94856970105 0 0.003771866684155589 1.0 1.0 
56125.98871714668 0 0.0064056487235346375 1.0 1.0 
57156.13580333814 0 0.006160718197601454 1.0 1.0 
55376.97298829863 0 0.0029432566871571255 1.0 1.0 
55660.20253368607 0 0.005860637108500093 1.0 1.0 
55727.01305402257 0 0.00548984437769093 1.0 1.0 
55334.14972601831 0 0.004481456049447887 1.0 1.0 
56845.92308296263 0 0.010736064268526802 1.0 1.0 
56899.89048059145 0 0.004234001894369648 1.0 1.0 
55429.876184016 0 0.00345699738505157 1.0 1.0 
55769.01137676276 0 0.0037831781719275632 1.0 1.0 
54995.08700000122 0 0.005296800750508043 1.0 1.0 
55016.96808076976 0 0.003793972796145781 1.0 1.0 
55703.15598474862 0 0.005740082513958825 1.0 1.0 
55704.10669014696 0 0.0078097407251491585 1.0 1.0 
55704.17565416684 0 0.008295981134274167 1.0 1.0 
56877.93508164724 0 0.004702257925290543 1.0 1.0 
55684.15896322997 0 0.004427245187704919 1.0 1.0 
55016.96049708035 0 0.003712964988849873 1.0 1.0 
56389.20925462805 0 0.004401178850943411 1.0 1.0 
55703.15059237415 0 0.006367116674432621 1.0 1.0 
55704.07300423412 0 0.00859520081799435 1.0 1.0 
56420.14211773081 0 0.006756230432480215 1.0 1.0 
55794.89900657162 0 0.005442982566408412 1.0 1.0 
55100.8364222832 0 0.00501465685715779 1.0 1.0 
55703.21817108663 0 0.007065766080991832 1.0 1.0 
55705.01019632258 0 0.008443625335128262 1.0 1.0 
56124.97142190346 0 0.0077109869835611045 1.0 1.0 
56053.1539714695 0 0.00978382892130607 1.0 1.0 
55036.93784828484 0 0.0062871308430054815 1.0 1.0 
57201.02465570113 0 0.010058950285266826 1.0 1.0 
55704.1267651394 0 0.007147651923071351 1.0 1.0 
56038.22272720654 0 0.006278374213441911 1.0 1.0 
55703.16791243758 0 0.004672759559870021 1.0 1.0 
55036.94303170079 0 0.006737055397390581 1.0 1.0 
55704.05979928793 0 0.009754003176856922 1.0 1.0 
55079.87961221859 0 0.0041198752738955185 1.0 1.0 
55703.19261165475 0 0.007721200637169722 1.0 1.0 
56038.2175421617 0 0.007292980252638275 1.0 1.0 
55703.16197183449 0 0.00585401453784041 1.0 1.0 
56829.03030343167 0 0.0059989598143127655 1.0 1.0 
55705.06218915619 0 0.01337754120466099 1.0 1.0 
56463.03599032806 0 0.003316065708845354 1.0 1.0 
56878.90500203194 0 0.0040789150452295265 1.0 1.0 
56069.12695753668 0 0.007684028926258453 1.0 1.0 
57173.16457524477 0 0.005644693099487858 1.0 1.0 
55079.89490841841 0 0.004700730803948192 1.0 1.0 
55291.20616104594 0 0.0038718276572667245 1.0 1.0 
56111.07883945759 0 0.007570289187112123 1.0 1.0 
57171.18743923819 0 0.0075932005294175285 1.0 1.0 
56512.87493852992 0 0.006868434233211176 1.0 1.0 
57172.1426298595 0 0.007588077034643872 1.0 1.0 
56038.22747532092 0 0.005658039563098505 1.0 1.0 
56145.94305416802 0 0.007708557818627103 1.0 1.0 
57137.20117573161 0 0.007539859217712917 1.0 1.0 
56808.10894727055 0 0.007702860537130422 1.0 1.0 
55747.99740143353 0 0.01159619189496042 1.0 1.0 
55342.16706357617 0 0.004543935592369345 1.0 1.0 
56461.02788491175 0 0.005107279153887857 1.0 1.0 

3246 1349 0.648 31

5 70 1
5 100 1
