9_Sgr/masterHeII4200.obs 8.3412 8.3444 
57634.01186246 0 0.004995413374815868 1.0 1.0 
54267.23134033 0 0.013373985872210755 1.0 1.0 
53226.13696852 0 0.004401150935917389 1.0 1.0 
54212.32362779 0 0.003826133958660954 1.0 1.0 
53664.02864109 0 0.003884234828341992 1.0 1.0 
53196.0856086 0 0.004142773622935417 1.0 1.0 
54267.22913349 0 0.0037502257214910855 1.0 1.0 
54274.3666627 0 0.00926363237639139 1.0 1.0 
54267.22694703 0 0.007284419784891182 1.0 1.0 
53226.1393315 0 0.0030265912964617244 1.0 1.0 
54210.43373541 0 0.00382017227514719 1.0 1.0 
53509.38299104 0 0.0030045443120798325 1.0 1.0 
53226.13460523 0 0.00391151489929264 1.0 1.0 
56052.43052562 0 0.0019410026680141746 1.0 1.0 
54210.43620892 0 0.003380011318366247 1.0 1.0 
53196.08796559 0 0.004520892770394459 1.0 1.0 
54274.36227775 0 0.009321380944788304 1.0 1.0 
54274.36445773 0 0.009747414116960148 1.0 1.0 
54212.32580998 0 0.0030399256842671796 1.0 1.0 
53509.38536159 0 0.002616795806300879 1.0 1.0 
54212.32801044 0 0.004050009082447129 1.0 1.0 
54540.33075785 0 0.0023991216226573174 1.0 1.0 
54540.32985582 0 0.003998218240178313 1.0 1.0 
54905.31895496 0 0.0028969017673729134 1.0 1.0 
54765.0275085 0 0.0037553767423776697 1.0 1.0 
55478.04059615 0 0.003842826102774568 1.0 1.0 
54378.00128741 0 0.003151135087411953 1.0 1.0 
54540.32895216 0 0.004422639685957726 1.0 1.0 
54765.02931164 0 0.003211967737032177 1.0 1.0 
54540.33166186 0 0.003889708178911514 1.0 1.0 
54905.31714625 0 0.0033599434722587085 1.0 1.0 
54377.99858025 0 0.00394733044425761 1.0 1.0 
54765.02840996 0 0.00551549935520448 1.0 1.0 
54905.31804979 0 0.0034219508180425955 1.0 1.0 
54905.3207595 0 0.004197932854843541 1.0 1.0 
55284.39724407 0 0.0024646100067929034 1.0 1.0 
54378.00038225 0 0.0015644736403878949 1.0 1.0 
54540.32804711 0 0.0028039173527836256 1.0 1.0 
55668.40413618 0 0.00265754558673635 1.0 1.0 
54765.02660982 0 0.0037773796821502074 1.0 1.0 
54905.31985792 0 0.0035908094949159684 1.0 1.0 
52102.21067701 0 0.0066809179415642005 1.0 1.0 
55622.33848821 0 0.005675020052586512 1.0 1.0 
52102.2115554 0 0.004792431360809334 1.0 1.0 
54377.99948194 0 0.0031540638508670876 1.0 1.0 
54378.00219292 0 0.00293050046228202 1.0 1.0 
54941.40641795 0 0.0034936141216365315 1.0 1.0 
54765.02570732 0 0.0046333463898288775 1.0 1.0 
55749.94224663591 0 0.009046056822822696 1.0 1.0 
55789.90123368567 0 0.0078896124259119 1.0 1.0 
55704.15349065326 0 0.009317891637311249 1.0 1.0 
57236.94856970105 0 0.004365433018764517 1.0 1.0 
56125.98871714668 0 0.005227977515910094 1.0 1.0 
57156.13580333814 0 0.004881692315345289 1.0 1.0 
55376.97298829863 0 0.004395896280722616 1.0 1.0 
55660.20253368607 0 0.004936834398611299 1.0 1.0 
55727.01305402257 0 0.0061332338419708725 1.0 1.0 
55334.14972601831 0 0.004344843071147555 1.0 1.0 
56845.92308296263 0 0.01312588360770704 1.0 1.0 
56899.89048059145 0 0.006011484150772925 1.0 1.0 
55429.876184016 0 0.0035137474177491038 1.0 1.0 
55769.01137676276 0 0.0064778311792184845 1.0 1.0 
54995.08700000122 0 0.005890046091533548 1.0 1.0 
55016.96808076976 0 0.0033036287892048203 1.0 1.0 
55703.15598474862 0 0.007047824925969424 1.0 1.0 
55704.10669014696 0 0.009195168023973995 1.0 1.0 
55704.17565416684 0 0.006014524573592706 1.0 1.0 
56877.93508164724 0 0.0059281228160067865 1.0 1.0 
55684.15896322997 0 0.00710440950992077 1.0 1.0 
55016.96049708035 0 0.005103245461496846 1.0 1.0 
56389.20925462805 0 0.004817933571747883 1.0 1.0 
55703.15059237415 0 0.004804365603595069 1.0 1.0 
55704.07300423412 0 0.009983734556830028 1.0 1.0 
56420.14211773081 0 0.006660358568033973 1.0 1.0 
55794.89900657162 0 0.006836441869843976 1.0 1.0 
55100.8364222832 0 0.005461456429450089 1.0 1.0 
55703.21817108663 0 0.006685448637456153 1.0 1.0 
55705.01019632258 0 0.010728869678032205 1.0 1.0 
56124.97142190346 0 0.00734466063071392 1.0 1.0 
56053.1539714695 0 0.008927657402629218 1.0 1.0 
55036.93784828484 0 0.008144385814943473 1.0 1.0 
57201.02465570113 0 0.00877373332615299 1.0 1.0 
55704.1267651394 0 0.005870857995768483 1.0 1.0 
56038.22272720654 0 0.007333591727617825 1.0 1.0 
55703.16791243758 0 0.006279863176477381 1.0 1.0 
55036.94303170079 0 0.012393570810680217 1.0 1.0 
55704.05979928793 0 0.008211663306310034 1.0 1.0 
55079.87961221859 0 0.0023126187632560237 1.0 1.0 
55703.19261165475 0 0.006646620888547188 1.0 1.0 
56038.2175421617 0 0.009035046493728764 1.0 1.0 
55703.16197183449 0 0.008131603632384962 1.0 1.0 
56829.03030343167 0 0.006452027104943636 1.0 1.0 
55705.06218915619 0 0.028157455477366967 1.0 1.0 
56463.03599032806 0 0.008091164366474337 1.0 1.0 
56878.90500203194 0 0.005913641917592263 1.0 1.0 
56069.12695753668 0 0.009317033077910734 1.0 1.0 
57173.16457524477 0 0.007836162553516832 1.0 1.0 
55079.89490841841 0 0.0026912186142629174 1.0 1.0 
55291.20616104594 0 0.003739559551059331 1.0 1.0 
56111.07883945759 0 0.007465121718955432 1.0 1.0 
57171.18743923819 0 0.007482408020210304 1.0 1.0 
56512.87493852992 0 0.0060325536523056075 1.0 1.0 
57172.1426298595 0 0.01207760460181311 1.0 1.0 
56038.22747532092 0 0.009334705492425828 1.0 1.0 
56145.94305416802 0 0.0072669261630600055 1.0 1.0 
57137.20117573161 0 0.009725544628571045 1.0 1.0 
56808.10894727055 0 0.006643840414633953 1.0 1.0 
55747.99740143353 0 0.013557385818370436 1.0 1.0 
55342.16706357617 0 0.003898552374715907 1.0 1.0 
56461.02788491175 0 0.006136753994880135 1.0 1.0 

3246 1349 0.648 31

10 60 1
10 80 1
