9_Sgr/masterHeII4541.obs 8.4195 8.4226 
57634.01186246 0 0.0044708645982590115 1.0 1.0 
54267.23134033 0 0.004765361802116929 1.0 1.0 
53226.13696852 0 0.004011654834922316 1.0 1.0 
54212.32362779 0 0.004457162720051528 1.0 1.0 
53664.02864109 0 0.005329030332886353 1.0 1.0 
53196.0856086 0 0.00390800107987552 1.0 1.0 
54267.22913349 0 0.007785024086525078 1.0 1.0 
54274.3666627 0 0.00833624573546199 1.0 1.0 
54267.22694703 0 0.0035556126559735126 1.0 1.0 
53226.1393315 0 0.0026793182969316928 1.0 1.0 
54210.43373541 0 0.0028735223288026334 1.0 1.0 
53509.38299104 0 0.0020700795975031774 1.0 1.0 
53226.13460523 0 0.0034197172198544403 1.0 1.0 
56052.43052562 0 0.0022636390354120036 1.0 1.0 
54210.43620892 0 0.002728294254686138 1.0 1.0 
53196.08796559 0 0.0048826283248310605 1.0 1.0 
54274.36227775 0 0.005371755975740707 1.0 1.0 
54274.36445773 0 0.0040662985917237415 1.0 1.0 
54212.32580998 0 0.005142622002011322 1.0 1.0 
53509.38536159 0 0.003064963235173666 1.0 1.0 
54212.32801044 0 0.0047152231082118355 1.0 1.0 
54540.33075785 0 0.003325530580214573 1.0 1.0 
54540.32985582 0 0.003161156686855967 1.0 1.0 
54905.31895496 0 0.0037510739593089888 1.0 1.0 
54765.0275085 0 0.0036286059027761447 1.0 1.0 
55478.04059615 0 0.003747840700972754 1.0 1.0 
54378.00128741 0 0.004196191416498632 1.0 1.0 
54540.32895216 0 0.0034415998406110686 1.0 1.0 
54765.02931164 0 0.0037660076006018717 1.0 1.0 
54540.33166186 0 0.003613416764731909 1.0 1.0 
54905.31714625 0 0.0031224571352723622 1.0 1.0 
54377.99858025 0 0.00434332078808861 1.0 1.0 
54765.02840996 0 0.004503106295970547 1.0 1.0 
54905.31804979 0 0.002434387672648322 1.0 1.0 
54905.3207595 0 0.003987368747094591 1.0 1.0 
55284.39724407 0 0.003848376253454294 1.0 1.0 
54378.00038225 0 0.004188001564424384 1.0 1.0 
54540.32804711 0 0.003108606229723311 1.0 1.0 
55668.40413618 0 0.0027219217899260104 1.0 1.0 
54765.02660982 0 0.0047133795539075415 1.0 1.0 
54905.31985792 0 0.003878612173743716 1.0 1.0 
52102.21067701 0 0.004280795214116148 1.0 1.0 
55622.33848821 0 0.004823011171933684 1.0 1.0 
52102.2115554 0 0.003765480714924848 1.0 1.0 
54377.99948194 0 0.004263107980384541 1.0 1.0 
54378.00219292 0 0.004882643897835335 1.0 1.0 
54941.40641795 0 0.004255628882266986 1.0 1.0 
54765.02570732 0 0.005459255997360043 1.0 1.0 
55749.94224663591 0 0.0066347346407402375 1.0 1.0 
55789.90123368567 0 0.008045816788692317 1.0 1.0 
55704.15349065326 0 0.005428012701435259 1.0 1.0 
57236.94856970105 0 0.004627845384720645 1.0 1.0 
56125.98871714668 0 0.007115145007951762 1.0 1.0 
57156.13580333814 0 0.005889562448601643 1.0 1.0 
55376.97298829863 0 0.004480595672730423 1.0 1.0 
55660.20253368607 0 0.005368264415173053 1.0 1.0 
55727.01305402257 0 0.004872396240699304 1.0 1.0 
55334.14972601831 0 0.004784063057872309 1.0 1.0 
56845.92308296263 0 0.00990548673793659 1.0 1.0 
56899.89048059145 0 0.0030226195678699414 1.0 1.0 
55429.876184016 0 0.0019898678029165325 1.0 1.0 
55769.01137676276 0 0.005572516691273054 1.0 1.0 
54995.08700000122 0 0.004603804977829453 1.0 1.0 
55016.96808076976 0 0.004243738181294902 1.0 1.0 
55703.15598474862 0 0.005540910310816789 1.0 1.0 
55704.10669014696 0 0.006536199648927771 1.0 1.0 
55704.17565416684 0 0.009340430269348172 1.0 1.0 
56877.93508164724 0 0.005887236046635529 1.0 1.0 
55684.15896322997 0 0.003077691720156188 1.0 1.0 
55016.96049708035 0 0.004667764527460496 1.0 1.0 
56389.20925462805 0 0.003946547315685698 1.0 1.0 
55703.15059237415 0 0.006470154156126082 1.0 1.0 
55704.07300423412 0 0.007997624736458937 1.0 1.0 
56420.14211773081 0 0.007388721376621924 1.0 1.0 
55794.89900657162 0 0.0033983848552334734 1.0 1.0 
55100.8364222832 0 0.007144723559733222 1.0 1.0 
55703.21817108663 0 0.00624641292699925 1.0 1.0 
55705.01019632258 0 0.009229164336156165 1.0 1.0 
56124.97142190346 0 0.006592264662137134 1.0 1.0 
56053.1539714695 0 0.0064454715240892775 1.0 1.0 
55036.93784828484 0 0.009093644631910572 1.0 1.0 
57201.02465570113 0 0.006228011523328953 1.0 1.0 
55704.1267651394 0 0.003285847409575178 1.0 1.0 
56038.22272720654 0 0.007167954680005046 1.0 1.0 
55703.16791243758 0 0.004991783704337729 1.0 1.0 
55036.94303170079 0 0.008660697129078668 1.0 1.0 
55704.05979928793 0 0.008061893904000776 1.0 1.0 
55079.87961221859 0 0.0033838308500141684 1.0 1.0 
55703.19261165475 0 0.006505683317939243 1.0 1.0 
56038.2175421617 0 0.00752314293214545 1.0 1.0 
55703.16197183449 0 0.005792443073740655 1.0 1.0 
56829.03030343167 0 0.006263727319213373 1.0 1.0 
55705.06218915619 0 0.028042942725465276 1.0 1.0 
56463.03599032806 0 0.005103615271318995 1.0 1.0 
56878.90500203194 0 0.004901064621012014 1.0 1.0 
56069.12695753668 0 0.008098834341680359 1.0 1.0 
57173.16457524477 0 0.006155348314761701 1.0 1.0 
55079.89490841841 0 0.0033750446627009404 1.0 1.0 
55291.20616104594 0 0.003986284930985511 1.0 1.0 
56111.07883945759 0 0.0075840565585489645 1.0 1.0 
57171.18743923819 0 0.006517670918902221 1.0 1.0 
56512.87493852992 0 0.003618484259342317 1.0 1.0 
57172.1426298595 0 0.00701999512651379 1.0 1.0 
56038.22747532092 0 0.00570612297342185 1.0 1.0 
56145.94305416802 0 0.0041482416923823906 1.0 1.0 
57137.20117573161 0 0.005421154529111146 1.0 1.0 
56808.10894727055 0 0.00666378498069948 1.0 1.0 
55747.99740143353 0 0.011088107818422715 1.0 1.0 
55342.16706357617 0 0.00386480681609063 1.0 1.0 
56461.02788491175 0 0.006078804548266668 1.0 1.0 

3246 1349 0.648 31

10 60 1
10 80 1
