9_Sgr/masterHgamma.obs 8.373 8.3785 
57634.01186246 0 0.00587960768625462 1.0 1.0 1.0 
54267.23134033 0 0.006023372883170455 1.0 1.0 1.0 
53226.13696852 0 0.005125091281001522 1.0 1.0 1.0 
54212.32362779 0 0.003668936305695789 1.0 1.0 1.0 
53664.02864109 0 0.002623535690580332 1.0 1.0 1.0 
53196.0856086 0 0.003947149679260377 1.0 1.0 1.0 
54267.22913349 0 0.007338485915554898 1.0 1.0 1.0 
54274.3666627 0 0.010966718457659633 1.0 1.0 1.0 
54267.22694703 0 0.008515377601394869 1.0 1.0 1.0 
53226.1393315 0 0.003965251015766435 1.0 1.0 1.0 
54210.43373541 0 0.0026292608863180424 1.0 1.0 1.0 
53509.38299104 0 0.0026548834378554583 1.0 1.0 1.0 
53226.13460523 0 0.0023716919871089584 1.0 1.0 1.0 
56052.43052562 0 0.004561562722344898 1.0 1.0 1.0 
54210.43620892 0 0.0022875275866668103 1.0 1.0 1.0 
53196.08796559 0 0.0031033923173067225 1.0 1.0 1.0 
54274.36227775 0 0.009969605146003613 1.0 1.0 1.0 
54274.36445773 0 0.004044242956023071 1.0 1.0 1.0 
54212.32580998 0 0.0041282973950964846 1.0 1.0 1.0 
53509.38536159 0 0.0024630349754511107 1.0 1.0 1.0 
54212.32801044 0 0.005200935784840693 1.0 1.0 1.0 
54540.33075785 0 0.003674739461115837 1.0 1.0 1.0 
54540.32985582 0 0.003949525190302742 1.0 1.0 1.0 
54905.31895496 0 0.002586530160869835 1.0 1.0 1.0 
54765.0275085 0 0.007016787854776448 1.0 1.0 1.0 
55478.04059615 0 0.0037993749756555307 1.0 1.0 1.0 
54378.00128741 0 0.0026368198043215324 1.0 1.0 1.0 
54540.32895216 0 0.003273087153202293 1.0 1.0 1.0 
54765.02931164 0 0.0045220175153212385 1.0 1.0 1.0 
54540.33166186 0 0.003993117557385425 1.0 1.0 1.0 
54905.31714625 0 0.0031992896065558356 1.0 1.0 1.0 
54377.99858025 0 0.003901810441184786 1.0 1.0 1.0 
54765.02840996 0 0.004004319566418512 1.0 1.0 1.0 
54905.31804979 0 0.002542506451258264 1.0 1.0 1.0 
54905.3207595 0 0.0025042369617582737 1.0 1.0 1.0 
55284.39724407 0 0.003200472905033534 1.0 1.0 1.0 
54378.00038225 0 0.002961273143480077 1.0 1.0 1.0 
54540.32804711 0 0.005021856946828835 1.0 1.0 1.0 
55668.40413618 0 0.0029691853978811595 1.0 1.0 1.0 
54765.02660982 0 0.004999576266690883 1.0 1.0 1.0 
54905.31985792 0 0.002579663533364353 1.0 1.0 1.0 
52102.21067701 0 0.006335276589022193 1.0 1.0 1.0 
55622.33848821 0 0.005850615865938787 1.0 1.0 1.0 
52102.2115554 0 0.004085616037126556 1.0 1.0 1.0 
54377.99948194 0 0.0034628160333925696 1.0 1.0 1.0 
54378.00219292 0 0.0032688968401435345 1.0 1.0 1.0 
54941.40641795 0 0.0036029936095372255 1.0 1.0 1.0 
54765.02570732 0 0.0066153174785650954 1.0 1.0 1.0 
55749.94224663591 0 0.012300517399980247 1.0 1.0 1.0 
55789.90123368567 0 0.010262880694056228 1.0 1.0 1.0 
55704.15349065326 0 0.007974156165662709 1.0 1.0 1.0 
57236.94856970105 0 0.0039438653638762654 1.0 1.0 1.0 
56125.98871714668 0 0.008353131747832315 1.0 1.0 1.0 
57156.13580333814 0 0.005815016249419296 1.0 1.0 1.0 
55376.97298829863 0 0.0035718572724260256 1.0 1.0 1.0 
55660.20253368607 0 0.006704264773907169 1.0 1.0 1.0 
55727.01305402257 0 0.005760431601308099 1.0 1.0 1.0 
55334.14972601831 0 0.002826693745737732 1.0 1.0 1.0 
56845.92308296263 0 0.012281714422732003 1.0 1.0 1.0 
56899.89048059145 0 0.006087133978126123 1.0 1.0 1.0 
55429.876184016 0 0.0023132523137384623 1.0 1.0 1.0 
55769.01137676276 0 0.010429081903411769 1.0 1.0 1.0 
54995.08700000122 0 0.008727535146942038 1.0 1.0 1.0 
55016.96808076976 0 0.003418115430234633 1.0 1.0 1.0 
55703.15598474862 0 0.0066856704576780035 1.0 1.0 1.0 
55704.10669014696 0 0.007009524892548953 1.0 1.0 1.0 
55704.17565416684 0 0.006391021918919105 1.0 1.0 1.0 
56877.93508164724 0 0.004436778943978438 1.0 1.0 1.0 
55684.15896322997 0 0.0070766163209805884 1.0 1.0 1.0 
55016.96049708035 0 0.0065908397675826244 1.0 1.0 1.0 
56389.20925462805 0 0.004204280890052363 1.0 1.0 1.0 
55703.15059237415 0 0.007081308778223036 1.0 1.0 1.0 
55704.07300423412 0 0.010938264462106669 1.0 1.0 1.0 
56420.14211773081 0 0.005635914341559239 1.0 1.0 1.0 
55794.89900657162 0 0.006379669443144703 1.0 1.0 1.0 
55100.8364222832 0 0.003862787261043954 1.0 1.0 1.0 
55703.21817108663 0 0.007626586333818788 1.0 1.0 1.0 
55705.01019632258 0 0.01244969217202662 1.0 1.0 1.0 
56124.97142190346 0 0.006263865648258638 1.0 1.0 1.0 
56053.1539714695 0 0.009946211385494445 1.0 1.0 1.0 
55036.93784828484 0 0.010687961328008458 1.0 1.0 1.0 
57201.02465570113 0 0.007433603703453218 1.0 1.0 1.0 
55704.1267651394 0 0.0075308844080173515 1.0 1.0 1.0 
56038.22272720654 0 0.008415314396110372 1.0 1.0 1.0 
55703.16791243758 0 0.004934951861846757 1.0 1.0 1.0 
55036.94303170079 0 0.010650035485113472 1.0 1.0 1.0 
55704.05979928793 0 0.011509567948973995 1.0 1.0 1.0 
55079.87961221859 0 0.004190419839250058 1.0 1.0 1.0 
55703.19261165475 0 0.006941990582246398 1.0 1.0 1.0 
56038.2175421617 0 0.007932473812985745 1.0 1.0 1.0 
55703.16197183449 0 0.005974956588628575 1.0 1.0 1.0 
56829.03030343167 0 0.005608278166474392 1.0 1.0 1.0 
55705.06218915619 0 0.02581577718578 1.0 1.0 1.0 
56463.03599032806 0 0.00557046896508032 1.0 1.0 1.0 
56878.90500203194 0 0.0067001310078470735 1.0 1.0 1.0 
56069.12695753668 0 0.00947751497897432 1.0 1.0 1.0 
57173.16457524477 0 0.009312553442853685 1.0 1.0 1.0 
55079.89490841841 0 0.0044087326947110286 1.0 1.0 1.0 
55291.20616104594 0 0.0038450566368093647 1.0 1.0 1.0 
56111.07883945759 0 0.01066897389509537 1.0 1.0 1.0 
57171.18743923819 0 0.008545332906755547 1.0 1.0 1.0 
56512.87493852992 0 0.006036802056139967 1.0 1.0 1.0 
57172.1426298595 0 0.011370975293409375 1.0 1.0 1.0 
56038.22747532092 0 0.00674623092337629 1.0 1.0 1.0 
56145.94305416802 0 0.006786458975899551 1.0 1.0 1.0 
57137.20117573161 0 0.008125888422505676 1.0 1.0 1.0 
56808.10894727055 0 0.004934086165796455 1.0 1.0 1.0 
55747.99740143353 0 0.01278361196202626 1.0 1.0 1.0 
55342.16706357617 0 0.005660161255130464 1.0 1.0 1.0 
56461.02788491175 0 0.007718247827851592 1.0 1.0 1.0 

1 1 0 0 0 0 
3246 1349 0.648 31 0

11 55 1
25 70 1
