9_Sgr/masterHzeta.obs 8.263 8.2685 
57634.01186246 0 0.010367051120756646 1.0 1.0 
54267.23134033 0 0.011067172831935614 1.0 1.0 
53226.13696852 0 0.009697358210382312 1.0 1.0 
54212.32362779 0 0.005809228042408633 1.0 1.0 
53664.02864109 0 0.0067140204320450154 1.0 1.0 
53196.0856086 0 0.005290450718113357 1.0 1.0 
54267.22913349 0 0.017154679718052023 1.0 1.0 
54274.3666627 0 0.03480757394572269 1.0 1.0 
54267.22694703 0 0.02186971668361066 1.0 1.0 
53226.1393315 0 0.007117417077840124 1.0 1.0 
54210.43373541 0 0.006442323692378378 1.0 1.0 
53509.38299104 0 0.005537444303591662 1.0 1.0 
53226.13460523 0 0.007496707709719978 1.0 1.0 
56052.43052562 0 0.005147293745587893 1.0 1.0 
54210.43620892 0 0.006130526445874179 1.0 1.0 
53196.08796559 0 0.0036736733429702526 1.0 1.0 
54274.36227775 0 0.016241626318208364 1.0 1.0 
54274.36445773 0 0.01082617117546447 1.0 1.0 
54212.32580998 0 0.006564042642142563 1.0 1.0 
53509.38536159 0 0.004360149194842235 1.0 1.0 
54212.32801044 0 0.006693164673539206 1.0 1.0 
54540.33075785 0 0.004098926631816113 1.0 1.0 
54540.32985582 0 0.005073217775375859 1.0 1.0 
54905.31895496 0 0.0028627224103526623 1.0 1.0 
54765.0275085 0 0.004618984297265632 1.0 1.0 
55478.04059615 0 0.003729994249626469 1.0 1.0 
54378.00128741 0 0.003500851306923124 1.0 1.0 
54540.32895216 0 0.003711356857942575 1.0 1.0 
54765.02931164 0 0.0038018994428202515 1.0 1.0 
54540.33166186 0 0.002992073980929761 1.0 1.0 
54905.31714625 0 0.0029062529432082877 1.0 1.0 
54377.99858025 0 0.0032771368810874837 1.0 1.0 
54765.02840996 0 0.005022498433919309 1.0 1.0 
54905.31804979 0 0.004017298011145037 1.0 1.0 
54905.3207595 0 0.002623585495547757 1.0 1.0 
55284.39724407 0 0.0034962751614120054 1.0 1.0 
54378.00038225 0 0.002970304660010147 1.0 1.0 
54540.32804711 0 0.003259774883982391 1.0 1.0 
55668.40413618 0 0.0033223256504494917 1.0 1.0 
54765.02660982 0 0.004720705751833666 1.0 1.0 
54905.31985792 0 0.0038256146951176455 1.0 1.0 
52102.21067701 0 0.004766367118090242 1.0 1.0 
55622.33848821 0 0.006778811526460457 1.0 1.0 
52102.2115554 0 0.0044342629380860485 1.0 1.0 
54377.99948194 0 0.0029381915812637664 1.0 1.0 
54378.00219292 0 0.0026117208593604904 1.0 1.0 
54941.40641795 0 0.0029650916796640165 1.0 1.0 
54765.02570732 0 0.006420096987422119 1.0 1.0 
55749.94224663591 0 0.01852453760738244 1.0 1.0 
55789.90123368567 0 0.023110966262545045 1.0 1.0 
55704.15349065326 0 0.02132477802035301 1.0 1.0 
57236.94856970105 0 0.010946114281779976 1.0 1.0 
56125.98871714668 0 0.01649835199791275 1.0 1.0 
57156.13580333814 0 0.0177796334461327 1.0 1.0 
55376.97298829863 0 0.007685027077990495 1.0 1.0 
55660.20253368607 0 0.01853361889960807 1.0 1.0 
55727.01305402257 0 0.014541050698815517 1.0 1.0 
55334.14972601831 0 0.00848546830867983 1.0 1.0 
56845.92308296263 0 0.03328135173445383 1.0 1.0 
56899.89048059145 0 0.015571863097014272 1.0 1.0 
55429.876184016 0 0.012901884878797768 1.0 1.0 
55769.01137676276 0 0.02289159436128999 1.0 1.0 
54995.08700000122 0 0.013022602257333033 1.0 1.0 
55016.96808076976 0 0.008481551494804842 1.0 1.0 
55703.15598474862 0 0.01411127767564404 1.0 1.0 
55704.10669014696 0 0.02047325482623685 1.0 1.0 
55704.17565416684 0 0.020139983665559583 1.0 1.0 
56877.93508164724 0 0.01211504367100013 1.0 1.0 
55684.15896322997 0 0.014548746597616279 1.0 1.0 
55016.96049708035 0 0.010599226360117075 1.0 1.0 
56389.20925462805 0 0.007039370206577394 1.0 1.0 
55703.15059237415 0 0.012532538772513077 1.0 1.0 
55704.07300423412 0 0.019207443185748924 1.0 1.0 
56420.14211773081 0 0.017518630429768242 1.0 1.0 
55794.89900657162 0 0.017371000835303664 1.0 1.0 
55100.8364222832 0 0.014704838118174126 1.0 1.0 
55703.21817108663 0 0.01746215791829999 1.0 1.0 
55705.01019632258 0 0.03270148518285201 1.0 1.0 
56124.97142190346 0 0.02080460355591469 1.0 1.0 
56053.1539714695 0 0.018521708182180397 1.0 1.0 
55036.93784828484 0 0.032789799119454906 1.0 1.0 
57201.02465570113 0 0.01873974597205017 1.0 1.0 
55704.1267651394 0 0.011977090014519713 1.0 1.0 
56038.22272720654 0 0.021672259987276697 1.0 1.0 
55703.16791243758 0 0.012287765372403673 1.0 1.0 
55036.94303170079 0 0.018138418471940948 1.0 1.0 
55704.05979928793 0 0.022020813028493135 1.0 1.0 
55079.87961221859 0 0.011859247670927104 1.0 1.0 
55703.19261165475 0 0.012711312621011904 1.0 1.0 
56038.2175421617 0 0.016478280398511055 1.0 1.0 
55703.16197183449 0 0.016135885217715477 1.0 1.0 
56829.03030343167 0 0.01942997147348153 1.0 1.0 
55705.06218915619 0 0.05189491575064345 1.0 1.0 
56463.03599032806 0 0.014249446075754365 1.0 1.0 
56878.90500203194 0 0.012664560839025714 1.0 1.0 
56069.12695753668 0 0.016099116656498918 1.0 1.0 
57173.16457524477 0 0.017627048509129835 1.0 1.0 
55079.89490841841 0 0.00895062886331848 1.0 1.0 
55291.20616104594 0 0.01113427056637169 1.0 1.0 
56111.07883945759 0 0.023711284314699592 1.0 1.0 
57171.18743923819 0 0.021578688178721262 1.0 1.0 
56512.87493852992 0 0.01614072890261388 1.0 1.0 
57172.1426298595 0 0.021887716315376768 1.0 1.0 
56038.22747532092 0 0.015111210761545521 1.0 1.0 
56145.94305416802 0 0.015906084027916913 1.0 1.0 
57137.20117573161 0 0.01624575669613888 1.0 1.0 
56808.10894727055 0 0.017076451283553513 1.0 1.0 
55747.99740143353 0 0.025338280803271013 1.0 1.0 
55342.16706357617 0 0.012287970569806963 1.0 1.0 
56461.02788491175 0 0.010777486081536853 1.0 1.0 

3246 1349 0.648 31

10 60 1
10 80 1
