9_Sgr/masterNV4604+4620.obs 8.4338 8.439 
57634.01186246 0 0.004351408945047764 1.0 1.0 
54267.23134033 0 0.0049724971479449785 1.0 1.0 
53226.13696852 0 0.00372229862320444 1.0 1.0 
54212.32362779 0 0.004456133463587198 1.0 1.0 
53664.02864109 0 0.004718519720010342 1.0 1.0 
53196.0856086 0 0.0036489987806684596 1.0 1.0 
54267.22913349 0 0.0028444254558788527 1.0 1.0 
54274.3666627 0 0.006673357934408981 1.0 1.0 
54267.22694703 0 0.00925495716778299 1.0 1.0 
53226.1393315 0 0.004663824154165444 1.0 1.0 
54210.43373541 0 0.0028473661386417 1.0 1.0 
53509.38299104 0 0.0024353168400851073 1.0 1.0 
53226.13460523 0 0.00490229636507498 1.0 1.0 
56052.43052562 0 0.002096651815178468 1.0 1.0 
54210.43620892 0 0.0038126985257337007 1.0 1.0 
53196.08796559 0 0.0028842422180244327 1.0 1.0 
54274.36227775 0 0.004374236660483622 1.0 1.0 
54274.36445773 0 0.005280802244840704 1.0 1.0 
54212.32580998 0 0.006152463073752774 1.0 1.0 
53509.38536159 0 0.0018279279686774842 1.0 1.0 
54212.32801044 0 0.002234651897688043 1.0 1.0 
54540.33075785 0 0.004009755108010818 1.0 1.0 
54540.32985582 0 0.004301855241468237 1.0 1.0 
54905.31895496 0 0.00308277333229064 1.0 1.0 
54765.0275085 0 0.0035632225161680974 1.0 1.0 
55478.04059615 0 0.003756711768535485 1.0 1.0 
54378.00128741 0 0.002880514910115985 1.0 1.0 
54540.32895216 0 0.006412004180773192 1.0 1.0 
54765.02931164 0 0.004642958702814087 1.0 1.0 
54540.33166186 0 0.0031912502187485506 1.0 1.0 
54905.31714625 0 0.003537597720295289 1.0 1.0 
54377.99858025 0 0.0032304099077033756 1.0 1.0 
54765.02840996 0 0.004095187089187167 1.0 1.0 
54905.31804979 0 0.0027550813566480856 1.0 1.0 
54905.3207595 0 0.0025836004547302857 1.0 1.0 
55284.39724407 0 0.0028968884599108054 1.0 1.0 
54378.00038225 0 0.0035233870656255968 1.0 1.0 
54540.32804711 0 0.004028561850668158 1.0 1.0 
55668.40413618 0 0.002626676801634942 1.0 1.0 
54765.02660982 0 0.005046052845704824 1.0 1.0 
54905.31985792 0 0.0023798568770897403 1.0 1.0 
52102.21067701 0 0.005434465807018354 1.0 1.0 
55622.33848821 0 0.004630908009088814 1.0 1.0 
52102.2115554 0 0.004025705914157156 1.0 1.0 
54377.99948194 0 0.0026410093112231065 1.0 1.0 
54378.00219292 0 0.0031744369340245895 1.0 1.0 
54941.40641795 0 0.004137860560105406 1.0 1.0 
54765.02570732 0 0.005287252211922718 1.0 1.0 
55749.94224663591 0 0.009182133537242997 1.0 1.0 
55789.90123368567 0 0.006245577232098253 1.0 1.0 
55704.15349065326 0 0.006245432059915473 1.0 1.0 
57236.94856970105 0 0.004413062374630262 1.0 1.0 
56125.98871714668 0 0.005841179229779672 1.0 1.0 
57156.13580333814 0 0.007385678723897049 1.0 1.0 
55376.97298829863 0 0.0025800755414438674 1.0 1.0 
55660.20253368607 0 0.006051140496430932 1.0 1.0 
55727.01305402257 0 0.005790348230698023 1.0 1.0 
55334.14972601831 0 0.0032657616786526808 1.0 1.0 
56845.92308296263 0 0.015486328016577105 1.0 1.0 
56899.89048059145 0 0.003899147961442336 1.0 1.0 
55429.876184016 0 0.004600884396286628 1.0 1.0 
55769.01137676276 0 0.009161193537656055 1.0 1.0 
54995.08700000122 0 0.0070591377432497535 1.0 1.0 
55016.96808076976 0 0.003514198608042754 1.0 1.0 
55703.15598474862 0 0.007317529860681887 1.0 1.0 
55704.10669014696 0 0.005983575602982768 1.0 1.0 
55704.17565416684 0 0.007894910407885213 1.0 1.0 
56877.93508164724 0 0.007123556685636955 1.0 1.0 
55684.15896322997 0 0.009434701073717104 1.0 1.0 
55016.96049708035 0 0.0031134930698589144 1.0 1.0 
56389.20925462805 0 0.004459072946830885 1.0 1.0 
55703.15059237415 0 0.006588209137020094 1.0 1.0 
55704.07300423412 0 0.007377028718831798 1.0 1.0 
56420.14211773081 0 0.008567376036515514 1.0 1.0 
55794.89900657162 0 0.005479723428570657 1.0 1.0 
55100.8364222832 0 0.005218170647104571 1.0 1.0 
55703.21817108663 0 0.006576183185271967 1.0 1.0 
55705.01019632258 0 0.016319580258396114 1.0 1.0 
56124.97142190346 0 0.009278351194772917 1.0 1.0 
56053.1539714695 0 0.006930312278969298 1.0 1.0 
55036.93784828484 0 0.01058826896765971 1.0 1.0 
57201.02465570113 0 0.00876493299024927 1.0 1.0 
55704.1267651394 0 0.010264949901727886 1.0 1.0 
56038.22272720654 0 0.008120507798015958 1.0 1.0 
55703.16791243758 0 0.006597274162810997 1.0 1.0 
55036.94303170079 0 0.010776863958082434 1.0 1.0 
55704.05979928793 0 0.009184300631631417 1.0 1.0 
55079.87961221859 0 0.004385465779826913 1.0 1.0 
55703.19261165475 0 0.006157415963464813 1.0 1.0 
56038.2175421617 0 0.010006642029276194 1.0 1.0 
55703.16197183449 0 0.0073507580114744115 1.0 1.0 
56829.03030343167 0 0.006510648321634003 1.0 1.0 
55705.06218915619 0 0.021187080029305617 1.0 1.0 
56463.03599032806 0 0.005810020503618584 1.0 1.0 
56878.90500203194 0 0.005267280645346391 1.0 1.0 
56069.12695753668 0 0.008032979884850541 1.0 1.0 
57173.16457524477 0 0.008076272168104573 1.0 1.0 
55079.89490841841 0 0.003374257140313346 1.0 1.0 
55291.20616104594 0 0.004889860970260282 1.0 1.0 
56111.07883945759 0 0.01171805431830974 1.0 1.0 
57171.18743923819 0 0.00871901179071328 1.0 1.0 
56512.87493852992 0 0.004465294499796912 1.0 1.0 
57172.1426298595 0 0.004219160168081645 1.0 1.0 
56038.22747532092 0 0.008735193528327202 1.0 1.0 
56145.94305416802 0 0.00576613341798222 1.0 1.0 
57137.20117573161 0 0.008323147368707304 1.0 1.0 
56808.10894727055 0 0.008379013012666038 1.0 1.0 
55747.99740143353 0 0.015651999785657077 1.0 1.0 
55342.16706357617 0 0.00349326819298864 1.0 1.0 
56461.02788491175 0 0.005644146601376848 1.0 1.0 

3246 1349 0.648 31

5 70 1
5 100 1
