9_Sgr/masterOIII5592.obs 8.6281 8.63 
57634.01186246 0 0.0037948051386774775 1.0 1.0 
54267.23134033 0 0.007046315644244834 1.0 1.0 
53226.13696852 0 0.0033858041801135648 1.0 1.0 
54212.32362779 0 0.0031233365185903495 1.0 1.0 
53664.02864109 0 0.0030847471094186452 1.0 1.0 
53196.0856086 0 0.0043547144261301745 1.0 1.0 
54267.22913349 0 0.004374176363310374 1.0 1.0 
54274.3666627 0 0.010331615768273697 1.0 1.0 
54267.22694703 0 0.004327849498778637 1.0 1.0 
53226.1393315 0 0.004464692048166728 1.0 1.0 
54210.43373541 0 0.0035199454884495504 1.0 1.0 
53509.38299104 0 0.002256413725658899 1.0 1.0 
53226.13460523 0 0.004110417964797621 1.0 1.0 
56052.43052562 0 0.0023967678266731606 1.0 1.0 
54210.43620892 0 0.002680309581119441 1.0 1.0 
53196.08796559 0 0.004075630359806616 1.0 1.0 
54274.36227775 0 0.006180432481775861 1.0 1.0 
54274.36445773 0 0.005134991685554711 1.0 1.0 
54212.32580998 0 0.005859936602070068 1.0 1.0 
53509.38536159 0 0.0036470101190828985 1.0 1.0 
54212.32801044 0 0.0032631266755674265 1.0 1.0 
54377.99025657 0 0.0028503154812090105 1.0 1.0 
52102.21724609 0 0.0029182992212127253 1.0 1.0 
54905.31386718 0 0.003345642202928255 1.0 1.0 
54540.32325622 0 0.003458992408668362 1.0 1.0 
54905.31289337 0 0.0028738982192803714 1.0 1.0 
54765.01721979 0 0.004200973868328869 1.0 1.0 
54905.31484493 0 0.002843617694380393 1.0 1.0 
54377.99122911 0 0.0020264430054373252 1.0 1.0 
54540.32130408 0 0.00424506531382411 1.0 1.0 
52102.21614057 0 0.0038269736343123665 1.0 1.0 
54765.01819441 0 0.0030113342793959136 1.0 1.0 
54377.99317975 0 0.0028860854951338714 1.0 1.0 
54765.02111526 0 0.004064461739134965 1.0 1.0 
54540.32423143 0 0.0037091200639608594 1.0 1.0 
54905.31094226 0 0.003136681315835013 1.0 1.0 
54765.02014284 0 0.0038326639118206086 1.0 1.0 
54540.32228114 0 0.004067215084381089 1.0 1.0 
54765.01916764 0 0.004405214045055255 1.0 1.0 
54540.32520617 0 0.003065926726812722 1.0 1.0 
54905.31191816 0 0.00313564664691365 1.0 1.0 
54377.9941575 0 0.0028784846958015537 1.0 1.0 
54377.99220848 0 0.002192345341531753 1.0 1.0 
55749.94224663591 0 0.006701951510565093 1.0 1.0 
55789.90123368567 0 0.004295915987970709 1.0 1.0 
55704.15349065326 0 0.004882187417738265 1.0 1.0 
57236.94856970105 0 0.0026938366220664502 1.0 1.0 
56125.98871714668 0 0.005242539873151529 1.0 1.0 
57156.13580333814 0 0.0037396488082566005 1.0 1.0 
55376.97298829863 0 0.0020479758889326884 1.0 1.0 
55660.20253368607 0 0.003665658242237611 1.0 1.0 
55727.01305402257 0 0.0038385356365259055 1.0 1.0 
55334.14972601831 0 0.0026070599117162894 1.0 1.0 
56845.92308296263 0 0.005574492150983012 1.0 1.0 
56899.89048059145 0 0.0038358617909678857 1.0 1.0 
55429.876184016 0 0.00398960870163139 1.0 1.0 
55769.01137676276 0 0.005489781323858929 1.0 1.0 
54995.08700000122 0 0.005908003026697162 1.0 1.0 
55016.96808076976 0 0.002429142318980175 1.0 1.0 
55703.15598474862 0 0.005163354895839214 1.0 1.0 
55704.10669014696 0 0.004930954912441846 1.0 1.0 
55704.17565416684 0 0.006134105952672068 1.0 1.0 
56877.93508164724 0 0.003369262625281869 1.0 1.0 
55684.15896322997 0 0.004114380160929064 1.0 1.0 
55016.96049708035 0 0.0028989193219091363 1.0 1.0 
56389.20925462805 0 0.0025976309207086765 1.0 1.0 
55703.15059237415 0 0.004094810660420513 1.0 1.0 
55704.07300423412 0 0.008184656143033939 1.0 1.0 
56420.14211773081 0 0.0050419421680927955 1.0 1.0 
55794.89900657162 0 0.0038782281009132305 1.0 1.0 
55100.8364222832 0 0.0050569085429367135 1.0 1.0 
55703.21817108663 0 0.004957858888333918 1.0 1.0 
55705.01019632258 0 0.009372279182952555 1.0 1.0 
56124.97142190346 0 0.004452524628757917 1.0 1.0 
56053.1539714695 0 0.005626788027819622 1.0 1.0 
55036.93784828484 0 0.009373147075116477 1.0 1.0 
57201.02465570113 0 0.003551083394482837 1.0 1.0 
55704.1267651394 0 0.005191470877560417 1.0 1.0 
56038.22272720654 0 0.008896758125256934 1.0 1.0 
55703.16791243758 0 0.0052158173304718836 1.0 1.0 
55036.94303170079 0 0.007473922742994515 1.0 1.0 
55704.05979928793 0 0.006465895107701327 1.0 1.0 
55079.87961221859 0 0.004548073314180354 1.0 1.0 
55703.19261165475 0 0.003741742684844435 1.0 1.0 
56038.2175421617 0 0.005198970679107701 1.0 1.0 
55703.16197183449 0 0.0044243442648889755 1.0 1.0 
56829.03030343167 0 0.005325876531703045 1.0 1.0 
55705.06218915619 0 0.01725556211607799 1.0 1.0 
56463.03599032806 0 0.0068967047475667655 1.0 1.0 
56878.90500203194 0 0.003381649284171567 1.0 1.0 
56069.12695753668 0 0.003535654068894646 1.0 1.0 
57173.16457524477 0 0.005943333384551134 1.0 1.0 
55079.89490841841 0 0.004288608559268329 1.0 1.0 
55291.20616104594 0 0.0038814238503357946 1.0 1.0 
56111.07883945759 0 0.007750253476871346 1.0 1.0 
57171.18743923819 0 0.006499405063825677 1.0 1.0 
56512.87493852992 0 0.0038964194683429212 1.0 1.0 
57172.1426298595 0 0.005333643338420074 1.0 1.0 
56038.22747532092 0 0.008401865741141965 1.0 1.0 
56145.94305416802 0 0.005019573585057822 1.0 1.0 
57137.20117573161 0 0.0062765614637155355 1.0 1.0 
56808.10894727055 0 0.005367728418146214 1.0 1.0 
55747.99740143353 0 0.007424490291785105 1.0 1.0 
55342.16706357617 0 0.0031588131694769133 1.0 1.0 
56461.02788491175 0 0.004474981212402212 1.0 1.0 

3246 1349 0.648 31

5 70 1
5 100 1
