9_Sgr/masterSiIV4116.obs 8.3215 8.3238 
57634.01186246 0 0.0062383232320257975 1.0 1.0 
54267.23134033 0 0.007880014707906753 1.0 1.0 
53226.13696852 0 0.004218330173164116 1.0 1.0 
54212.32362779 0 0.005311767493220615 1.0 1.0 
53664.02864109 0 0.005730144495183062 1.0 1.0 
53196.0856086 0 0.0033745589864625043 1.0 1.0 
54267.22913349 0 0.008147356233308667 1.0 1.0 
54274.3666627 0 0.017137493578932204 1.0 1.0 
54267.22694703 0 0.008083897688023933 1.0 1.0 
53226.1393315 0 0.005156703182627654 1.0 1.0 
54210.43373541 0 0.002854613807072446 1.0 1.0 
53509.38299104 0 0.00319874874722861 1.0 1.0 
53226.13460523 0 0.006654639894110757 1.0 1.0 
56052.43052562 0 0.0023677123860479624 1.0 1.0 
54210.43620892 0 0.004950473171635429 1.0 1.0 
53196.08796559 0 0.0051924920405932015 1.0 1.0 
54274.36227775 0 0.009755037394152453 1.0 1.0 
54274.36445773 0 0.00815845613214517 1.0 1.0 
54212.32580998 0 0.007819962406291658 1.0 1.0 
53509.38536159 0 0.0037958413777588167 1.0 1.0 
54212.32801044 0 0.005378867519208543 1.0 1.0 
54540.33075785 0 0.004244451977199734 1.0 1.0 
54540.32985582 0 0.004989949734426232 1.0 1.0 
54905.31895496 0 0.004657148876570349 1.0 1.0 
54765.0275085 0 0.004575312425779617 1.0 1.0 
55478.04059615 0 0.00531468092010947 1.0 1.0 
54378.00128741 0 0.002416059614184415 1.0 1.0 
54540.32895216 0 0.004695438747658988 1.0 1.0 
54765.02931164 0 0.003337998465617346 1.0 1.0 
54540.33166186 0 0.004886345685230553 1.0 1.0 
54905.31714625 0 0.0026691614851152533 1.0 1.0 
54377.99858025 0 0.0028313141372814724 1.0 1.0 
54765.02840996 0 0.006073754795975641 1.0 1.0 
54905.31804979 0 0.004386451861069139 1.0 1.0 
54905.3207595 0 0.003239792988098529 1.0 1.0 
55284.39724407 0 0.0031119258382956267 1.0 1.0 
54378.00038225 0 0.0035521377696038766 1.0 1.0 
54540.32804711 0 0.00455568086692012 1.0 1.0 
55668.40413618 0 0.002012352034627484 1.0 1.0 
54765.02660982 0 0.0051352991766407665 1.0 1.0 
54905.31985792 0 0.0024157109282859435 1.0 1.0 
52102.21067701 0 0.0077133850672762 1.0 1.0 
55622.33848821 0 0.00435136401011618 1.0 1.0 
52102.2115554 0 0.005908172134852971 1.0 1.0 
54377.99948194 0 0.0029975581086880898 1.0 1.0 
54378.00219292 0 0.002185787163027894 1.0 1.0 
54941.40641795 0 0.0033017572081673907 1.0 1.0 
54765.02570732 0 0.00596289061220794 1.0 1.0 
55749.94224663591 0 0.011320022574860599 1.0 1.0 
55789.90123368567 0 0.012042577315529752 1.0 1.0 
55704.15349065326 0 0.008070686929308521 1.0 1.0 
57236.94856970105 0 0.004497752895565374 1.0 1.0 
56125.98871714668 0 0.007820912159580555 1.0 1.0 
57156.13580333814 0 0.009920700395995975 1.0 1.0 
55376.97298829863 0 0.004486594356353726 1.0 1.0 
55660.20253368607 0 0.008590484074939474 1.0 1.0 
55727.01305402257 0 0.007086899145809143 1.0 1.0 
55334.14972601831 0 0.003858707947957227 1.0 1.0 
56845.92308296263 0 0.02231987255334552 1.0 1.0 
56899.89048059145 0 0.006016820316505205 1.0 1.0 
55429.876184016 0 0.0036682684526658975 1.0 1.0 
55769.01137676276 0 0.008661627113834185 1.0 1.0 
54995.08700000122 0 0.008180342378249526 1.0 1.0 
55016.96808076976 0 0.004984947541233461 1.0 1.0 
55703.15598474862 0 0.006962218142846059 1.0 1.0 
55704.10669014696 0 0.008458733056010866 1.0 1.0 
55704.17565416684 0 0.008116594606879428 1.0 1.0 
56877.93508164724 0 0.006201127635829791 1.0 1.0 
55684.15896322997 0 0.007952904246966814 1.0 1.0 
55016.96049708035 0 0.00434588536190649 1.0 1.0 
56389.20925462805 0 0.004139766048219038 1.0 1.0 
55703.15059237415 0 0.007975447562145641 1.0 1.0 
55704.07300423412 0 0.007176039347093294 1.0 1.0 
56420.14211773081 0 0.009822311423987873 1.0 1.0 
55794.89900657162 0 0.00821384113522803 1.0 1.0 
55100.8364222832 0 0.008236402745660978 1.0 1.0 
55703.21817108663 0 0.0096490424425485 1.0 1.0 
55705.01019632258 0 0.01585014910772831 1.0 1.0 
56124.97142190346 0 0.016259416998451785 1.0 1.0 
56053.1539714695 0 0.01073705625024975 1.0 1.0 
55036.93784828484 0 0.01579556773626371 1.0 1.0 
57201.02465570113 0 0.010634983538600208 1.0 1.0 
55704.1267651394 0 0.005639243366281891 1.0 1.0 
56038.22272720654 0 0.009298406382942739 1.0 1.0 
55703.16791243758 0 0.007762369490818943 1.0 1.0 
55036.94303170079 0 0.013186167233038427 1.0 1.0 
55704.05979928793 0 0.01333061755755447 1.0 1.0 
55079.87961221859 0 0.004698126629340861 1.0 1.0 
55703.19261165475 0 0.00944979604170206 1.0 1.0 
56038.2175421617 0 0.008710675654656462 1.0 1.0 
55703.16197183449 0 0.009872423153962783 1.0 1.0 
56829.03030343167 0 0.008438770195348336 1.0 1.0 
55705.06218915619 0 0.02243893825637171 1.0 1.0 
56463.03599032806 0 0.007453469180149138 1.0 1.0 
56878.90500203194 0 0.008448559255894538 1.0 1.0 
56069.12695753668 0 0.011885203324375176 1.0 1.0 
57173.16457524477 0 0.009771057030708966 1.0 1.0 
55079.89490841841 0 0.003911791142249197 1.0 1.0 
55291.20616104594 0 0.004558341018494318 1.0 1.0 
56111.07883945759 0 0.012549214281965343 1.0 1.0 
57171.18743923819 0 0.009169585048609834 1.0 1.0 
56512.87493852992 0 0.0060147861925960305 1.0 1.0 
57172.1426298595 0 0.00889738398132803 1.0 1.0 
56038.22747532092 0 0.012378686234840572 1.0 1.0 
56145.94305416802 0 0.008168731385647844 1.0 1.0 
57137.20117573161 0 0.010622280667084243 1.0 1.0 
56808.10894727055 0 0.007675893798529524 1.0 1.0 
55747.99740143353 0 0.018544689335356208 1.0 1.0 
55342.16706357617 0 0.00488476747466945 1.0 1.0 
56461.02788491175 0 0.008384288375818245 1.0 1.0 

3246 1349 0.648 31

5 70 1
5 100 1
