k1 k2 chisq 
11.00000 25.00000 9311.55929
11.00000 26.00000 9308.43102
11.00000 27.00000 9308.26962
11.00000 28.00000 9310.21102
11.00000 29.00000 9313.88360
11.00000 30.00000 9317.42782
11.00000 31.00000 9318.66874
11.00000 32.00000 9316.74840
11.00000 33.00000 9315.70483
11.00000 34.00000 9315.83970
11.00000 35.00000 9318.51623
11.00000 36.00000 9318.06398
11.00000 37.00000 9316.45188
11.00000 38.00000 9316.19745
11.00000 39.00000 9316.84928
11.00000 40.00000 9316.27474
11.00000 41.00000 9316.56089
11.00000 42.00000 9318.45879
11.00000 43.00000 9321.54124
11.00000 44.00000 9323.67957
11.00000 45.00000 9325.30396
11.00000 46.00000 9326.37489
11.00000 47.00000 9327.14836
11.00000 48.00000 9326.08181
11.00000 49.00000 9325.73392
11.00000 50.00000 9325.95215
11.00000 51.00000 9326.01357
11.00000 52.00000 9324.81447
11.00000 53.00000 9324.55770
11.00000 54.00000 9323.66226
11.00000 55.00000 9323.91040
11.00000 56.00000 9325.66214
11.00000 57.00000 9327.27729
11.00000 58.00000 9328.61507
11.00000 59.00000 9328.77074
11.00000 60.00000 9329.85272
11.00000 61.00000 9332.37414
11.00000 62.00000 9333.96211
11.00000 63.00000 9335.16337
11.00000 64.00000 9337.80799
11.00000 65.00000 9341.50048
11.00000 66.00000 9343.29839
11.00000 67.00000 9343.43471
11.00000 68.00000 9345.05782
11.00000 69.00000 9347.92398
11.00000 70.00000 9350.37639
12.00000 25.00000 9311.88187
12.00000 26.00000 9308.61753
12.00000 27.00000 9308.15908
12.00000 28.00000 9309.75981
12.00000 29.00000 9313.42138
12.00000 30.00000 9317.18496
12.00000 31.00000 9318.73608
12.00000 32.00000 9317.09994
12.00000 33.00000 9316.23853
12.00000 34.00000 9316.47315
12.00000 35.00000 9319.06393
12.00000 36.00000 9318.61621
12.00000 37.00000 9317.10311
12.00000 38.00000 9316.76755
12.00000 39.00000 9317.21341
12.00000 40.00000 9316.46136
12.00000 41.00000 9316.71188
12.00000 42.00000 9318.53166
12.00000 43.00000 9321.34178
12.00000 44.00000 9323.21694
12.00000 45.00000 9324.73203
12.00000 46.00000 9325.71907
12.00000 47.00000 9326.35546
12.00000 48.00000 9325.16837
12.00000 49.00000 9324.80275
12.00000 50.00000 9325.00335
12.00000 51.00000 9325.03245
12.00000 52.00000 9323.86007
12.00000 53.00000 9323.75047
12.00000 54.00000 9323.02875
12.00000 55.00000 9323.30540
12.00000 56.00000 9325.04903
12.00000 57.00000 9326.69902
12.00000 58.00000 9327.91660
12.00000 59.00000 9327.89231
12.00000 60.00000 9328.81954
12.00000 61.00000 9331.15496
12.00000 62.00000 9332.74725
12.00000 63.00000 9333.95070
12.00000 64.00000 9336.62294
12.00000 65.00000 9340.44383
12.00000 66.00000 9342.41148
12.00000 67.00000 9342.55491
12.00000 68.00000 9344.13730
12.00000 69.00000 9346.98009
12.00000 70.00000 9349.47715
13.00000 25.00000 9308.50642
13.00000 26.00000 9305.68581
13.00000 27.00000 9305.94525
13.00000 28.00000 9307.51045
13.00000 29.00000 9310.44614
13.00000 30.00000 9313.61142
13.00000 31.00000 9315.17071
13.00000 32.00000 9313.70936
13.00000 33.00000 9313.09566
13.00000 34.00000 9313.65024
13.00000 35.00000 9316.33153
13.00000 36.00000 9315.63517
13.00000 37.00000 9313.89760
13.00000 38.00000 9313.70431
13.00000 39.00000 9314.49583
13.00000 40.00000 9313.64731
13.00000 41.00000 9313.59893
13.00000 42.00000 9315.27671
13.00000 43.00000 9318.28172
13.00000 44.00000 9320.25593
13.00000 45.00000 9321.84295
13.00000 46.00000 9323.06562
13.00000 47.00000 9323.94032
13.00000 48.00000 9322.74213
13.00000 49.00000 9322.12824
13.00000 50.00000 9322.09089
13.00000 51.00000 9322.15003
13.00000 52.00000 9320.79898
13.00000 53.00000 9320.35857
13.00000 54.00000 9319.33181
13.00000 55.00000 9319.27901
13.00000 56.00000 9320.70055
13.00000 57.00000 9322.16367
13.00000 58.00000 9323.38942
13.00000 59.00000 9323.51417
13.00000 60.00000 9324.54920
13.00000 61.00000 9326.90007
13.00000 62.00000 9328.50127
13.00000 63.00000 9329.60834
13.00000 64.00000 9332.08928
13.00000 65.00000 9335.79333
13.00000 66.00000 9337.85293
13.00000 67.00000 9338.07796
13.00000 68.00000 9339.54809
13.00000 69.00000 9342.26856
13.00000 70.00000 9344.67009
14.00000 25.00000 9306.51808
14.00000 26.00000 9304.24695
14.00000 27.00000 9305.22568
14.00000 28.00000 9307.03559
14.00000 29.00000 9309.68711
14.00000 30.00000 9312.38058
14.00000 31.00000 9313.45128
14.00000 32.00000 9311.81318
14.00000 33.00000 9311.28047
14.00000 34.00000 9311.91156
14.00000 35.00000 9314.44416
14.00000 36.00000 9313.65648
14.00000 37.00000 9311.87460
14.00000 38.00000 9311.73802
14.00000 39.00000 9312.62185
14.00000 40.00000 9311.90551
14.00000 41.00000 9311.94574
14.00000 42.00000 9313.66376
14.00000 43.00000 9316.81005
14.00000 44.00000 9318.98615
14.00000 45.00000 9320.66661
14.00000 46.00000 9321.91401
14.00000 47.00000 9322.76828
14.00000 48.00000 9321.60948
14.00000 49.00000 9320.93699
14.00000 50.00000 9320.76635
14.00000 51.00000 9320.77852
14.00000 52.00000 9319.38070
14.00000 53.00000 9318.80739
14.00000 54.00000 9317.55331
14.00000 55.00000 9317.26763
14.00000 56.00000 9318.42876
14.00000 57.00000 9319.60327
14.00000 58.00000 9320.59811
14.00000 59.00000 9320.69731
14.00000 60.00000 9321.74174
14.00000 61.00000 9324.17024
14.00000 62.00000 9325.79720
14.00000 63.00000 9326.83428
14.00000 64.00000 9329.19570
14.00000 65.00000 9332.77318
14.00000 66.00000 9334.76194
14.00000 67.00000 9335.07434
14.00000 68.00000 9336.53579
14.00000 69.00000 9339.20052
14.00000 70.00000 9341.51150
15.00000 25.00000 9309.89152
15.00000 26.00000 9308.01565
15.00000 27.00000 9309.12685
15.00000 28.00000 9310.90482
15.00000 29.00000 9313.48378
15.00000 30.00000 9315.92284
15.00000 31.00000 9316.47421
15.00000 32.00000 9314.63190
15.00000 33.00000 9314.19793
15.00000 34.00000 9314.70087
15.00000 35.00000 9316.92502
15.00000 36.00000 9316.21285
15.00000 37.00000 9314.58861
15.00000 38.00000 9314.43360
15.00000 39.00000 9315.09615
15.00000 40.00000 9314.38047
15.00000 41.00000 9314.40010
15.00000 42.00000 9315.85737
15.00000 43.00000 9318.67015
15.00000 44.00000 9320.86483
15.00000 45.00000 9322.62616
15.00000 46.00000 9323.92460
15.00000 47.00000 9324.80403
15.00000 48.00000 9323.81746
15.00000 49.00000 9323.36442
15.00000 50.00000 9323.32825
15.00000 51.00000 9323.51412
15.00000 52.00000 9322.39789
15.00000 53.00000 9321.87670
15.00000 54.00000 9320.48244
15.00000 55.00000 9319.98935
15.00000 56.00000 9320.82620
15.00000 57.00000 9321.66621
15.00000 58.00000 9322.27200
15.00000 59.00000 9322.14719
15.00000 60.00000 9323.00122
15.00000 61.00000 9325.23247
15.00000 62.00000 9326.62686
15.00000 63.00000 9327.52600
15.00000 64.00000 9329.83061
15.00000 65.00000 9333.47211
15.00000 66.00000 9335.60267
15.00000 67.00000 9336.25335
15.00000 68.00000 9337.97348
15.00000 69.00000 9340.57200
15.00000 70.00000 9342.55706
16.00000 25.00000 9312.09780
16.00000 26.00000 9310.34389
16.00000 27.00000 9311.29421
16.00000 28.00000 9312.78367
16.00000 29.00000 9315.17203
16.00000 30.00000 9317.35626
16.00000 31.00000 9317.54332
16.00000 32.00000 9315.43617
16.00000 33.00000 9314.97348
16.00000 34.00000 9315.53839
16.00000 35.00000 9317.88817
16.00000 36.00000 9317.37793
16.00000 37.00000 9315.96060
16.00000 38.00000 9315.86805
16.00000 39.00000 9316.42373
16.00000 40.00000 9315.54480
16.00000 41.00000 9315.44765
16.00000 42.00000 9316.69098
16.00000 43.00000 9319.10191
16.00000 44.00000 9320.88602
16.00000 45.00000 9322.32484
16.00000 46.00000 9323.36848
16.00000 47.00000 9324.14860
16.00000 48.00000 9323.18504
16.00000 49.00000 9323.01481
16.00000 50.00000 9323.53428
16.00000 51.00000 9324.20900
16.00000 52.00000 9323.55515
16.00000 53.00000 9323.28040
16.00000 54.00000 9321.86216
16.00000 55.00000 9321.23301
16.00000 56.00000 9321.81567
16.00000 57.00000 9322.50838
16.00000 58.00000 9323.07075
16.00000 59.00000 9322.76869
16.00000 60.00000 9323.33117
16.00000 61.00000 9325.19421
16.00000 62.00000 9326.26546
16.00000 63.00000 9327.03630
16.00000 64.00000 9329.25924
16.00000 65.00000 9332.98476
16.00000 66.00000 9335.37830
16.00000 67.00000 9336.25761
16.00000 68.00000 9338.22018
16.00000 69.00000 9340.87434
16.00000 70.00000 9342.73559
17.00000 25.00000 9311.48518
17.00000 26.00000 9309.41294
17.00000 27.00000 9310.01808
17.00000 28.00000 9310.89165
17.00000 29.00000 9312.65101
17.00000 30.00000 9314.45631
17.00000 31.00000 9314.71494
17.00000 32.00000 9312.86357
17.00000 33.00000 9312.21251
17.00000 34.00000 9312.87306
17.00000 35.00000 9315.81084
17.00000 36.00000 9315.69553
17.00000 37.00000 9314.34870
17.00000 38.00000 9314.47770
17.00000 39.00000 9315.33349
17.00000 40.00000 9314.26776
17.00000 41.00000 9313.70674
17.00000 42.00000 9314.43134
17.00000 43.00000 9316.33316
17.00000 44.00000 9317.36192
17.00000 45.00000 9318.09600
17.00000 46.00000 9318.80357
17.00000 47.00000 9319.75428
17.00000 48.00000 9318.94168
17.00000 49.00000 9319.06632
17.00000 50.00000 9320.30286
17.00000 51.00000 9321.77270
17.00000 52.00000 9321.67097
17.00000 53.00000 9321.55927
17.00000 54.00000 9320.10041
17.00000 55.00000 9319.39419
17.00000 56.00000 9319.70015
17.00000 57.00000 9320.22200
17.00000 58.00000 9320.97961
17.00000 59.00000 9320.72722
17.00000 60.00000 9321.01836
17.00000 61.00000 9322.38510
17.00000 62.00000 9323.01118
17.00000 63.00000 9323.72425
17.00000 64.00000 9325.88757
17.00000 65.00000 9329.65574
17.00000 66.00000 9332.39951
17.00000 67.00000 9333.56823
17.00000 68.00000 9335.73224
17.00000 69.00000 9338.39301
17.00000 70.00000 9340.23250
18.00000 25.00000 9310.85672
18.00000 26.00000 9308.41471
18.00000 27.00000 9308.54036
18.00000 28.00000 9308.79203
18.00000 29.00000 9309.95532
18.00000 30.00000 9311.31647
18.00000 31.00000 9311.65727
18.00000 32.00000 9310.32155
18.00000 33.00000 9309.74619
18.00000 34.00000 9310.46214
18.00000 35.00000 9313.74545
18.00000 36.00000 9314.36883
18.00000 37.00000 9313.42808
18.00000 38.00000 9313.91089
18.00000 39.00000 9315.05132
18.00000 40.00000 9313.81406
18.00000 41.00000 9312.72653
18.00000 42.00000 9312.75018
18.00000 43.00000 9313.98509
18.00000 44.00000 9314.21098
18.00000 45.00000 9314.22726
18.00000 46.00000 9314.47418
18.00000 47.00000 9315.53760
18.00000 48.00000 9314.99627
18.00000 49.00000 9315.54487
18.00000 50.00000 9317.43825
18.00000 51.00000 9319.58838
18.00000 52.00000 9320.15331
18.00000 53.00000 9320.36160
18.00000 54.00000 9319.00527
18.00000 55.00000 9318.26929
18.00000 56.00000 9318.35675
18.00000 57.00000 9318.74070
18.00000 58.00000 9319.58572
18.00000 59.00000 9319.42560
18.00000 60.00000 9319.56730
18.00000 61.00000 9320.52844
18.00000 62.00000 9320.76451
18.00000 63.00000 9321.46029
18.00000 64.00000 9323.63215
18.00000 65.00000 9327.46698
18.00000 66.00000 9330.44576
18.00000 67.00000 9331.98238
18.00000 68.00000 9334.41933
18.00000 69.00000 9337.07843
18.00000 70.00000 9338.80071
19.00000 25.00000 9311.47192
19.00000 26.00000 9308.43181
19.00000 27.00000 9307.76368
19.00000 28.00000 9307.43522
19.00000 29.00000 9308.27848
19.00000 30.00000 9309.37343
19.00000 31.00000 9309.82728
19.00000 32.00000 9309.05113
19.00000 33.00000 9308.78342
19.00000 34.00000 9309.69291
19.00000 35.00000 9313.07698
19.00000 36.00000 9314.72632
19.00000 37.00000 9314.58583
19.00000 38.00000 9315.42925
19.00000 39.00000 9316.65062
19.00000 40.00000 9315.11660
19.00000 41.00000 9313.36594
19.00000 42.00000 9312.54945
19.00000 43.00000 9313.01240
19.00000 44.00000 9312.50059
19.00000 45.00000 9311.90601
19.00000 46.00000 9311.68028
19.00000 47.00000 9312.80431
19.00000 48.00000 9312.55507
19.00000 49.00000 9313.58836
19.00000 50.00000 9316.10443
19.00000 51.00000 9318.60668
19.00000 52.00000 9319.58511
19.00000 53.00000 9320.15639
19.00000 54.00000 9319.11212
19.00000 55.00000 9318.60286
19.00000 56.00000 9318.79831
19.00000 57.00000 9319.24538
19.00000 58.00000 9320.10682
19.00000 59.00000 9320.02523
19.00000 60.00000 9320.02706
19.00000 61.00000 9320.56126
19.00000 62.00000 9320.45734
19.00000 63.00000 9321.17474
19.00000 64.00000 9323.45861
19.00000 65.00000 9327.41043
19.00000 66.00000 9330.47880
19.00000 67.00000 9332.39802
19.00000 68.00000 9335.13149
19.00000 69.00000 9337.83239
19.00000 70.00000 9339.50376
20.00000 25.00000 9312.39429
20.00000 26.00000 9308.99581
20.00000 27.00000 9307.80423
20.00000 28.00000 9306.79337
20.00000 29.00000 9307.15495
20.00000 30.00000 9307.89050
20.00000 31.00000 9308.38332
20.00000 32.00000 9307.93675
20.00000 33.00000 9308.07841
20.00000 34.00000 9309.49907
20.00000 35.00000 9313.16802
20.00000 36.00000 9315.19032
20.00000 37.00000 9315.63017
20.00000 38.00000 9316.72930
20.00000 39.00000 9318.00420
20.00000 40.00000 9316.35742
20.00000 41.00000 9314.25624
20.00000 42.00000 9312.89018
20.00000 43.00000 9312.79041
20.00000 44.00000 9311.69710
20.00000 45.00000 9310.77444
20.00000 46.00000 9310.39818
20.00000 47.00000 9311.57592
20.00000 48.00000 9311.15375
20.00000 49.00000 9312.19479
20.00000 50.00000 9314.94262
20.00000 51.00000 9317.69201
20.00000 52.00000 9319.06311
20.00000 53.00000 9320.07463
20.00000 54.00000 9319.47850
20.00000 55.00000 9319.09402
20.00000 56.00000 9319.34594
20.00000 57.00000 9319.90684
20.00000 58.00000 9320.85243
20.00000 59.00000 9320.82569
20.00000 60.00000 9320.67154
20.00000 61.00000 9320.83533
20.00000 62.00000 9320.54505
20.00000 63.00000 9321.23838
20.00000 64.00000 9323.66752
20.00000 65.00000 9327.93339
20.00000 66.00000 9331.32523
20.00000 67.00000 9333.37408
20.00000 68.00000 9336.12640
20.00000 69.00000 9338.81775
20.00000 70.00000 9340.47101
21.00000 25.00000 9310.94562
21.00000 26.00000 9307.96657
21.00000 27.00000 9307.27897
21.00000 28.00000 9306.15288
21.00000 29.00000 9305.86143
21.00000 30.00000 9306.07221
21.00000 31.00000 9306.52013
21.00000 32.00000 9306.07212
21.00000 33.00000 9306.25397
21.00000 34.00000 9308.10954
21.00000 35.00000 9312.50660
21.00000 36.00000 9314.44462
21.00000 37.00000 9314.51123
21.00000 38.00000 9315.10202
21.00000 39.00000 9316.07757
21.00000 40.00000 9314.55636
21.00000 41.00000 9312.93350
21.00000 42.00000 9311.97072
21.00000 43.00000 9312.12779
21.00000 44.00000 9310.96902
21.00000 45.00000 9310.06888
21.00000 46.00000 9309.88894
21.00000 47.00000 9311.22286
21.00000 48.00000 9310.46952
21.00000 49.00000 9310.87869
21.00000 50.00000 9312.87344
21.00000 51.00000 9315.47524
21.00000 52.00000 9317.17487
21.00000 53.00000 9318.76058
21.00000 54.00000 9318.68922
21.00000 55.00000 9318.34028
21.00000 56.00000 9318.38634
21.00000 57.00000 9318.72287
21.00000 58.00000 9319.59860
21.00000 59.00000 9319.79015
21.00000 60.00000 9319.86892
21.00000 61.00000 9320.27265
21.00000 62.00000 9320.08183
21.00000 63.00000 9320.76359
21.00000 64.00000 9323.21042
21.00000 65.00000 9327.58847
21.00000 66.00000 9331.18462
21.00000 67.00000 9333.22323
21.00000 68.00000 9335.93171
21.00000 69.00000 9338.71037
21.00000 70.00000 9340.47661
22.00000 25.00000 9310.57343
22.00000 26.00000 9308.38458
22.00000 27.00000 9308.07421
22.00000 28.00000 9307.01104
22.00000 29.00000 9306.36039
22.00000 30.00000 9306.15349
22.00000 31.00000 9306.27553
22.00000 32.00000 9305.68541
22.00000 33.00000 9305.99763
22.00000 34.00000 9308.18788
22.00000 35.00000 9313.17747
22.00000 36.00000 9315.19798
22.00000 37.00000 9315.02514
22.00000 38.00000 9314.93710
22.00000 39.00000 9315.23719
22.00000 40.00000 9313.82586
22.00000 41.00000 9312.99100
22.00000 42.00000 9312.79609
22.00000 43.00000 9313.37415
22.00000 44.00000 9312.38721
22.00000 45.00000 9311.58991
22.00000 46.00000 9311.43338
22.00000 47.00000 9312.67057
22.00000 48.00000 9311.54252
22.00000 49.00000 9311.29486
22.00000 50.00000 9312.27784
22.00000 51.00000 9314.48900
22.00000 52.00000 9316.44072
22.00000 53.00000 9318.69298
22.00000 54.00000 9319.34543
22.00000 55.00000 9319.23682
22.00000 56.00000 9319.25738
22.00000 57.00000 9319.37866
22.00000 58.00000 9319.80612
22.00000 59.00000 9320.03258
22.00000 60.00000 9320.41724
22.00000 61.00000 9321.29194
22.00000 62.00000 9321.37824
22.00000 63.00000 9322.14658
22.00000 64.00000 9324.69280
22.00000 65.00000 9329.13254
22.00000 66.00000 9332.67927
22.00000 67.00000 9334.57111
22.00000 68.00000 9337.23818
22.00000 69.00000 9340.16360
22.00000 70.00000 9342.07675
23.00000 25.00000 9311.76073
23.00000 26.00000 9310.39192
23.00000 27.00000 9310.50318
23.00000 28.00000 9309.67102
23.00000 29.00000 9308.99444
23.00000 30.00000 9308.57270
23.00000 31.00000 9308.11579
23.00000 32.00000 9307.19890
23.00000 33.00000 9307.63469
23.00000 34.00000 9309.95335
23.00000 35.00000 9315.09579
23.00000 36.00000 9317.07003
23.00000 37.00000 9316.84313
23.00000 38.00000 9316.40332
23.00000 39.00000 9316.09361
23.00000 40.00000 9314.81497
23.00000 41.00000 9314.87001
23.00000 42.00000 9315.58039
23.00000 43.00000 9316.66360
23.00000 44.00000 9316.11590
23.00000 45.00000 9315.55289
23.00000 46.00000 9315.29812
23.00000 47.00000 9316.20917
23.00000 48.00000 9314.62487
23.00000 49.00000 9313.70367
23.00000 50.00000 9313.64290
23.00000 51.00000 9315.29822
23.00000 52.00000 9317.32210
23.00000 53.00000 9320.09322
23.00000 54.00000 9321.36867
23.00000 55.00000 9321.61176
23.00000 56.00000 9321.81828
23.00000 57.00000 9321.88771
23.00000 58.00000 9321.77834
23.00000 59.00000 9321.90359
23.00000 60.00000 9322.61331
23.00000 61.00000 9324.03179
23.00000 62.00000 9324.58593
23.00000 63.00000 9325.52612
23.00000 64.00000 9328.19184
23.00000 65.00000 9332.61264
23.00000 66.00000 9335.88994
23.00000 67.00000 9337.55746
23.00000 68.00000 9340.19686
23.00000 69.00000 9343.27876
23.00000 70.00000 9345.32594
24.00000 25.00000 9312.38298
24.00000 26.00000 9311.46003
24.00000 27.00000 9312.34969
24.00000 28.00000 9311.80565
24.00000 29.00000 9311.15102
24.00000 30.00000 9310.96195
24.00000 31.00000 9310.61976
24.00000 32.00000 9309.30863
24.00000 33.00000 9309.67065
24.00000 34.00000 9311.99087
24.00000 35.00000 9317.14229
24.00000 36.00000 9318.80330
24.00000 37.00000 9318.46223
24.00000 38.00000 9318.07682
24.00000 39.00000 9317.71967
24.00000 40.00000 9316.20510
24.00000 41.00000 9316.67870
24.00000 42.00000 9318.17264
24.00000 43.00000 9319.76175
24.00000 44.00000 9319.15232
24.00000 45.00000 9318.44382
24.00000 46.00000 9318.01667
24.00000 47.00000 9318.81765
24.00000 48.00000 9317.31340
24.00000 49.00000 9316.44149
24.00000 50.00000 9316.32980
24.00000 51.00000 9317.41171
24.00000 52.00000 9318.60153
24.00000 53.00000 9321.11516
24.00000 54.00000 9322.49322
24.00000 55.00000 9323.10691
24.00000 56.00000 9323.77444
24.00000 57.00000 9324.17391
24.00000 58.00000 9324.15686
24.00000 59.00000 9323.96962
24.00000 60.00000 9324.49447
24.00000 61.00000 9326.11264
24.00000 62.00000 9327.09897
24.00000 63.00000 9328.15575
24.00000 64.00000 9330.87572
24.00000 65.00000 9335.27936
24.00000 66.00000 9338.42230
24.00000 67.00000 9339.95090
24.00000 68.00000 9342.60454
24.00000 69.00000 9345.87676
24.00000 70.00000 9348.18060
25.00000 25.00000 9310.41389
25.00000 26.00000 9310.62193
25.00000 27.00000 9312.29887
25.00000 28.00000 9311.65973
25.00000 29.00000 9310.36580
25.00000 30.00000 9310.40607
25.00000 31.00000 9310.93630
25.00000 32.00000 9309.90031
25.00000 33.00000 9310.18376
25.00000 34.00000 9312.34240
25.00000 35.00000 9317.40348
25.00000 36.00000 9318.80398
25.00000 37.00000 9318.18466
25.00000 38.00000 9317.86695
25.00000 39.00000 9317.91496
25.00000 40.00000 9316.55850
25.00000 41.00000 9316.96591
25.00000 42.00000 9318.65565
25.00000 43.00000 9320.46818
25.00000 44.00000 9319.45321
25.00000 45.00000 9318.04452
25.00000 46.00000 9317.03506
25.00000 47.00000 9317.74781
25.00000 48.00000 9316.61896
25.00000 49.00000 9316.28814
25.00000 50.00000 9316.93065
25.00000 51.00000 9318.19034
25.00000 52.00000 9318.74598
25.00000 53.00000 9320.52978
25.00000 54.00000 9321.39083
25.00000 55.00000 9322.01222
25.00000 56.00000 9323.04589
25.00000 57.00000 9323.81989
25.00000 58.00000 9324.28818
25.00000 59.00000 9324.24363
25.00000 60.00000 9324.71441
25.00000 61.00000 9326.24580
25.00000 62.00000 9327.11677
25.00000 63.00000 9328.09500
25.00000 64.00000 9330.76054
25.00000 65.00000 9334.99907
25.00000 66.00000 9337.96208
25.00000 67.00000 9339.54939
25.00000 68.00000 9342.38547
25.00000 69.00000 9345.91074
25.00000 70.00000 9348.52296
26.00000 25.00000 9311.62024
26.00000 26.00000 9311.26242
26.00000 27.00000 9313.14684
26.00000 28.00000 9312.61885
26.00000 29.00000 9311.18782
26.00000 30.00000 9311.03247
26.00000 31.00000 9311.94581
26.00000 32.00000 9311.08489
26.00000 33.00000 9311.20256
26.00000 34.00000 9312.96915
26.00000 35.00000 9317.51948
26.00000 36.00000 9318.59737
26.00000 37.00000 9317.72817
26.00000 38.00000 9317.41410
26.00000 39.00000 9317.82373
26.00000 40.00000 9317.17409
26.00000 41.00000 9317.89075
26.00000 42.00000 9319.71065
26.00000 43.00000 9321.65329
26.00000 44.00000 9320.57778
26.00000 45.00000 9318.61234
26.00000 46.00000 9316.73067
26.00000 47.00000 9317.05173
26.00000 48.00000 9316.17839
26.00000 49.00000 9316.31813
26.00000 50.00000 9317.70901
26.00000 51.00000 9319.16521
26.00000 52.00000 9319.28261
26.00000 53.00000 9320.36570
26.00000 54.00000 9320.43061
26.00000 55.00000 9320.99240
26.00000 56.00000 9322.46915
26.00000 57.00000 9323.70319
26.00000 58.00000 9324.75579
26.00000 59.00000 9324.92847
26.00000 60.00000 9325.50284
26.00000 61.00000 9327.08222
26.00000 62.00000 9327.71627
26.00000 63.00000 9328.62331
26.00000 64.00000 9331.26091
26.00000 65.00000 9335.28854
26.00000 66.00000 9337.94580
26.00000 67.00000 9339.51566
26.00000 68.00000 9342.42162
26.00000 69.00000 9346.08016
26.00000 70.00000 9348.89011
27.00000 25.00000 9312.54624
27.00000 26.00000 9312.83995
27.00000 27.00000 9315.37673
27.00000 28.00000 9315.22514
27.00000 29.00000 9314.69974
27.00000 30.00000 9314.22921
27.00000 31.00000 9314.27371
27.00000 32.00000 9313.17662
27.00000 33.00000 9312.99329
27.00000 34.00000 9314.19079
27.00000 35.00000 9317.85319
27.00000 36.00000 9318.46327
27.00000 37.00000 9317.38955
27.00000 38.00000 9317.00862
27.00000 39.00000 9317.46803
27.00000 40.00000 9317.47902
27.00000 41.00000 9318.86463
27.00000 42.00000 9321.04227
27.00000 43.00000 9323.04619
27.00000 44.00000 9322.25287
27.00000 45.00000 9320.25624
27.00000 46.00000 9317.78967
27.00000 47.00000 9317.64263
27.00000 48.00000 9316.82717
27.00000 49.00000 9317.16900
27.00000 50.00000 9318.93794
27.00000 51.00000 9320.33935
27.00000 52.00000 9320.08901
27.00000 53.00000 9320.64052
27.00000 54.00000 9319.92578
27.00000 55.00000 9320.38483
27.00000 56.00000 9322.22579
27.00000 57.00000 9323.78729
27.00000 58.00000 9325.23102
27.00000 59.00000 9325.53075
27.00000 60.00000 9326.32874
27.00000 61.00000 9328.21495
27.00000 62.00000 9328.80896
27.00000 63.00000 9329.74483
27.00000 64.00000 9332.44276
27.00000 65.00000 9336.34624
27.00000 66.00000 9338.76253
27.00000 67.00000 9340.25779
27.00000 68.00000 9343.07196
27.00000 69.00000 9346.68054
27.00000 70.00000 9349.53630
28.00000 25.00000 9311.26941
28.00000 26.00000 9311.06527
28.00000 27.00000 9312.91373
28.00000 28.00000 9315.52139
28.00000 29.00000 9315.77987
28.00000 30.00000 9315.27465
28.00000 31.00000 9314.77468
28.00000 32.00000 9313.07347
28.00000 33.00000 9312.54057
28.00000 34.00000 9313.48753
28.00000 35.00000 9316.74817
28.00000 36.00000 9316.91138
28.00000 37.00000 9315.72359
28.00000 38.00000 9315.33131
28.00000 39.00000 9315.63744
28.00000 40.00000 9315.50141
28.00000 41.00000 9317.34538
28.00000 42.00000 9320.10826
28.00000 43.00000 9322.30384
28.00000 44.00000 9321.55075
28.00000 45.00000 9319.75660
28.00000 46.00000 9317.47381
28.00000 47.00000 9317.16804
28.00000 48.00000 9315.77637
28.00000 49.00000 9315.73767
28.00000 50.00000 9317.40789
28.00000 51.00000 9318.78544
28.00000 52.00000 9318.60242
28.00000 53.00000 9319.13033
28.00000 54.00000 9318.13422
28.00000 55.00000 9318.22013
28.00000 56.00000 9319.78249
28.00000 57.00000 9321.19300
28.00000 58.00000 9322.74075
28.00000 59.00000 9323.14332
28.00000 60.00000 9324.28070
28.00000 61.00000 9326.77203
28.00000 62.00000 9327.66582
28.00000 63.00000 9328.58393
28.00000 64.00000 9331.37186
28.00000 65.00000 9335.37146
28.00000 66.00000 9337.83824
28.00000 67.00000 9339.14764
28.00000 68.00000 9341.73933
28.00000 69.00000 9345.28026
28.00000 70.00000 9348.12180
29.00000 25.00000 9307.52518
29.00000 26.00000 9307.71996
29.00000 27.00000 9310.68420
29.00000 28.00000 9313.02864
29.00000 29.00000 9315.08565
29.00000 30.00000 9315.23182
29.00000 31.00000 9314.80239
29.00000 32.00000 9312.52386
29.00000 33.00000 9311.32398
29.00000 34.00000 9311.83168
29.00000 35.00000 9314.97320
29.00000 36.00000 9314.87604
29.00000 37.00000 9313.53997
29.00000 38.00000 9313.13265
29.00000 39.00000 9313.45441
29.00000 40.00000 9313.08781
29.00000 41.00000 9315.00439
29.00000 42.00000 9318.19460
29.00000 43.00000 9320.96254
29.00000 44.00000 9320.71927
29.00000 45.00000 9319.28224
29.00000 46.00000 9317.50860
29.00000 47.00000 9317.52571
29.00000 48.00000 9315.85985
29.00000 49.00000 9315.13549
29.00000 50.00000 9315.87301
29.00000 51.00000 9316.63709
29.00000 52.00000 9316.30058
29.00000 53.00000 9316.90777
29.00000 54.00000 9316.04466
29.00000 55.00000 9316.10940
29.00000 56.00000 9317.41263
29.00000 57.00000 9318.49294
29.00000 58.00000 9319.58801
29.00000 59.00000 9319.74208
29.00000 60.00000 9321.12841
29.00000 61.00000 9324.44746
29.00000 62.00000 9326.06602
29.00000 63.00000 9327.13668
29.00000 64.00000 9330.05107
29.00000 65.00000 9334.08354
29.00000 66.00000 9336.60428
29.00000 67.00000 9337.72952
29.00000 68.00000 9340.05115
29.00000 69.00000 9343.48660
29.00000 70.00000 9346.32924
30.00000 25.00000 9303.16399
30.00000 26.00000 9303.74777
30.00000 27.00000 9307.69070
30.00000 28.00000 9310.88527
30.00000 29.00000 9313.10970
30.00000 30.00000 9314.53071
30.00000 31.00000 9314.09246
30.00000 32.00000 9311.49883
30.00000 33.00000 9309.68613
30.00000 34.00000 9309.26445
30.00000 35.00000 9312.03293
30.00000 36.00000 9311.76850
30.00000 37.00000 9310.35644
30.00000 38.00000 9309.93580
30.00000 39.00000 9310.27570
30.00000 40.00000 9309.82873
30.00000 41.00000 9311.61768
30.00000 42.00000 9314.65767
30.00000 43.00000 9317.73410
30.00000 44.00000 9318.41831
30.00000 45.00000 9317.97838
30.00000 46.00000 9317.05573
30.00000 47.00000 9317.49784
30.00000 48.00000 9316.06420
30.00000 49.00000 9315.07138
30.00000 50.00000 9314.64253
30.00000 51.00000 9314.44024
30.00000 52.00000 9313.84331
30.00000 53.00000 9314.51955
30.00000 54.00000 9313.82602
30.00000 55.00000 9313.87311
30.00000 56.00000 9314.92480
30.00000 57.00000 9315.71726
30.00000 58.00000 9316.23427
30.00000 59.00000 9315.83105
30.00000 60.00000 9317.06477
30.00000 61.00000 9320.86995
30.00000 62.00000 9323.43870
30.00000 63.00000 9324.88963
30.00000 64.00000 9328.10505
30.00000 65.00000 9332.31833
30.00000 66.00000 9334.86956
30.00000 67.00000 9335.84812
30.00000 68.00000 9337.98440
30.00000 69.00000 9341.31925
30.00000 70.00000 9344.15510
31.00000 25.00000 9301.70076
31.00000 26.00000 9302.42065
31.00000 27.00000 9306.06948
31.00000 28.00000 9309.89369
31.00000 29.00000 9313.21468
31.00000 30.00000 9315.02411
31.00000 31.00000 9314.20223
31.00000 32.00000 9311.02288
31.00000 33.00000 9309.06547
31.00000 34.00000 9307.84644
31.00000 35.00000 9310.14863
31.00000 36.00000 9310.03940
31.00000 37.00000 9308.87440
31.00000 38.00000 9308.63861
31.00000 39.00000 9308.99629
31.00000 40.00000 9308.59178
31.00000 41.00000 9310.17952
31.00000 42.00000 9312.66345
31.00000 43.00000 9315.49841
31.00000 44.00000 9316.73218
31.00000 45.00000 9317.19457
31.00000 46.00000 9317.05697
31.00000 47.00000 9317.65530
31.00000 48.00000 9316.66961
31.00000 49.00000 9316.03891
31.00000 50.00000 9315.24549
31.00000 51.00000 9314.50340
31.00000 52.00000 9313.71394
31.00000 53.00000 9314.27662
31.00000 54.00000 9313.49420
31.00000 55.00000 9313.44455
31.00000 56.00000 9314.38429
31.00000 57.00000 9315.27163
31.00000 58.00000 9315.74001
31.00000 59.00000 9315.12335
31.00000 60.00000 9316.10885
31.00000 61.00000 9319.65109
31.00000 62.00000 9322.33791
31.00000 63.00000 9324.04723
31.00000 64.00000 9327.52773
31.00000 65.00000 9331.97146
31.00000 66.00000 9334.50912
31.00000 67.00000 9335.38423
31.00000 68.00000 9337.51006
31.00000 69.00000 9340.79421
31.00000 70.00000 9343.56468
32.00000 25.00000 9304.12903
32.00000 26.00000 9304.91857
32.00000 27.00000 9308.36547
32.00000 28.00000 9311.52183
32.00000 29.00000 9314.72320
32.00000 30.00000 9316.82308
32.00000 31.00000 9316.65304
32.00000 32.00000 9312.78436
32.00000 33.00000 9310.86598
32.00000 34.00000 9309.83490
32.00000 35.00000 9312.00439
32.00000 36.00000 9311.49327
32.00000 37.00000 9310.31325
32.00000 38.00000 9310.23394
32.00000 39.00000 9310.56391
32.00000 40.00000 9309.92228
32.00000 41.00000 9311.18684
32.00000 42.00000 9313.35088
32.00000 43.00000 9316.07790
32.00000 44.00000 9317.27046
32.00000 45.00000 9317.87870
32.00000 46.00000 9318.02306
32.00000 47.00000 9318.66976
32.00000 48.00000 9317.67943
32.00000 49.00000 9317.61787
32.00000 50.00000 9317.87515
32.00000 51.00000 9317.41348
32.00000 52.00000 9316.06919
32.00000 53.00000 9316.23111
32.00000 54.00000 9315.45024
32.00000 55.00000 9315.41974
32.00000 56.00000 9316.19882
32.00000 57.00000 9317.15631
32.00000 58.00000 9317.85533
32.00000 59.00000 9317.27101
32.00000 60.00000 9318.08278
32.00000 61.00000 9321.06979
32.00000 62.00000 9323.40438
32.00000 63.00000 9325.04328
32.00000 64.00000 9328.34063
32.00000 65.00000 9332.92339
32.00000 66.00000 9335.85266
32.00000 67.00000 9336.85191
32.00000 68.00000 9338.91977
32.00000 69.00000 9341.97598
32.00000 70.00000 9344.58226
33.00000 25.00000 9306.62174
33.00000 26.00000 9307.22700
33.00000 27.00000 9310.54085
33.00000 28.00000 9312.96883
33.00000 29.00000 9315.17326
33.00000 30.00000 9316.78287
33.00000 31.00000 9316.75701
33.00000 32.00000 9314.52396
33.00000 33.00000 9311.80387
33.00000 34.00000 9312.05603
33.00000 35.00000 9314.49871
33.00000 36.00000 9313.45973
33.00000 37.00000 9311.63907
33.00000 38.00000 9311.37329
33.00000 39.00000 9311.66566
33.00000 40.00000 9310.66422
33.00000 41.00000 9311.33063
33.00000 42.00000 9312.95449
33.00000 43.00000 9315.51256
33.00000 44.00000 9316.74159
33.00000 45.00000 9317.44317
33.00000 46.00000 9317.82306
33.00000 47.00000 9318.77500
33.00000 48.00000 9317.74448
33.00000 49.00000 9317.69472
33.00000 50.00000 9318.87858
33.00000 51.00000 9319.67680
33.00000 52.00000 9318.71334
33.00000 53.00000 9318.40368
33.00000 54.00000 9317.16495
33.00000 55.00000 9316.90843
33.00000 56.00000 9317.36926
33.00000 57.00000 9318.22681
33.00000 58.00000 9318.99761
33.00000 59.00000 9318.49093
33.00000 60.00000 9319.25256
33.00000 61.00000 9321.76449
33.00000 62.00000 9323.64103
33.00000 63.00000 9325.20080
33.00000 64.00000 9328.38778
33.00000 65.00000 9333.11408
33.00000 66.00000 9336.47533
33.00000 67.00000 9337.98882
33.00000 68.00000 9340.34361
33.00000 69.00000 9343.21709
33.00000 70.00000 9345.41263
34.00000 25.00000 9309.34081
34.00000 26.00000 9309.51462
34.00000 27.00000 9312.47909
34.00000 28.00000 9314.32840
34.00000 29.00000 9315.43968
34.00000 30.00000 9315.84591
34.00000 31.00000 9315.14049
34.00000 32.00000 9313.91042
34.00000 33.00000 9313.14351
34.00000 34.00000 9313.33622
34.00000 35.00000 9317.06906
34.00000 36.00000 9315.82120
34.00000 37.00000 9313.22041
34.00000 38.00000 9312.59616
34.00000 39.00000 9312.98290
34.00000 40.00000 9311.88083
34.00000 41.00000 9312.13615
34.00000 42.00000 9313.12560
34.00000 43.00000 9315.18550
34.00000 44.00000 9316.26720
34.00000 45.00000 9316.97526
34.00000 46.00000 9317.55278
34.00000 47.00000 9318.90916
34.00000 48.00000 9318.02301
34.00000 49.00000 9317.83110
34.00000 50.00000 9319.00773
34.00000 51.00000 9320.94439
34.00000 52.00000 9321.23130
34.00000 53.00000 9321.09221
34.00000 54.00000 9319.27010
34.00000 55.00000 9318.66971
34.00000 56.00000 9318.85669
34.00000 57.00000 9319.63529
34.00000 58.00000 9320.41471
34.00000 59.00000 9319.88299
34.00000 60.00000 9320.55204
34.00000 61.00000 9322.59224
34.00000 62.00000 9323.87640
34.00000 63.00000 9325.42242
34.00000 64.00000 9328.71848
34.00000 65.00000 9333.85942
34.00000 66.00000 9337.79943
34.00000 67.00000 9339.81154
34.00000 68.00000 9342.49170
34.00000 69.00000 9345.24201
34.00000 70.00000 9346.78789
35.00000 25.00000 9312.06400
35.00000 26.00000 9311.58268
35.00000 27.00000 9313.92314
35.00000 28.00000 9315.40911
35.00000 29.00000 9315.96499
35.00000 30.00000 9315.71139
35.00000 31.00000 9314.32658
35.00000 32.00000 9313.25378
35.00000 33.00000 9313.58691
35.00000 34.00000 9315.17133
35.00000 35.00000 9319.44517
35.00000 36.00000 9318.76252
35.00000 37.00000 9315.84048
35.00000 38.00000 9314.60977
35.00000 39.00000 9314.81295
35.00000 40.00000 9313.81199
35.00000 41.00000 9314.12886
35.00000 42.00000 9314.77392
35.00000 43.00000 9316.27192
35.00000 44.00000 9316.93018
35.00000 45.00000 9317.40053
35.00000 46.00000 9317.89675
35.00000 47.00000 9319.47934
35.00000 48.00000 9318.77767
35.00000 49.00000 9318.55927
35.00000 50.00000 9319.30477
35.00000 51.00000 9321.33766
35.00000 52.00000 9322.65681
35.00000 53.00000 9323.35539
35.00000 54.00000 9321.66056
35.00000 55.00000 9321.09722
35.00000 56.00000 9321.34585
35.00000 57.00000 9322.12915
35.00000 58.00000 9322.87649
35.00000 59.00000 9322.10710
35.00000 60.00000 9322.47607
35.00000 61.00000 9324.05999
35.00000 62.00000 9324.84485
35.00000 63.00000 9326.49885
35.00000 64.00000 9330.07549
35.00000 65.00000 9335.62852
35.00000 66.00000 9340.00776
35.00000 67.00000 9342.20007
35.00000 68.00000 9344.99963
35.00000 69.00000 9347.76436
35.00000 70.00000 9349.04093
36.00000 25.00000 9310.90706
36.00000 26.00000 9309.64518
36.00000 27.00000 9311.27526
36.00000 28.00000 9312.55018
36.00000 29.00000 9313.00329
36.00000 30.00000 9312.75576
36.00000 31.00000 9311.61323
36.00000 32.00000 9310.13952
36.00000 33.00000 9310.03588
36.00000 34.00000 9312.11264
36.00000 35.00000 9317.32128
36.00000 36.00000 9317.83597
36.00000 37.00000 9315.26911
36.00000 38.00000 9314.19823
36.00000 39.00000 9314.51592
36.00000 40.00000 9313.21839
36.00000 41.00000 9313.66658
36.00000 42.00000 9314.23972
36.00000 43.00000 9315.23667
36.00000 44.00000 9314.68545
36.00000 45.00000 9314.34814
36.00000 46.00000 9314.49212
36.00000 47.00000 9316.19815
36.00000 48.00000 9315.82596
36.00000 49.00000 9315.88173
36.00000 50.00000 9316.66043
36.00000 51.00000 9318.25956
36.00000 52.00000 9319.63214
36.00000 53.00000 9321.45598
36.00000 54.00000 9321.07213
36.00000 55.00000 9320.93411
36.00000 56.00000 9321.11990
36.00000 57.00000 9321.94169
36.00000 58.00000 9322.80782
36.00000 59.00000 9321.80887
36.00000 60.00000 9321.73788
36.00000 61.00000 9322.79036
36.00000 62.00000 9323.22790
36.00000 63.00000 9324.79040
36.00000 64.00000 9328.24442
36.00000 65.00000 9333.78390
36.00000 66.00000 9338.36806
36.00000 67.00000 9340.57597
36.00000 68.00000 9343.47268
36.00000 69.00000 9346.48974
36.00000 70.00000 9347.94397
37.00000 25.00000 9307.93203
37.00000 26.00000 9306.26014
37.00000 27.00000 9307.30205
37.00000 28.00000 9308.26246
37.00000 29.00000 9308.59203
37.00000 30.00000 9308.38635
37.00000 31.00000 9307.70911
37.00000 32.00000 9306.37728
37.00000 33.00000 9305.76179
37.00000 34.00000 9307.22391
37.00000 35.00000 9313.02055
37.00000 36.00000 9315.13225
37.00000 37.00000 9313.67166
37.00000 38.00000 9312.92729
37.00000 39.00000 9313.78696
37.00000 40.00000 9312.43428
37.00000 41.00000 9312.73546
37.00000 42.00000 9313.03024
37.00000 43.00000 9313.53086
37.00000 44.00000 9311.74858
37.00000 45.00000 9310.22599
37.00000 46.00000 9309.62223
37.00000 47.00000 9311.21505
37.00000 48.00000 9311.16655
37.00000 49.00000 9311.56481
37.00000 50.00000 9312.65252
37.00000 51.00000 9314.28713
37.00000 52.00000 9315.58440
37.00000 53.00000 9317.93275
37.00000 54.00000 9319.15732
37.00000 55.00000 9320.09555
37.00000 56.00000 9320.58256
37.00000 57.00000 9321.21525
37.00000 58.00000 9321.76285
37.00000 59.00000 9320.67955
37.00000 60.00000 9320.33726
37.00000 61.00000 9320.91307
37.00000 62.00000 9321.03434
37.00000 63.00000 9322.59003
37.00000 64.00000 9325.89542
37.00000 65.00000 9331.07282
37.00000 66.00000 9335.30962
37.00000 67.00000 9337.42827
37.00000 68.00000 9340.37640
37.00000 69.00000 9343.60570
37.00000 70.00000 9345.38618
38.00000 25.00000 9304.42733
38.00000 26.00000 9302.89214
38.00000 27.00000 9303.53678
38.00000 28.00000 9304.26103
38.00000 29.00000 9304.58873
38.00000 30.00000 9304.49832
38.00000 31.00000 9304.23714
38.00000 32.00000 9303.22525
38.00000 33.00000 9302.47485
38.00000 34.00000 9303.11415
38.00000 35.00000 9308.33419
38.00000 36.00000 9311.76647
38.00000 37.00000 9312.45444
38.00000 38.00000 9312.43651
38.00000 39.00000 9313.46136
38.00000 40.00000 9312.49931
38.00000 41.00000 9312.32250
38.00000 42.00000 9311.93359
38.00000 43.00000 9311.96371
38.00000 44.00000 9309.35042
38.00000 45.00000 9306.74860
38.00000 46.00000 9305.05052
38.00000 47.00000 9306.24765
38.00000 48.00000 9306.45391
38.00000 49.00000 9307.19990
38.00000 50.00000 9308.69983
38.00000 51.00000 9310.53628
38.00000 52.00000 9312.00479
38.00000 53.00000 9314.55700
38.00000 54.00000 9316.37614
38.00000 55.00000 9318.06200
38.00000 56.00000 9319.17971
38.00000 57.00000 9320.17077
38.00000 58.00000 9320.53223
38.00000 59.00000 9319.47495
38.00000 60.00000 9319.00852
38.00000 61.00000 9319.29606
38.00000 62.00000 9319.19958
38.00000 63.00000 9320.80583
38.00000 64.00000 9324.07480
38.00000 65.00000 9328.93549
38.00000 66.00000 9332.58482
38.00000 67.00000 9334.59441
38.00000 68.00000 9337.61014
38.00000 69.00000 9341.06393
38.00000 70.00000 9343.17824
39.00000 25.00000 9301.45833
39.00000 26.00000 9300.39079
39.00000 27.00000 9300.82521
39.00000 28.00000 9301.29081
39.00000 29.00000 9301.58271
39.00000 30.00000 9301.51391
39.00000 31.00000 9301.41926
39.00000 32.00000 9300.67561
39.00000 33.00000 9300.08220
39.00000 34.00000 9300.49278
39.00000 35.00000 9304.95554
39.00000 36.00000 9308.71221
39.00000 37.00000 9310.84096
39.00000 38.00000 9312.26700
39.00000 39.00000 9313.66416
39.00000 40.00000 9312.96827
39.00000 41.00000 9312.27443
39.00000 42.00000 9311.21592
39.00000 43.00000 9310.72709
39.00000 44.00000 9307.61445
39.00000 45.00000 9304.32454
39.00000 46.00000 9301.75922
39.00000 47.00000 9302.64624
39.00000 48.00000 9302.96101
39.00000 49.00000 9303.94705
39.00000 50.00000 9305.70450
39.00000 51.00000 9307.60459
39.00000 52.00000 9309.25483
39.00000 53.00000 9312.07985
39.00000 54.00000 9314.02569
39.00000 55.00000 9315.94423
39.00000 56.00000 9317.49851
39.00000 57.00000 9318.90836
39.00000 58.00000 9319.46422
39.00000 59.00000 9318.54864
39.00000 60.00000 9318.03617
39.00000 61.00000 9318.19292
39.00000 62.00000 9317.95281
39.00000 63.00000 9319.58692
39.00000 64.00000 9322.84081
39.00000 65.00000 9327.52105
39.00000 66.00000 9330.82665
39.00000 67.00000 9332.89880
39.00000 68.00000 9336.08543
39.00000 69.00000 9339.74230
39.00000 70.00000 9342.09125
40.00000 25.00000 9299.96425
40.00000 26.00000 9299.33539
40.00000 27.00000 9300.14349
40.00000 28.00000 9300.38750
40.00000 29.00000 9300.29444
40.00000 30.00000 9299.97028
40.00000 31.00000 9299.82410
40.00000 32.00000 9299.39767
40.00000 33.00000 9299.20896
40.00000 34.00000 9300.08326
40.00000 35.00000 9304.44399
40.00000 36.00000 9307.34692
40.00000 37.00000 9309.67399
40.00000 38.00000 9311.99723
40.00000 39.00000 9314.07040
40.00000 40.00000 9314.26189
40.00000 41.00000 9313.23706
40.00000 42.00000 9311.21000
40.00000 43.00000 9310.20529
40.00000 44.00000 9306.93777
40.00000 45.00000 9303.79402
40.00000 46.00000 9301.31517
40.00000 47.00000 9302.34081
40.00000 48.00000 9302.07557
40.00000 49.00000 9302.67190
40.00000 50.00000 9304.31842
40.00000 51.00000 9306.17900
40.00000 52.00000 9307.85115
40.00000 53.00000 9310.77159
40.00000 54.00000 9312.74873
40.00000 55.00000 9314.60939
40.00000 56.00000 9316.28068
40.00000 57.00000 9317.94157
40.00000 58.00000 9319.01005
40.00000 59.00000 9318.25989
40.00000 60.00000 9317.48658
40.00000 61.00000 9317.42381
40.00000 62.00000 9316.97207
40.00000 63.00000 9318.65133
40.00000 64.00000 9322.17230
40.00000 65.00000 9327.15587
40.00000 66.00000 9330.64644
40.00000 67.00000 9332.83824
40.00000 68.00000 9335.98679
40.00000 69.00000 9339.65656
40.00000 70.00000 9342.13710
41.00000 25.00000 9300.41545
41.00000 26.00000 9300.06836
41.00000 27.00000 9301.75206
41.00000 28.00000 9302.55276
41.00000 29.00000 9302.20362
41.00000 30.00000 9301.31447
41.00000 31.00000 9300.63974
41.00000 32.00000 9300.09823
41.00000 33.00000 9300.09370
41.00000 34.00000 9301.38055
41.00000 35.00000 9305.80671
41.00000 36.00000 9307.68325
41.00000 37.00000 9308.71729
41.00000 38.00000 9310.30316
41.00000 39.00000 9312.15844
41.00000 40.00000 9312.34688
41.00000 41.00000 9315.27240
41.00000 42.00000 9314.19895
41.00000 43.00000 9312.76168
41.00000 44.00000 9309.48197
41.00000 45.00000 9306.59163
41.00000 46.00000 9304.37914
41.00000 47.00000 9305.51546
41.00000 48.00000 9304.74768
41.00000 49.00000 9304.58878
41.00000 50.00000 9305.54902
41.00000 51.00000 9306.97794
41.00000 52.00000 9308.29167
41.00000 53.00000 9310.91160
41.00000 54.00000 9312.56083
41.00000 55.00000 9314.33558
41.00000 56.00000 9316.12273
41.00000 57.00000 9317.79726
41.00000 58.00000 9319.28011
41.00000 59.00000 9318.67025
41.00000 60.00000 9318.05908
41.00000 61.00000 9318.20243
41.00000 62.00000 9317.59732
41.00000 63.00000 9319.18956
41.00000 64.00000 9322.88756
41.00000 65.00000 9328.14318
41.00000 66.00000 9331.84987
41.00000 67.00000 9334.22209
41.00000 68.00000 9337.44448
41.00000 69.00000 9341.18700
41.00000 70.00000 9343.78848
42.00000 25.00000 9300.37618
42.00000 26.00000 9300.22182
42.00000 27.00000 9302.67442
42.00000 28.00000 9304.32682
42.00000 29.00000 9303.95706
42.00000 30.00000 9302.34231
42.00000 31.00000 9300.69908
42.00000 32.00000 9299.73824
42.00000 33.00000 9299.77018
42.00000 34.00000 9301.43151
42.00000 35.00000 9305.97347
42.00000 36.00000 9307.04395
42.00000 37.00000 9306.66717
42.00000 38.00000 9307.03434
42.00000 39.00000 9308.27405
42.00000 40.00000 9308.32883
42.00000 41.00000 9311.94405
42.00000 42.00000 9314.99872
42.00000 43.00000 9314.70919
42.00000 44.00000 9311.59864
42.00000 45.00000 9308.95344
42.00000 46.00000 9306.98053
42.00000 47.00000 9308.14393
42.00000 48.00000 9307.14509
42.00000 49.00000 9306.37429
42.00000 50.00000 9306.45950
42.00000 51.00000 9307.24287
42.00000 52.00000 9308.00191
42.00000 53.00000 9310.14251
42.00000 54.00000 9311.24984
42.00000 55.00000 9312.94628
42.00000 56.00000 9314.87119
42.00000 57.00000 9316.40454
42.00000 58.00000 9317.83779
42.00000 59.00000 9317.15649
42.00000 60.00000 9316.89770
42.00000 61.00000 9317.79749
42.00000 62.00000 9317.32071
42.00000 63.00000 9318.90752
42.00000 64.00000 9322.86815
42.00000 65.00000 9328.42140
42.00000 66.00000 9332.42655
42.00000 67.00000 9334.94228
42.00000 68.00000 9338.21870
42.00000 69.00000 9341.98097
42.00000 70.00000 9344.58050
43.00000 25.00000 9299.31762
43.00000 26.00000 9299.48205
43.00000 27.00000 9302.43990
43.00000 28.00000 9304.74704
43.00000 29.00000 9304.74595
43.00000 30.00000 9302.93735
43.00000 31.00000 9300.54477
43.00000 32.00000 9298.92139
43.00000 33.00000 9298.78069
43.00000 34.00000 9300.50061
43.00000 35.00000 9304.99404
43.00000 36.00000 9305.48649
43.00000 37.00000 9304.23146
43.00000 38.00000 9303.92267
43.00000 39.00000 9304.67595
43.00000 40.00000 9304.61099
43.00000 41.00000 9307.91912
43.00000 42.00000 9311.95089
43.00000 43.00000 9314.64659
43.00000 44.00000 9312.84635
43.00000 45.00000 9310.53950
43.00000 46.00000 9308.65794
43.00000 47.00000 9309.67300
43.00000 48.00000 9308.58260
43.00000 49.00000 9307.43407
43.00000 50.00000 9306.85095
43.00000 51.00000 9306.91524
43.00000 52.00000 9306.99764
43.00000 53.00000 9308.53933
43.00000 54.00000 9309.05948
43.00000 55.00000 9310.52599
43.00000 56.00000 9312.55030
43.00000 57.00000 9314.22205
43.00000 58.00000 9315.41154
43.00000 59.00000 9314.54720
43.00000 60.00000 9314.54665
43.00000 61.00000 9316.28257
43.00000 62.00000 9316.41341
43.00000 63.00000 9318.11115
43.00000 64.00000 9322.35650
43.00000 65.00000 9328.17767
43.00000 66.00000 9332.45521
43.00000 67.00000 9334.87115
43.00000 68.00000 9337.98078
43.00000 69.00000 9341.62603
43.00000 70.00000 9344.18941
44.00000 25.00000 9294.59220
44.00000 26.00000 9294.98351
44.00000 27.00000 9298.38942
44.00000 28.00000 9300.67116
44.00000 29.00000 9301.07814
44.00000 30.00000 9299.93702
44.00000 31.00000 9297.87884
44.00000 32.00000 9295.47275
44.00000 33.00000 9294.71415
44.00000 34.00000 9296.03286
44.00000 35.00000 9300.34604
44.00000 36.00000 9300.46072
44.00000 37.00000 9298.66227
44.00000 38.00000 9297.84313
44.00000 39.00000 9298.18188
44.00000 40.00000 9297.79449
44.00000 41.00000 9300.98625
44.00000 42.00000 9305.45155
44.00000 43.00000 9310.04844
44.00000 44.00000 9310.10452
44.00000 45.00000 9307.66074
44.00000 46.00000 9305.91116
44.00000 47.00000 9307.02647
44.00000 48.00000 9306.26824
44.00000 49.00000 9305.24522
44.00000 50.00000 9304.50908
44.00000 51.00000 9303.89873
44.00000 52.00000 9302.84867
44.00000 53.00000 9303.56207
44.00000 54.00000 9303.54495
44.00000 55.00000 9304.57946
44.00000 56.00000 9306.51595
44.00000 57.00000 9308.57295
44.00000 58.00000 9309.93983
44.00000 59.00000 9309.04802
44.00000 60.00000 9309.09290
44.00000 61.00000 9311.32175
44.00000 62.00000 9312.19971
44.00000 63.00000 9314.03800
44.00000 64.00000 9318.51961
44.00000 65.00000 9324.51687
44.00000 66.00000 9329.09462
44.00000 67.00000 9331.23553
44.00000 68.00000 9333.96018
44.00000 69.00000 9337.41803
44.00000 70.00000 9339.96674
45.00000 25.00000 9290.19694
45.00000 26.00000 9290.61638
45.00000 27.00000 9294.24005
45.00000 28.00000 9296.44975
45.00000 29.00000 9296.77658
45.00000 30.00000 9296.10239
45.00000 31.00000 9294.80744
45.00000 32.00000 9292.32044
45.00000 33.00000 9291.06979
45.00000 34.00000 9291.85566
45.00000 35.00000 9295.92257
45.00000 36.00000 9295.68534
45.00000 37.00000 9293.45594
45.00000 38.00000 9292.17032
45.00000 39.00000 9292.10412
45.00000 40.00000 9291.62535
45.00000 41.00000 9294.65070
45.00000 42.00000 9298.96810
45.00000 43.00000 9303.98131
45.00000 44.00000 9305.66103
45.00000 45.00000 9304.68414
45.00000 46.00000 9302.85126
45.00000 47.00000 9304.09901
45.00000 48.00000 9303.46757
45.00000 49.00000 9302.48627
45.00000 50.00000 9301.56873
45.00000 51.00000 9300.49090
45.00000 52.00000 9298.79666
45.00000 53.00000 9299.05618
45.00000 54.00000 9298.76215
45.00000 55.00000 9299.45790
45.00000 56.00000 9300.99717
45.00000 57.00000 9302.76962
45.00000 58.00000 9303.94618
45.00000 59.00000 9303.17765
45.00000 60.00000 9303.66445
45.00000 61.00000 9306.53214
45.00000 62.00000 9308.06084
45.00000 63.00000 9310.02161
45.00000 64.00000 9314.61687
45.00000 65.00000 9320.57115
45.00000 66.00000 9325.23405
45.00000 67.00000 9327.18819
45.00000 68.00000 9329.68535
45.00000 69.00000 9333.01284
45.00000 70.00000 9335.49303
46.00000 25.00000 9287.01378
46.00000 26.00000 9287.19128
46.00000 27.00000 9290.42060
46.00000 28.00000 9292.59967
46.00000 29.00000 9293.13038
46.00000 30.00000 9292.53486
46.00000 31.00000 9291.63183
46.00000 32.00000 9289.60194
46.00000 33.00000 9288.37027
46.00000 34.00000 9288.59692
46.00000 35.00000 9292.25869
46.00000 36.00000 9291.73084
46.00000 37.00000 9289.23755
46.00000 38.00000 9287.53072
46.00000 39.00000 9286.99169
46.00000 40.00000 9286.65120
46.00000 41.00000 9289.75918
46.00000 42.00000 9293.99419
46.00000 43.00000 9298.88510
46.00000 44.00000 9300.97838
46.00000 45.00000 9301.87823
46.00000 46.00000 9301.31120
46.00000 47.00000 9302.01009
46.00000 48.00000 9301.20573
46.00000 49.00000 9299.96448
46.00000 50.00000 9298.63072
46.00000 51.00000 9297.11492
46.00000 52.00000 9295.21055
46.00000 53.00000 9295.48600
46.00000 54.00000 9295.19868
46.00000 55.00000 9295.73330
46.00000 56.00000 9296.97782
46.00000 57.00000 9298.30599
46.00000 58.00000 9298.86946
46.00000 59.00000 9298.10967
46.00000 60.00000 9299.12800
46.00000 61.00000 9302.84374
46.00000 62.00000 9305.16271
46.00000 63.00000 9307.23375
46.00000 64.00000 9311.75839
46.00000 65.00000 9317.46582
46.00000 66.00000 9321.74828
46.00000 67.00000 9323.42235
46.00000 68.00000 9325.78951
46.00000 69.00000 9329.05967
46.00000 70.00000 9331.46391
47.00000 25.00000 9289.43847
47.00000 26.00000 9289.44137
47.00000 27.00000 9292.09253
47.00000 28.00000 9293.99655
47.00000 29.00000 9294.80124
47.00000 30.00000 9294.28279
47.00000 31.00000 9293.06140
47.00000 32.00000 9290.98519
47.00000 33.00000 9289.91066
47.00000 34.00000 9289.81098
47.00000 35.00000 9293.20731
47.00000 36.00000 9292.71062
47.00000 37.00000 9290.35523
47.00000 38.00000 9288.65414
47.00000 39.00000 9287.90140
47.00000 40.00000 9287.58299
47.00000 41.00000 9290.68225
47.00000 42.00000 9294.80116
47.00000 43.00000 9299.39641
47.00000 44.00000 9301.37169
47.00000 45.00000 9302.26741
47.00000 46.00000 9302.32195
47.00000 47.00000 9302.77458
47.00000 48.00000 9301.93776
47.00000 49.00000 9300.75222
47.00000 50.00000 9299.48950
47.00000 51.00000 9297.83042
47.00000 52.00000 9295.96438
47.00000 53.00000 9296.50393
47.00000 54.00000 9296.36809
47.00000 55.00000 9296.98972
47.00000 56.00000 9298.23631
47.00000 57.00000 9299.50108
47.00000 58.00000 9299.89520
47.00000 59.00000 9299.11724
47.00000 60.00000 9300.30453
47.00000 61.00000 9304.17783
47.00000 62.00000 9306.88647
47.00000 63.00000 9309.09069
47.00000 64.00000 9313.38876
47.00000 65.00000 9318.79200
47.00000 66.00000 9322.64155
47.00000 67.00000 9324.01276
47.00000 68.00000 9326.34526
47.00000 69.00000 9329.67027
47.00000 70.00000 9332.02175
48.00000 25.00000 9293.09818
48.00000 26.00000 9293.04981
48.00000 27.00000 9295.60356
48.00000 28.00000 9297.44791
48.00000 29.00000 9298.49096
48.00000 30.00000 9298.30438
48.00000 31.00000 9296.95954
48.00000 32.00000 9294.19324
48.00000 33.00000 9292.95122
48.00000 34.00000 9292.82435
48.00000 35.00000 9296.09478
48.00000 36.00000 9295.61431
48.00000 37.00000 9293.50604
48.00000 38.00000 9292.14868
48.00000 39.00000 9291.56477
48.00000 40.00000 9290.76305
48.00000 41.00000 9293.48638
48.00000 42.00000 9297.39292
48.00000 43.00000 9301.71639
48.00000 44.00000 9303.66774
48.00000 45.00000 9304.49342
48.00000 46.00000 9304.67559
48.00000 47.00000 9305.34754
48.00000 48.00000 9304.39750
48.00000 49.00000 9303.22670
48.00000 50.00000 9302.10445
48.00000 51.00000 9300.56287
48.00000 52.00000 9298.44278
48.00000 53.00000 9298.91609
48.00000 54.00000 9298.66623
48.00000 55.00000 9299.39502
48.00000 56.00000 9300.93945
48.00000 57.00000 9302.51759
48.00000 58.00000 9303.30495
48.00000 59.00000 9302.51920
48.00000 60.00000 9303.24731
48.00000 61.00000 9306.53937
48.00000 62.00000 9309.15374
48.00000 63.00000 9311.44152
48.00000 64.00000 9315.67614
48.00000 65.00000 9321.14781
48.00000 66.00000 9324.97473
48.00000 67.00000 9326.17650
48.00000 68.00000 9328.55639
48.00000 69.00000 9332.02124
48.00000 70.00000 9334.38205
49.00000 25.00000 9297.04691
49.00000 26.00000 9296.98181
49.00000 27.00000 9299.54400
49.00000 28.00000 9301.43087
49.00000 29.00000 9302.58049
49.00000 30.00000 9302.58760
49.00000 31.00000 9301.20866
49.00000 32.00000 9298.19925
49.00000 33.00000 9296.35066
49.00000 34.00000 9295.97561
49.00000 35.00000 9299.09861
49.00000 36.00000 9298.59112
49.00000 37.00000 9296.54734
49.00000 38.00000 9295.52438
49.00000 39.00000 9295.28742
49.00000 40.00000 9294.34991
49.00000 41.00000 9296.62304
49.00000 42.00000 9300.04327
49.00000 43.00000 9303.91516
49.00000 44.00000 9305.74119
49.00000 45.00000 9306.54216
49.00000 46.00000 9306.81800
49.00000 47.00000 9307.87042
49.00000 48.00000 9306.81884
49.00000 49.00000 9305.53206
49.00000 50.00000 9304.54356
49.00000 51.00000 9303.61982
49.00000 52.00000 9301.62441
49.00000 53.00000 9301.85865
49.00000 54.00000 9301.28804
49.00000 55.00000 9302.03608
49.00000 56.00000 9303.78171
49.00000 57.00000 9305.61671
49.00000 58.00000 9306.81270
49.00000 59.00000 9306.28432
49.00000 60.00000 9306.90104
49.00000 61.00000 9309.56660
49.00000 62.00000 9311.82531
49.00000 63.00000 9314.19072
49.00000 64.00000 9318.40832
49.00000 65.00000 9324.02115
49.00000 66.00000 9327.89583
49.00000 67.00000 9328.97498
49.00000 68.00000 9331.34572
49.00000 69.00000 9334.85134
49.00000 70.00000 9337.19899
50.00000 25.00000 9301.35784
50.00000 26.00000 9301.27371
50.00000 27.00000 9303.78726
50.00000 28.00000 9305.76172
50.00000 29.00000 9306.90756
50.00000 30.00000 9306.90644
50.00000 31.00000 9305.49632
50.00000 32.00000 9302.92410
50.00000 33.00000 9300.76233
50.00000 34.00000 9299.71194
50.00000 35.00000 9302.37927
50.00000 36.00000 9302.01697
50.00000 37.00000 9299.95511
50.00000 38.00000 9299.09176
50.00000 39.00000 9299.07826
50.00000 40.00000 9298.18192
50.00000 41.00000 9300.03653
50.00000 42.00000 9302.70382
50.00000 43.00000 9305.90333
50.00000 44.00000 9307.35107
50.00000 45.00000 9307.90626
50.00000 46.00000 9308.02899
50.00000 47.00000 9309.31423
50.00000 48.00000 9308.45020
50.00000 49.00000 9307.60890
50.00000 50.00000 9307.07043
50.00000 51.00000 9307.29430
50.00000 52.00000 9306.32204
50.00000 53.00000 9306.41936
50.00000 54.00000 9305.00631
50.00000 55.00000 9305.41055
50.00000 56.00000 9307.13314
50.00000 57.00000 9308.98337
50.00000 58.00000 9310.43001
50.00000 59.00000 9310.19545
50.00000 60.00000 9310.97481
50.00000 61.00000 9313.28863
50.00000 62.00000 9315.00548
50.00000 63.00000 9317.43416
50.00000 64.00000 9321.77811
50.00000 65.00000 9327.72273
50.00000 66.00000 9331.83283
50.00000 67.00000 9333.01630
50.00000 68.00000 9335.39611
50.00000 69.00000 9338.80046
50.00000 70.00000 9340.97495
51.00000 25.00000 9305.47470
51.00000 26.00000 9305.37433
51.00000 27.00000 9307.76642
51.00000 28.00000 9309.31436
51.00000 29.00000 9309.98177
51.00000 30.00000 9309.61520
51.00000 31.00000 9308.12898
51.00000 32.00000 9306.16483
51.00000 33.00000 9304.45324
51.00000 34.00000 9303.62800
51.00000 35.00000 9306.10672
51.00000 36.00000 9305.56499
51.00000 37.00000 9303.49660
51.00000 38.00000 9302.67878
51.00000 39.00000 9302.73370
51.00000 40.00000 9301.87071
51.00000 41.00000 9303.43164
51.00000 42.00000 9305.53828
51.00000 43.00000 9308.05045
51.00000 44.00000 9308.81399
51.00000 45.00000 9308.87657
51.00000 46.00000 9308.62991
51.00000 47.00000 9309.88349
51.00000 48.00000 9309.06848
51.00000 49.00000 9308.70567
51.00000 50.00000 9309.17450
51.00000 51.00000 9310.54333
51.00000 52.00000 9310.75404
51.00000 53.00000 9311.37449
51.00000 54.00000 9309.58090
51.00000 55.00000 9309.28810
51.00000 56.00000 9310.74151
51.00000 57.00000 9312.54025
51.00000 58.00000 9314.18873
51.00000 59.00000 9314.09471
51.00000 60.00000 9314.93605
51.00000 61.00000 9317.07248
51.00000 62.00000 9318.51914
51.00000 63.00000 9320.89383
51.00000 64.00000 9325.24443
51.00000 65.00000 9331.46630
51.00000 66.00000 9335.92779
51.00000 67.00000 9337.49262
51.00000 68.00000 9339.99271
51.00000 69.00000 9343.20531
51.00000 70.00000 9345.08720
52.00000 25.00000 9308.10824
52.00000 26.00000 9307.92886
52.00000 27.00000 9310.24596
52.00000 28.00000 9311.15195
52.00000 29.00000 9311.12761
52.00000 30.00000 9310.29649
52.00000 31.00000 9308.68742
52.00000 32.00000 9307.22051
52.00000 33.00000 9306.05697
52.00000 34.00000 9306.27790
52.00000 35.00000 9309.49473
52.00000 36.00000 9308.21593
52.00000 37.00000 9305.67991
52.00000 38.00000 9304.79862
52.00000 39.00000 9304.92058
52.00000 40.00000 9304.09286
52.00000 41.00000 9305.51808
52.00000 42.00000 9307.37568
52.00000 43.00000 9309.49578
52.00000 44.00000 9309.30021
52.00000 45.00000 9308.68888
52.00000 46.00000 9308.07542
52.00000 47.00000 9309.30442
52.00000 48.00000 9308.42933
52.00000 49.00000 9308.15164
52.00000 50.00000 9309.33336
52.00000 51.00000 9311.78920
52.00000 52.00000 9312.93378
52.00000 53.00000 9314.48446
52.00000 54.00000 9313.31283
52.00000 55.00000 9312.39901
52.00000 56.00000 9312.99760
52.00000 57.00000 9314.56680
52.00000 58.00000 9316.53777
52.00000 59.00000 9316.65983
52.00000 60.00000 9317.53388
52.00000 61.00000 9319.62014
52.00000 62.00000 9320.97984
52.00000 63.00000 9323.23941
52.00000 64.00000 9327.30859
52.00000 65.00000 9333.41201
52.00000 66.00000 9338.10403
52.00000 67.00000 9340.09337
52.00000 68.00000 9342.83507
52.00000 69.00000 9345.97591
52.00000 70.00000 9347.70040
53.00000 25.00000 9310.47609
53.00000 26.00000 9310.28948
53.00000 27.00000 9312.53557
53.00000 28.00000 9312.93771
53.00000 29.00000 9312.13957
53.00000 30.00000 9310.72467
53.00000 31.00000 9308.95266
53.00000 32.00000 9308.03334
53.00000 33.00000 9307.48496
53.00000 34.00000 9308.52642
53.00000 35.00000 9312.62260
53.00000 36.00000 9311.56617
53.00000 37.00000 9308.58014
53.00000 38.00000 9307.41909
53.00000 39.00000 9307.46618
53.00000 40.00000 9306.65884
53.00000 41.00000 9307.95150
53.00000 42.00000 9309.57573
53.00000 43.00000 9311.37634
53.00000 44.00000 9310.44891
53.00000 45.00000 9309.20633
53.00000 46.00000 9308.21480
53.00000 47.00000 9309.47524
53.00000 48.00000 9308.68562
53.00000 49.00000 9308.34895
53.00000 50.00000 9309.45309
53.00000 51.00000 9312.19101
53.00000 52.00000 9314.13871
53.00000 53.00000 9316.84096
53.00000 54.00000 9317.30957
53.00000 55.00000 9316.73067
53.00000 56.00000 9316.58131
53.00000 57.00000 9317.34466
53.00000 58.00000 9319.11338
53.00000 59.00000 9319.36164
53.00000 60.00000 9320.29990
53.00000 61.00000 9322.41559
53.00000 62.00000 9323.67311
53.00000 63.00000 9325.86269
53.00000 64.00000 9329.72782
53.00000 65.00000 9335.41624
53.00000 66.00000 9339.89169
53.00000 67.00000 9342.13818
53.00000 68.00000 9345.27909
53.00000 69.00000 9348.78130
53.00000 70.00000 9350.82775
54.00000 25.00000 9310.56759
54.00000 26.00000 9310.49406
54.00000 27.00000 9312.58595
54.00000 28.00000 9312.65462
54.00000 29.00000 9311.08143
54.00000 30.00000 9308.71509
54.00000 31.00000 9306.51098
54.00000 32.00000 9306.01750
54.00000 33.00000 9306.16768
54.00000 34.00000 9307.84363
54.00000 35.00000 9312.66739
54.00000 36.00000 9312.94264
54.00000 37.00000 9310.72059
54.00000 38.00000 9309.27874
54.00000 39.00000 9308.92100
54.00000 40.00000 9308.18879
54.00000 41.00000 9309.35390
54.00000 42.00000 9310.54923
54.00000 43.00000 9311.78825
54.00000 44.00000 9310.26380
54.00000 45.00000 9308.46174
54.00000 46.00000 9307.00834
54.00000 47.00000 9308.22263
54.00000 48.00000 9307.57375
54.00000 49.00000 9307.36619
54.00000 50.00000 9308.21784
54.00000 51.00000 9310.57136
54.00000 52.00000 9312.91072
54.00000 53.00000 9316.15306
54.00000 54.00000 9318.43930
54.00000 55.00000 9319.45746
54.00000 56.00000 9319.51779
54.00000 57.00000 9319.72482
54.00000 58.00000 9320.75333
54.00000 59.00000 9320.89099
54.00000 60.00000 9321.67149
54.00000 61.00000 9323.53338
54.00000 62.00000 9324.49725
54.00000 63.00000 9326.57216
54.00000 64.00000 9330.37485
54.00000 65.00000 9335.80670
54.00000 66.00000 9339.83137
54.00000 67.00000 9342.11325
54.00000 68.00000 9345.46685
54.00000 69.00000 9349.37340
54.00000 70.00000 9352.09077
55.00000 25.00000 9310.42178
55.00000 26.00000 9310.32135
55.00000 27.00000 9312.18130
55.00000 28.00000 9312.22174
55.00000 29.00000 9310.39126
55.00000 30.00000 9307.45207
55.00000 31.00000 9305.08121
55.00000 32.00000 9304.57431
55.00000 33.00000 9305.04211
55.00000 34.00000 9306.88249
55.00000 35.00000 9311.84100
55.00000 36.00000 9312.99606
55.00000 37.00000 9311.92222
55.00000 38.00000 9310.95926
55.00000 39.00000 9310.47369
55.00000 40.00000 9309.61299
55.00000 41.00000 9310.83182
55.00000 42.00000 9311.80411
55.00000 43.00000 9312.48773
55.00000 44.00000 9310.45305
55.00000 45.00000 9308.21817
55.00000 46.00000 9306.36775
55.00000 47.00000 9307.46789
55.00000 48.00000 9306.81396
55.00000 49.00000 9306.66102
55.00000 50.00000 9307.40916
55.00000 51.00000 9309.24600
55.00000 52.00000 9311.39359
55.00000 53.00000 9314.94932
55.00000 54.00000 9317.98073
55.00000 55.00000 9320.35774
55.00000 56.00000 9321.58826
55.00000 57.00000 9322.15727
55.00000 58.00000 9322.96541
55.00000 59.00000 9322.70158
55.00000 60.00000 9322.99215
55.00000 61.00000 9324.38683
55.00000 62.00000 9324.93026
55.00000 63.00000 9326.96473
55.00000 64.00000 9330.87835
55.00000 65.00000 9336.30486
55.00000 66.00000 9340.13563
55.00000 67.00000 9342.24257
55.00000 68.00000 9345.52099
55.00000 69.00000 9349.60644
55.00000 70.00000 9352.82143
