k1 k2 chisq 
11.00000 25.00000 50770.49257
11.00000 26.00000 50723.35396
11.00000 27.00000 50687.47234
11.00000 28.00000 50654.75766
11.00000 29.00000 50615.26805
11.00000 30.00000 50577.98105
11.00000 31.00000 50545.21739
11.00000 32.00000 50518.59528
11.00000 33.00000 50493.12984
11.00000 34.00000 50466.18664
11.00000 35.00000 50456.88682
11.00000 36.00000 50456.02978
11.00000 37.00000 50446.42676
11.00000 38.00000 50438.67893
11.00000 39.00000 50433.33129
11.00000 40.00000 50435.39760
11.00000 41.00000 50435.84273
11.00000 42.00000 50438.09779
11.00000 43.00000 50449.58944
11.00000 44.00000 50465.30214
11.00000 45.00000 50483.58707
11.00000 46.00000 50511.92004
11.00000 47.00000 50548.78147
11.00000 48.00000 50589.26478
11.00000 49.00000 50613.79790
11.00000 50.00000 50635.72093
11.00000 51.00000 50683.49198
11.00000 52.00000 50737.41030
11.00000 53.00000 50794.56951
11.00000 54.00000 50871.24218
11.00000 55.00000 50980.01521
11.00000 56.00000 51101.69636
11.00000 57.00000 51221.00531
11.00000 58.00000 51339.97440
11.00000 59.00000 51473.86851
11.00000 60.00000 51606.08790
11.00000 61.00000 51739.31442
11.00000 62.00000 51883.96992
11.00000 63.00000 52061.63081
11.00000 64.00000 52241.36834
11.00000 65.00000 52420.84244
11.00000 66.00000 52622.76616
11.00000 67.00000 52838.08387
11.00000 68.00000 53049.91166
11.00000 69.00000 53264.16179
11.00000 70.00000 53507.06138
12.00000 25.00000 50748.85872
12.00000 26.00000 50699.67420
12.00000 27.00000 50662.28917
12.00000 28.00000 50629.92513
12.00000 29.00000 50590.26660
12.00000 30.00000 50551.91609
12.00000 31.00000 50518.34819
12.00000 32.00000 50489.29396
12.00000 33.00000 50461.85035
12.00000 34.00000 50432.94660
12.00000 35.00000 50422.84589
12.00000 36.00000 50423.25613
12.00000 37.00000 50413.87986
12.00000 38.00000 50404.21905
12.00000 39.00000 50396.92777
12.00000 40.00000 50398.13380
12.00000 41.00000 50400.79447
12.00000 42.00000 50405.86424
12.00000 43.00000 50418.60249
12.00000 44.00000 50435.85162
12.00000 45.00000 50455.40833
12.00000 46.00000 50483.53659
12.00000 47.00000 50520.67085
12.00000 48.00000 50563.48661
12.00000 49.00000 50592.43410
12.00000 50.00000 50619.64854
12.00000 51.00000 50671.67714
12.00000 52.00000 50728.93238
12.00000 53.00000 50791.38935
12.00000 54.00000 50873.71768
12.00000 55.00000 50988.33046
12.00000 56.00000 51117.27636
12.00000 57.00000 51243.48268
12.00000 58.00000 51367.70295
12.00000 59.00000 51507.69088
12.00000 60.00000 51646.52570
12.00000 61.00000 51787.65577
12.00000 62.00000 51944.16067
12.00000 63.00000 52133.13147
12.00000 64.00000 52324.49987
12.00000 65.00000 52514.46671
12.00000 66.00000 52725.50454
12.00000 67.00000 52951.76614
12.00000 68.00000 53173.34517
12.00000 69.00000 53397.96761
12.00000 70.00000 53654.23495
13.00000 25.00000 50740.13309
13.00000 26.00000 50687.06581
13.00000 27.00000 50644.60749
13.00000 28.00000 50609.88480
13.00000 29.00000 50571.48916
13.00000 30.00000 50536.91936
13.00000 31.00000 50505.20310
13.00000 32.00000 50474.20250
13.00000 33.00000 50442.97462
13.00000 34.00000 50409.86865
13.00000 35.00000 50396.30418
13.00000 36.00000 50393.95107
13.00000 37.00000 50385.40735
13.00000 38.00000 50378.82309
13.00000 39.00000 50373.82741
13.00000 40.00000 50373.63082
13.00000 41.00000 50373.97661
13.00000 42.00000 50376.38857
13.00000 43.00000 50388.38993
13.00000 44.00000 50406.99719
13.00000 45.00000 50430.33357
13.00000 46.00000 50463.26166
13.00000 47.00000 50501.98240
13.00000 48.00000 50545.44161
13.00000 49.00000 50576.59195
13.00000 50.00000 50607.81021
13.00000 51.00000 50664.11902
13.00000 52.00000 50725.08937
13.00000 53.00000 50793.32908
13.00000 54.00000 50882.82891
13.00000 55.00000 51002.06976
13.00000 56.00000 51134.67131
13.00000 57.00000 51266.15516
13.00000 58.00000 51398.53561
13.00000 59.00000 51547.49776
13.00000 60.00000 51695.89260
13.00000 61.00000 51846.47388
13.00000 62.00000 52012.14238
13.00000 63.00000 52207.16878
13.00000 64.00000 52404.03647
13.00000 65.00000 52601.80010
13.00000 66.00000 52824.14297
13.00000 67.00000 53065.20411
13.00000 68.00000 53302.45777
13.00000 69.00000 53540.94547
13.00000 70.00000 53809.49068
14.00000 25.00000 50735.11740
14.00000 26.00000 50683.89850
14.00000 27.00000 50636.21621
14.00000 28.00000 50596.84239
14.00000 29.00000 50560.15162
14.00000 30.00000 50529.79704
14.00000 31.00000 50498.53322
14.00000 32.00000 50465.00880
14.00000 33.00000 50431.19181
14.00000 34.00000 50395.47759
14.00000 35.00000 50376.56085
14.00000 36.00000 50371.16382
14.00000 37.00000 50363.79559
14.00000 38.00000 50359.86874
14.00000 39.00000 50355.90566
14.00000 40.00000 50356.54880
14.00000 41.00000 50357.56714
14.00000 42.00000 50357.91077
14.00000 43.00000 50367.81388
14.00000 44.00000 50385.64804
14.00000 45.00000 50411.07049
14.00000 46.00000 50448.01176
14.00000 47.00000 50488.79345
14.00000 48.00000 50534.67848
14.00000 49.00000 50570.41284
14.00000 50.00000 50608.09154
14.00000 51.00000 50668.40078
14.00000 52.00000 50733.43750
14.00000 53.00000 50808.33740
14.00000 54.00000 50905.55115
14.00000 55.00000 51029.64526
14.00000 56.00000 51164.95808
14.00000 57.00000 51300.50328
14.00000 58.00000 51440.24358
14.00000 59.00000 51598.26633
14.00000 60.00000 51756.51442
14.00000 61.00000 51917.83547
14.00000 62.00000 52093.62781
14.00000 63.00000 52295.29634
14.00000 64.00000 52498.57846
14.00000 65.00000 52704.36805
14.00000 66.00000 52936.98723
14.00000 67.00000 53191.13151
14.00000 68.00000 53443.76890
14.00000 69.00000 53697.37197
14.00000 70.00000 53980.68833
15.00000 25.00000 50725.14155
15.00000 26.00000 50674.51435
15.00000 27.00000 50623.27807
15.00000 28.00000 50579.82311
15.00000 29.00000 50545.59564
15.00000 30.00000 50519.33219
15.00000 31.00000 50489.71437
15.00000 32.00000 50454.57993
15.00000 33.00000 50418.69459
15.00000 34.00000 50379.64205
15.00000 35.00000 50354.68594
15.00000 36.00000 50347.68079
15.00000 37.00000 50342.49793
15.00000 38.00000 50340.28627
15.00000 39.00000 50335.61534
15.00000 40.00000 50337.11341
15.00000 41.00000 50338.72914
15.00000 42.00000 50337.16853
15.00000 43.00000 50344.47696
15.00000 44.00000 50360.95782
15.00000 45.00000 50387.73815
15.00000 46.00000 50428.47535
15.00000 47.00000 50473.33994
15.00000 48.00000 50524.67114
15.00000 49.00000 50567.27038
15.00000 50.00000 50611.42635
15.00000 51.00000 50675.00201
15.00000 52.00000 50743.91166
15.00000 53.00000 50824.27328
15.00000 54.00000 50926.96798
15.00000 55.00000 51055.64516
15.00000 56.00000 51196.00346
15.00000 57.00000 51338.02751
15.00000 58.00000 51484.80559
15.00000 59.00000 51652.43949
15.00000 60.00000 51821.22424
15.00000 61.00000 51993.29814
15.00000 62.00000 52178.46117
15.00000 63.00000 52387.58823
15.00000 64.00000 52599.41260
15.00000 65.00000 52815.49072
15.00000 66.00000 53059.14749
15.00000 67.00000 53325.15726
15.00000 68.00000 53591.93183
15.00000 69.00000 53860.72556
15.00000 70.00000 54159.12396
16.00000 25.00000 50712.82091
16.00000 26.00000 50661.21070
16.00000 27.00000 50608.67202
16.00000 28.00000 50563.27510
16.00000 29.00000 50529.51573
16.00000 30.00000 50504.21894
16.00000 31.00000 50475.12121
16.00000 32.00000 50442.17451
16.00000 33.00000 50404.66361
16.00000 34.00000 50361.45733
16.00000 35.00000 50332.09513
16.00000 36.00000 50323.47222
16.00000 37.00000 50318.59999
16.00000 38.00000 50316.95514
16.00000 39.00000 50312.18354
16.00000 40.00000 50314.69225
16.00000 41.00000 50316.25238
16.00000 42.00000 50314.34373
16.00000 43.00000 50321.44962
16.00000 44.00000 50338.00928
16.00000 45.00000 50365.83952
16.00000 46.00000 50408.86796
16.00000 47.00000 50457.73166
16.00000 48.00000 50514.84824
16.00000 49.00000 50563.15212
16.00000 50.00000 50612.61536
16.00000 51.00000 50681.55021
16.00000 52.00000 50755.39811
16.00000 53.00000 50839.62166
16.00000 54.00000 50945.16954
16.00000 55.00000 51079.22833
16.00000 56.00000 51227.18495
16.00000 57.00000 51377.98133
16.00000 58.00000 51534.49174
16.00000 59.00000 51711.64617
16.00000 60.00000 51888.66910
16.00000 61.00000 52068.58402
16.00000 62.00000 52261.31599
16.00000 63.00000 52480.28086
16.00000 64.00000 52703.33748
16.00000 65.00000 52932.01796
16.00000 66.00000 53188.91200
16.00000 67.00000 53466.42891
16.00000 68.00000 53744.96235
16.00000 69.00000 54026.61942
16.00000 70.00000 54338.05366
17.00000 25.00000 50684.10479
17.00000 26.00000 50631.05656
17.00000 27.00000 50578.13967
17.00000 28.00000 50532.28914
17.00000 29.00000 50496.15316
17.00000 30.00000 50468.36781
17.00000 31.00000 50436.22690
17.00000 32.00000 50405.55775
17.00000 33.00000 50369.50242
17.00000 34.00000 50326.05885
17.00000 35.00000 50297.30109
17.00000 36.00000 50288.30754
17.00000 37.00000 50280.25112
17.00000 38.00000 50276.44160
17.00000 39.00000 50271.22230
17.00000 40.00000 50274.04118
17.00000 41.00000 50273.47853
17.00000 42.00000 50270.92547
17.00000 43.00000 50279.71474
17.00000 44.00000 50298.34636
17.00000 45.00000 50328.35530
17.00000 46.00000 50375.24524
17.00000 47.00000 50429.05673
17.00000 48.00000 50491.43960
17.00000 49.00000 50543.48791
17.00000 50.00000 50594.51952
17.00000 51.00000 50668.06769
17.00000 52.00000 50746.82923
17.00000 53.00000 50834.53627
17.00000 54.00000 50943.63866
17.00000 55.00000 51084.75940
17.00000 56.00000 51242.02071
17.00000 57.00000 51402.94520
17.00000 58.00000 51570.95484
17.00000 59.00000 51758.63871
17.00000 60.00000 51943.39527
17.00000 61.00000 52128.98784
17.00000 62.00000 52326.12459
17.00000 63.00000 52554.89261
17.00000 64.00000 52788.58297
17.00000 65.00000 53029.61312
17.00000 66.00000 53301.74308
17.00000 67.00000 53592.13845
17.00000 68.00000 53882.80052
17.00000 69.00000 54176.44015
17.00000 70.00000 54498.74473
18.00000 25.00000 50645.28734
18.00000 26.00000 50591.62951
18.00000 27.00000 50540.06465
18.00000 28.00000 50493.04391
18.00000 29.00000 50451.38979
18.00000 30.00000 50416.85102
18.00000 31.00000 50381.11349
18.00000 32.00000 50351.05920
18.00000 33.00000 50317.52258
18.00000 34.00000 50279.59357
18.00000 35.00000 50256.05848
18.00000 36.00000 50248.12864
18.00000 37.00000 50234.83608
18.00000 38.00000 50225.91965
18.00000 39.00000 50219.27981
18.00000 40.00000 50222.59379
18.00000 41.00000 50220.71925
18.00000 42.00000 50219.63353
18.00000 43.00000 50231.43326
18.00000 44.00000 50252.21324
18.00000 45.00000 50282.82046
18.00000 46.00000 50331.21607
18.00000 47.00000 50390.29851
18.00000 48.00000 50458.43259
18.00000 49.00000 50515.11733
18.00000 50.00000 50570.70254
18.00000 51.00000 50649.63861
18.00000 52.00000 50732.53146
18.00000 53.00000 50822.14191
18.00000 54.00000 50935.33939
18.00000 55.00000 51085.04056
18.00000 56.00000 51252.29131
18.00000 57.00000 51423.18985
18.00000 58.00000 51602.03000
18.00000 59.00000 51800.11243
18.00000 60.00000 51992.78377
18.00000 61.00000 52184.38950
18.00000 62.00000 52388.10507
18.00000 63.00000 52628.21926
18.00000 64.00000 52873.51797
18.00000 65.00000 53126.44741
18.00000 66.00000 53412.90016
18.00000 67.00000 53715.92644
18.00000 68.00000 54018.01714
18.00000 69.00000 54322.19306
18.00000 70.00000 54656.17572
19.00000 25.00000 50609.75572
19.00000 26.00000 50558.18718
19.00000 27.00000 50508.77786
19.00000 28.00000 50459.20335
19.00000 29.00000 50410.44010
19.00000 30.00000 50366.52254
19.00000 31.00000 50325.94645
19.00000 32.00000 50296.20762
19.00000 33.00000 50265.36391
19.00000 34.00000 50234.00975
19.00000 35.00000 50215.58730
19.00000 36.00000 50208.72650
19.00000 37.00000 50191.08188
19.00000 38.00000 50178.04648
19.00000 39.00000 50170.16913
19.00000 40.00000 50174.85774
19.00000 41.00000 50173.69393
19.00000 42.00000 50175.25161
19.00000 43.00000 50189.62662
19.00000 44.00000 50212.03798
19.00000 45.00000 50242.94205
19.00000 46.00000 50291.30373
19.00000 47.00000 50354.56979
19.00000 48.00000 50428.56687
19.00000 49.00000 50490.87348
19.00000 50.00000 50553.24997
19.00000 51.00000 50638.13453
19.00000 52.00000 50725.49995
19.00000 53.00000 50817.36313
19.00000 54.00000 50935.07314
19.00000 55.00000 51093.96914
19.00000 56.00000 51271.28097
19.00000 57.00000 51451.37892
19.00000 58.00000 51638.95826
19.00000 59.00000 51846.39318
19.00000 60.00000 52047.61617
19.00000 61.00000 52247.25703
19.00000 62.00000 52461.14332
19.00000 63.00000 52714.88846
19.00000 64.00000 52974.40930
19.00000 65.00000 53239.88279
19.00000 66.00000 53537.48335
19.00000 67.00000 53852.38406
19.00000 68.00000 54164.58660
19.00000 69.00000 54477.85396
19.00000 70.00000 54824.01553
20.00000 25.00000 50584.45387
20.00000 26.00000 50532.42575
20.00000 27.00000 50481.92592
20.00000 28.00000 50431.32479
20.00000 29.00000 50378.69728
20.00000 30.00000 50329.08548
20.00000 31.00000 50284.78666
20.00000 32.00000 50251.66504
20.00000 33.00000 50221.34602
20.00000 34.00000 50190.78452
20.00000 35.00000 50172.49192
20.00000 36.00000 50166.64120
20.00000 37.00000 50149.30931
20.00000 38.00000 50135.34986
20.00000 39.00000 50126.89671
20.00000 40.00000 50132.44980
20.00000 41.00000 50133.46276
20.00000 42.00000 50136.92177
20.00000 43.00000 50152.58642
20.00000 44.00000 50176.82689
20.00000 45.00000 50210.66896
20.00000 46.00000 50261.24802
20.00000 47.00000 50326.33123
20.00000 48.00000 50403.50750
20.00000 49.00000 50471.46849
20.00000 50.00000 50539.83104
20.00000 51.00000 50631.56532
20.00000 52.00000 50727.34526
20.00000 53.00000 50826.06723
20.00000 54.00000 50949.08864
20.00000 55.00000 51112.62195
20.00000 56.00000 51295.76397
20.00000 57.00000 51483.73290
20.00000 58.00000 51679.12077
20.00000 59.00000 51897.87577
20.00000 60.00000 52111.22820
20.00000 61.00000 52321.13355
20.00000 62.00000 52545.44742
20.00000 63.00000 52809.09568
20.00000 64.00000 53081.08408
20.00000 65.00000 53361.01476
20.00000 66.00000 53671.09055
20.00000 67.00000 53998.40892
20.00000 68.00000 54321.21113
20.00000 69.00000 54643.85817
20.00000 70.00000 54999.29090
21.00000 25.00000 50570.76023
21.00000 26.00000 50511.20984
21.00000 27.00000 50454.72780
21.00000 28.00000 50401.04539
21.00000 29.00000 50347.40701
21.00000 30.00000 50299.97548
21.00000 31.00000 50259.09497
21.00000 32.00000 50222.74872
21.00000 33.00000 50189.30730
21.00000 34.00000 50154.87797
21.00000 35.00000 50134.62500
21.00000 36.00000 50125.17152
21.00000 37.00000 50108.63430
21.00000 38.00000 50097.71086
21.00000 39.00000 50091.42982
21.00000 40.00000 50096.36481
21.00000 41.00000 50099.36679
21.00000 42.00000 50104.28242
21.00000 43.00000 50121.22557
21.00000 44.00000 50146.54866
21.00000 45.00000 50184.44185
21.00000 46.00000 50241.66543
21.00000 47.00000 50310.92603
21.00000 48.00000 50389.78161
21.00000 49.00000 50460.88112
21.00000 50.00000 50532.85031
21.00000 51.00000 50629.99792
21.00000 52.00000 50735.15122
21.00000 53.00000 50846.21458
21.00000 54.00000 50980.29865
21.00000 55.00000 51147.47562
21.00000 56.00000 51331.84221
21.00000 57.00000 51523.16926
21.00000 58.00000 51724.64173
21.00000 59.00000 51954.50328
21.00000 60.00000 52183.12910
21.00000 61.00000 52407.67180
21.00000 62.00000 52644.46223
21.00000 63.00000 52915.67103
21.00000 64.00000 53195.09717
21.00000 65.00000 53486.05350
21.00000 66.00000 53808.86044
21.00000 67.00000 54149.63780
21.00000 68.00000 54486.02484
21.00000 69.00000 54821.18021
21.00000 70.00000 55187.00885
22.00000 25.00000 50569.40814
22.00000 26.00000 50500.83988
22.00000 27.00000 50432.05462
22.00000 28.00000 50372.39816
22.00000 29.00000 50320.16157
22.00000 30.00000 50279.34078
22.00000 31.00000 50243.73583
22.00000 32.00000 50204.76023
22.00000 33.00000 50169.40650
22.00000 34.00000 50131.16163
22.00000 35.00000 50105.95769
22.00000 36.00000 50091.27209
22.00000 37.00000 50075.85244
22.00000 38.00000 50068.47034
22.00000 39.00000 50063.76033
22.00000 40.00000 50067.41788
22.00000 41.00000 50074.06928
22.00000 42.00000 50083.04707
22.00000 43.00000 50102.03240
22.00000 44.00000 50128.48558
22.00000 45.00000 50170.58183
22.00000 46.00000 50234.39330
22.00000 47.00000 50307.31253
22.00000 48.00000 50387.67885
22.00000 49.00000 50463.46412
22.00000 50.00000 50540.90637
22.00000 51.00000 50642.16169
22.00000 52.00000 50754.48318
22.00000 53.00000 50878.39121
22.00000 54.00000 51026.24774
22.00000 55.00000 51197.84014
22.00000 56.00000 51383.93854
22.00000 57.00000 51578.55499
22.00000 58.00000 51784.36314
22.00000 59.00000 52023.05763
22.00000 60.00000 52266.62467
22.00000 61.00000 52508.75185
22.00000 62.00000 52761.29329
22.00000 63.00000 53040.98111
22.00000 64.00000 53328.40312
22.00000 65.00000 53629.49090
22.00000 66.00000 53963.13797
22.00000 67.00000 54313.98322
22.00000 68.00000 54662.11398
22.00000 69.00000 55010.82266
22.00000 70.00000 55389.40289
23.00000 25.00000 50554.60956
23.00000 26.00000 50486.71512
23.00000 27.00000 50411.23212
23.00000 28.00000 50345.06335
23.00000 29.00000 50293.84182
23.00000 30.00000 50255.86460
23.00000 31.00000 50221.35744
23.00000 32.00000 50178.01154
23.00000 33.00000 50140.40531
23.00000 34.00000 50100.92224
23.00000 35.00000 50072.49429
23.00000 36.00000 50054.19937
23.00000 37.00000 50039.39669
23.00000 38.00000 50033.76900
23.00000 39.00000 50029.41391
23.00000 40.00000 50032.35511
23.00000 41.00000 50043.14220
23.00000 42.00000 50057.99638
23.00000 43.00000 50081.03158
23.00000 44.00000 50110.13074
23.00000 45.00000 50156.20671
23.00000 46.00000 50224.64017
23.00000 47.00000 50300.51926
23.00000 48.00000 50382.84611
23.00000 49.00000 50464.20823
23.00000 50.00000 50550.89056
23.00000 51.00000 50657.07410
23.00000 52.00000 50773.26566
23.00000 53.00000 50904.54145
23.00000 54.00000 51062.49822
23.00000 55.00000 51240.63600
23.00000 56.00000 51433.19282
23.00000 57.00000 51635.75976
23.00000 58.00000 51849.09523
23.00000 59.00000 52094.04125
23.00000 60.00000 52347.77852
23.00000 61.00000 52604.88416
23.00000 62.00000 52875.25597
23.00000 63.00000 53165.87103
23.00000 64.00000 53464.07863
23.00000 65.00000 53775.63545
23.00000 66.00000 54119.33060
23.00000 67.00000 54476.79042
23.00000 68.00000 54833.55955
23.00000 69.00000 55194.70916
23.00000 70.00000 55586.84569
24.00000 25.00000 50539.78144
24.00000 26.00000 50468.94136
24.00000 27.00000 50396.73495
24.00000 28.00000 50330.64205
24.00000 29.00000 50277.82892
24.00000 30.00000 50239.81783
24.00000 31.00000 50204.63809
24.00000 32.00000 50158.57977
24.00000 33.00000 50115.26016
24.00000 34.00000 50071.10633
24.00000 35.00000 50040.78281
24.00000 36.00000 50024.57367
24.00000 37.00000 50010.86424
24.00000 38.00000 50005.17832
24.00000 39.00000 50001.38503
24.00000 40.00000 50002.29382
24.00000 41.00000 50013.43603
24.00000 42.00000 50031.84294
24.00000 43.00000 50060.15161
24.00000 44.00000 50095.91151
24.00000 45.00000 50145.02852
24.00000 46.00000 50214.85221
24.00000 47.00000 50293.61787
24.00000 48.00000 50379.64844
24.00000 49.00000 50465.06228
24.00000 50.00000 50559.87585
24.00000 51.00000 50675.05576
24.00000 52.00000 50796.86628
24.00000 53.00000 50930.58780
24.00000 54.00000 51089.53444
24.00000 55.00000 51277.71942
24.00000 56.00000 51481.96528
24.00000 57.00000 51694.32708
24.00000 58.00000 51919.03688
24.00000 59.00000 52171.46502
24.00000 60.00000 52430.16147
24.00000 61.00000 52695.08811
24.00000 62.00000 52975.01479
24.00000 63.00000 53278.82669
24.00000 64.00000 53590.60953
24.00000 65.00000 53913.15252
24.00000 66.00000 54267.99019
24.00000 67.00000 54637.45418
24.00000 68.00000 55004.20514
24.00000 69.00000 55374.61039
24.00000 70.00000 55775.83104
25.00000 25.00000 50501.59049
25.00000 26.00000 50432.39807
25.00000 27.00000 50362.32268
25.00000 28.00000 50299.00013
25.00000 29.00000 50241.29228
25.00000 30.00000 50203.50149
25.00000 31.00000 50167.67629
25.00000 32.00000 50120.06670
25.00000 33.00000 50071.61495
25.00000 34.00000 50022.48399
25.00000 35.00000 49990.16227
25.00000 36.00000 49975.42520
25.00000 37.00000 49963.99233
25.00000 38.00000 49960.43731
25.00000 39.00000 49958.98133
25.00000 40.00000 49959.75403
25.00000 41.00000 49966.95700
25.00000 42.00000 49984.09431
25.00000 43.00000 50014.85455
25.00000 44.00000 50057.49245
25.00000 45.00000 50112.46765
25.00000 46.00000 50185.28458
25.00000 47.00000 50268.03040
25.00000 48.00000 50358.72948
25.00000 49.00000 50447.56479
25.00000 50.00000 50547.59015
25.00000 51.00000 50670.51265
25.00000 52.00000 50800.35737
25.00000 53.00000 50939.31846
25.00000 54.00000 51099.71656
25.00000 55.00000 51295.96632
25.00000 56.00000 51509.91323
25.00000 57.00000 51731.71315
25.00000 58.00000 51969.63347
25.00000 59.00000 52232.57736
25.00000 60.00000 52498.42656
25.00000 61.00000 52770.31035
25.00000 62.00000 53054.51143
25.00000 63.00000 53367.25790
25.00000 64.00000 53689.33434
25.00000 65.00000 54022.51716
25.00000 66.00000 54389.56936
25.00000 67.00000 54772.97556
25.00000 68.00000 55152.93787
25.00000 69.00000 55534.54479
25.00000 70.00000 55942.67392
26.00000 25.00000 50463.37094
26.00000 26.00000 50391.98726
26.00000 27.00000 50325.04767
26.00000 28.00000 50264.61361
26.00000 29.00000 50200.44022
26.00000 30.00000 50151.78668
26.00000 31.00000 50115.57656
26.00000 32.00000 50066.49598
26.00000 33.00000 50014.59064
26.00000 34.00000 49964.02603
26.00000 35.00000 49933.05073
26.00000 36.00000 49919.56821
26.00000 37.00000 49907.76227
26.00000 38.00000 49905.43379
26.00000 39.00000 49906.70746
26.00000 40.00000 49910.51551
26.00000 41.00000 49916.74900
26.00000 42.00000 49932.39617
26.00000 43.00000 49964.64454
26.00000 44.00000 50011.71942
26.00000 45.00000 50070.81738
26.00000 46.00000 50146.72793
26.00000 47.00000 50235.43021
26.00000 48.00000 50332.44537
26.00000 49.00000 50425.01016
26.00000 50.00000 50529.64633
26.00000 51.00000 50658.64364
26.00000 52.00000 50793.31980
26.00000 53.00000 50935.56687
26.00000 54.00000 51100.48789
26.00000 55.00000 51306.52393
26.00000 56.00000 51531.33722
26.00000 57.00000 51763.79461
26.00000 58.00000 52016.67423
26.00000 59.00000 52288.94684
26.00000 60.00000 52560.54502
26.00000 61.00000 52838.30994
26.00000 62.00000 53128.15984
26.00000 63.00000 53451.31552
26.00000 64.00000 53784.70616
26.00000 65.00000 54128.70244
26.00000 66.00000 54507.64140
26.00000 67.00000 54902.37290
26.00000 68.00000 55291.84247
26.00000 69.00000 55682.21635
26.00000 70.00000 56098.25996
27.00000 25.00000 50425.55893
27.00000 26.00000 50360.29798
27.00000 27.00000 50295.18272
27.00000 28.00000 50234.08824
27.00000 29.00000 50168.81872
27.00000 30.00000 50106.52526
27.00000 31.00000 50060.31565
27.00000 32.00000 50009.65527
27.00000 33.00000 49957.53690
27.00000 34.00000 49907.90596
27.00000 35.00000 49878.42299
27.00000 36.00000 49867.53053
27.00000 37.00000 49856.05018
27.00000 38.00000 49854.11115
27.00000 39.00000 49856.98265
27.00000 40.00000 49864.48645
27.00000 41.00000 49873.81342
27.00000 42.00000 49891.59318
27.00000 43.00000 49924.56824
27.00000 44.00000 49974.03892
27.00000 45.00000 50035.67007
27.00000 46.00000 50114.63798
27.00000 47.00000 50209.76942
27.00000 48.00000 50313.98990
27.00000 49.00000 50411.32762
27.00000 50.00000 50519.06175
27.00000 51.00000 50652.11161
27.00000 52.00000 50790.52606
27.00000 53.00000 50936.91441
27.00000 54.00000 51109.68980
27.00000 55.00000 51326.77713
27.00000 56.00000 51563.19402
27.00000 57.00000 51806.52203
27.00000 58.00000 52069.95317
27.00000 59.00000 52350.43474
27.00000 60.00000 52629.34017
27.00000 61.00000 52914.87350
27.00000 62.00000 53214.10572
27.00000 63.00000 53549.31460
27.00000 64.00000 53895.31292
27.00000 65.00000 54250.63825
27.00000 66.00000 54638.94483
27.00000 67.00000 55041.37130
27.00000 68.00000 55436.73963
27.00000 69.00000 55833.36804
27.00000 70.00000 56256.86054
28.00000 25.00000 50407.88513
28.00000 26.00000 50336.50569
28.00000 27.00000 50269.30065
28.00000 28.00000 50211.66238
28.00000 29.00000 50147.01324
28.00000 30.00000 50082.23417
28.00000 31.00000 50028.36104
28.00000 32.00000 49971.22510
28.00000 33.00000 49914.16615
28.00000 34.00000 49862.87766
28.00000 35.00000 49833.69159
28.00000 36.00000 49824.77735
28.00000 37.00000 49815.82174
28.00000 38.00000 49813.79590
28.00000 39.00000 49816.34313
28.00000 40.00000 49826.90910
28.00000 41.00000 49839.66631
28.00000 42.00000 49859.59108
28.00000 43.00000 49894.64363
28.00000 44.00000 49946.10192
28.00000 45.00000 50011.78164
28.00000 46.00000 50093.84311
28.00000 47.00000 50192.24542
28.00000 48.00000 50302.34126
28.00000 49.00000 50405.24904
28.00000 50.00000 50514.17884
28.00000 51.00000 50651.29279
28.00000 52.00000 50799.28516
28.00000 53.00000 50954.35445
28.00000 54.00000 51133.97134
28.00000 55.00000 51357.52456
28.00000 56.00000 51601.53581
28.00000 57.00000 51854.61038
28.00000 58.00000 52125.10974
28.00000 59.00000 52417.33403
28.00000 60.00000 52709.22801
28.00000 61.00000 53005.58054
28.00000 62.00000 53313.54808
28.00000 63.00000 53656.75434
28.00000 64.00000 54011.50881
28.00000 65.00000 54377.57934
28.00000 66.00000 54773.25111
28.00000 67.00000 55184.63731
28.00000 68.00000 55589.33779
28.00000 69.00000 55991.80148
28.00000 70.00000 56417.47993
29.00000 25.00000 50399.02258
29.00000 26.00000 50323.87754
29.00000 27.00000 50252.25763
29.00000 28.00000 50189.33302
29.00000 29.00000 50124.19959
29.00000 30.00000 50064.95853
29.00000 31.00000 50009.73215
29.00000 32.00000 49952.22784
29.00000 33.00000 49892.21351
29.00000 34.00000 49837.32399
29.00000 35.00000 49806.99168
29.00000 36.00000 49795.77245
29.00000 37.00000 49786.58018
29.00000 38.00000 49784.44264
29.00000 39.00000 49786.84985
29.00000 40.00000 49798.95108
29.00000 41.00000 49814.07149
29.00000 42.00000 49834.95333
29.00000 43.00000 49872.25201
29.00000 44.00000 49926.25223
29.00000 45.00000 49996.70848
29.00000 46.00000 50085.87582
29.00000 47.00000 50188.11862
29.00000 48.00000 50301.72282
29.00000 49.00000 50408.79676
29.00000 50.00000 50518.77789
29.00000 51.00000 50658.33750
29.00000 52.00000 50813.17025
29.00000 53.00000 50980.16051
29.00000 54.00000 51171.98850
29.00000 55.00000 51401.67394
29.00000 56.00000 51651.90932
29.00000 57.00000 51913.27053
29.00000 58.00000 52189.43817
29.00000 59.00000 52489.89322
29.00000 60.00000 52794.52448
29.00000 61.00000 53104.77493
29.00000 62.00000 53424.77546
29.00000 63.00000 53775.64703
29.00000 64.00000 54137.33052
29.00000 65.00000 54511.14291
29.00000 66.00000 54913.33963
29.00000 67.00000 55330.71681
29.00000 68.00000 55743.38545
29.00000 69.00000 56153.21995
29.00000 70.00000 56582.94246
30.00000 25.00000 50394.64655
30.00000 26.00000 50313.40998
30.00000 27.00000 50238.09744
30.00000 28.00000 50168.22709
30.00000 29.00000 50103.21669
30.00000 30.00000 50046.75426
30.00000 31.00000 49988.42698
30.00000 32.00000 49929.87684
30.00000 33.00000 49876.30064
30.00000 34.00000 49823.66125
30.00000 35.00000 49789.98781
30.00000 36.00000 49774.37585
30.00000 37.00000 49763.15397
30.00000 38.00000 49759.28778
30.00000 39.00000 49760.42518
30.00000 40.00000 49773.86275
30.00000 41.00000 49791.93506
30.00000 42.00000 49815.46761
30.00000 43.00000 49855.32179
30.00000 44.00000 49912.02284
30.00000 45.00000 49986.87100
30.00000 46.00000 50082.70771
30.00000 47.00000 50188.20246
30.00000 48.00000 50304.97727
30.00000 49.00000 50417.24447
30.00000 50.00000 50531.86508
30.00000 51.00000 50673.34331
30.00000 52.00000 50832.10954
30.00000 53.00000 51009.72948
30.00000 54.00000 51216.18838
30.00000 55.00000 51453.32764
30.00000 56.00000 51711.37003
30.00000 57.00000 51981.19210
30.00000 58.00000 52261.89703
30.00000 59.00000 52567.43057
30.00000 60.00000 52881.67502
30.00000 61.00000 53205.77426
30.00000 62.00000 53542.66195
30.00000 63.00000 53902.54522
30.00000 64.00000 54271.22363
30.00000 65.00000 54650.60664
30.00000 66.00000 55058.02911
30.00000 67.00000 55477.40505
30.00000 68.00000 55894.25733
30.00000 69.00000 56310.85348
30.00000 70.00000 56747.81398
31.00000 25.00000 50385.39584
31.00000 26.00000 50295.92367
31.00000 27.00000 50213.48124
31.00000 28.00000 50140.04837
31.00000 29.00000 50074.53294
31.00000 30.00000 50019.79692
31.00000 31.00000 49962.59476
31.00000 32.00000 49900.83831
31.00000 33.00000 49850.49334
31.00000 34.00000 49802.80118
31.00000 35.00000 49768.70569
31.00000 36.00000 49750.28993
31.00000 37.00000 49736.80496
31.00000 38.00000 49730.92412
31.00000 39.00000 49730.65389
31.00000 40.00000 49745.60563
31.00000 41.00000 49766.35443
31.00000 42.00000 49794.11047
31.00000 43.00000 49837.89876
31.00000 44.00000 49897.65166
31.00000 45.00000 49975.18890
31.00000 46.00000 50074.47973
31.00000 47.00000 50183.24173
31.00000 48.00000 50304.75025
31.00000 49.00000 50424.01829
31.00000 50.00000 50548.98018
31.00000 51.00000 50695.39310
31.00000 52.00000 50857.35117
31.00000 53.00000 51040.98139
31.00000 54.00000 51255.80395
31.00000 55.00000 51501.57793
31.00000 56.00000 51770.51235
31.00000 57.00000 52050.79120
31.00000 58.00000 52339.45466
31.00000 59.00000 52650.84756
31.00000 60.00000 52972.56299
31.00000 61.00000 53306.26813
31.00000 62.00000 53658.45033
31.00000 63.00000 54029.18949
31.00000 64.00000 54406.50704
31.00000 65.00000 54791.52222
31.00000 66.00000 55202.99852
31.00000 67.00000 55623.49083
31.00000 68.00000 56042.70634
31.00000 69.00000 56463.72541
31.00000 70.00000 56908.07192
32.00000 25.00000 50374.60905
32.00000 26.00000 50280.54331
32.00000 27.00000 50196.35085
32.00000 28.00000 50120.69801
32.00000 29.00000 50053.37126
32.00000 30.00000 49997.85280
32.00000 31.00000 49945.16040
32.00000 32.00000 49883.17719
32.00000 33.00000 49826.50801
32.00000 34.00000 49776.30735
32.00000 35.00000 49742.56735
32.00000 36.00000 49729.90491
32.00000 37.00000 49717.10376
32.00000 38.00000 49710.31089
32.00000 39.00000 49709.84823
32.00000 40.00000 49724.70929
32.00000 41.00000 49745.92938
32.00000 42.00000 49777.74859
32.00000 43.00000 49826.81143
32.00000 44.00000 49891.60816
32.00000 45.00000 49971.22964
32.00000 46.00000 50070.92817
32.00000 47.00000 50182.24379
32.00000 48.00000 50306.91945
32.00000 49.00000 50431.29186
32.00000 50.00000 50565.93302
32.00000 51.00000 50723.86779
32.00000 52.00000 50892.10572
32.00000 53.00000 51079.26028
32.00000 54.00000 51297.90838
32.00000 55.00000 51552.64106
32.00000 56.00000 51831.43179
32.00000 57.00000 52121.27489
32.00000 58.00000 52420.90939
32.00000 59.00000 52741.82051
32.00000 60.00000 53067.64365
32.00000 61.00000 53403.57515
32.00000 62.00000 53761.59220
32.00000 63.00000 54144.06877
32.00000 64.00000 54532.73387
32.00000 65.00000 54925.33463
32.00000 66.00000 55343.21620
32.00000 67.00000 55770.40865
32.00000 68.00000 56191.45811
32.00000 69.00000 56612.17291
32.00000 70.00000 57057.52594
33.00000 25.00000 50354.44374
33.00000 26.00000 50257.19435
33.00000 27.00000 50171.33536
33.00000 28.00000 50092.98083
33.00000 29.00000 50020.24895
33.00000 30.00000 49960.58961
33.00000 31.00000 49906.69268
33.00000 32.00000 49853.87068
33.00000 33.00000 49789.98529
33.00000 34.00000 49737.99620
33.00000 35.00000 49704.79279
33.00000 36.00000 49692.45510
33.00000 37.00000 49681.04436
33.00000 38.00000 49676.57996
33.00000 39.00000 49678.80776
33.00000 40.00000 49695.42178
33.00000 41.00000 49716.25052
33.00000 42.00000 49748.90376
33.00000 43.00000 49800.48396
33.00000 44.00000 49868.75743
33.00000 45.00000 49952.05933
33.00000 46.00000 50056.15775
33.00000 47.00000 50172.90320
33.00000 48.00000 50301.70774
33.00000 49.00000 50429.70570
33.00000 50.00000 50569.98859
33.00000 51.00000 50737.92270
33.00000 52.00000 50915.89546
33.00000 53.00000 51109.36292
33.00000 54.00000 51332.73653
33.00000 55.00000 51594.48304
33.00000 56.00000 51880.40772
33.00000 57.00000 52178.06281
33.00000 58.00000 52488.53821
33.00000 59.00000 52820.81516
33.00000 60.00000 53154.89161
33.00000 61.00000 53494.52812
33.00000 62.00000 53855.16237
33.00000 63.00000 54244.64016
33.00000 64.00000 54639.97356
33.00000 65.00000 55038.70911
33.00000 66.00000 55462.99073
33.00000 67.00000 55898.85563
33.00000 68.00000 56326.99310
33.00000 69.00000 56751.19446
33.00000 70.00000 57197.11531
34.00000 25.00000 50327.01645
34.00000 26.00000 50229.44438
34.00000 27.00000 50139.67655
34.00000 28.00000 50057.59819
34.00000 29.00000 49981.36486
34.00000 30.00000 49915.53209
34.00000 31.00000 49854.91670
34.00000 32.00000 49802.76187
34.00000 33.00000 49751.27945
34.00000 34.00000 49694.68272
34.00000 35.00000 49659.77149
34.00000 36.00000 49642.97716
34.00000 37.00000 49630.20469
34.00000 38.00000 49630.72154
34.00000 39.00000 49638.35962
34.00000 40.00000 49658.49567
34.00000 41.00000 49681.12327
34.00000 42.00000 49714.96364
34.00000 43.00000 49766.74236
34.00000 44.00000 49834.28990
34.00000 45.00000 49919.34391
34.00000 46.00000 50030.63829
34.00000 47.00000 50156.80437
34.00000 48.00000 50293.55851
34.00000 49.00000 50427.75567
34.00000 50.00000 50571.24640
34.00000 51.00000 50745.50365
34.00000 52.00000 50931.04121
34.00000 53.00000 51131.04584
34.00000 54.00000 51360.81250
34.00000 55.00000 51630.45115
34.00000 56.00000 51924.24723
34.00000 57.00000 52229.68386
34.00000 58.00000 52550.36076
34.00000 59.00000 52891.85100
34.00000 60.00000 53233.87119
34.00000 61.00000 53578.61470
34.00000 62.00000 53940.63775
34.00000 63.00000 54336.80644
34.00000 64.00000 54738.56704
34.00000 65.00000 55142.93777
34.00000 66.00000 55572.97348
34.00000 67.00000 56015.59423
34.00000 68.00000 56450.08939
34.00000 69.00000 56878.56497
34.00000 70.00000 57326.56667
35.00000 25.00000 50302.69774
35.00000 26.00000 50205.62910
35.00000 27.00000 50112.17639
35.00000 28.00000 50025.77356
35.00000 29.00000 49945.89278
35.00000 30.00000 49875.69788
35.00000 31.00000 49810.08480
35.00000 32.00000 49752.79034
35.00000 33.00000 49702.32640
35.00000 34.00000 49650.73509
35.00000 35.00000 49613.77182
35.00000 36.00000 49595.75462
35.00000 37.00000 49582.11162
35.00000 38.00000 49584.84290
35.00000 39.00000 49597.54652
35.00000 40.00000 49621.97008
35.00000 41.00000 49648.57129
35.00000 42.00000 49686.12774
35.00000 43.00000 49740.46291
35.00000 44.00000 49808.33154
35.00000 45.00000 49894.58664
35.00000 46.00000 50009.69022
35.00000 47.00000 50143.62303
35.00000 48.00000 50289.83918
35.00000 49.00000 50432.59259
35.00000 50.00000 50582.12901
35.00000 51.00000 50761.20867
35.00000 52.00000 50951.87251
35.00000 53.00000 51156.63739
35.00000 54.00000 51394.21873
35.00000 55.00000 51672.12402
35.00000 56.00000 51974.30524
35.00000 57.00000 52287.93298
35.00000 58.00000 52616.27084
35.00000 59.00000 52965.26345
35.00000 60.00000 53314.82027
35.00000 61.00000 53666.69109
35.00000 62.00000 54034.12834
35.00000 63.00000 54437.50481
35.00000 64.00000 54846.63712
35.00000 65.00000 55257.21545
35.00000 66.00000 55690.91666
35.00000 67.00000 56136.43050
35.00000 68.00000 56573.11760
35.00000 69.00000 57003.48994
35.00000 70.00000 57454.77852
36.00000 25.00000 50277.49849
36.00000 26.00000 50176.60174
36.00000 27.00000 50079.64319
36.00000 28.00000 49993.10983
36.00000 29.00000 49913.05779
36.00000 30.00000 49841.88761
36.00000 31.00000 49776.09838
36.00000 32.00000 49715.28738
36.00000 33.00000 49658.99244
36.00000 34.00000 49603.06521
36.00000 35.00000 49564.41306
36.00000 36.00000 49548.29469
36.00000 37.00000 49536.31323
36.00000 38.00000 49542.53457
36.00000 39.00000 49558.49384
36.00000 40.00000 49584.79881
36.00000 41.00000 49614.34699
36.00000 42.00000 49654.08137
36.00000 43.00000 49712.20326
36.00000 44.00000 49785.46143
36.00000 45.00000 49875.32391
36.00000 46.00000 49992.40212
36.00000 47.00000 50128.60440
36.00000 48.00000 50281.66037
36.00000 49.00000 50433.50714
36.00000 50.00000 50588.22013
36.00000 51.00000 50772.70690
36.00000 52.00000 50971.45206
36.00000 53.00000 51182.42459
36.00000 54.00000 51424.66932
36.00000 55.00000 51705.47711
36.00000 56.00000 52012.22418
36.00000 57.00000 52335.11222
36.00000 58.00000 52671.16625
36.00000 59.00000 53032.17148
36.00000 60.00000 53392.79643
36.00000 61.00000 53752.18490
36.00000 62.00000 54123.38603
36.00000 63.00000 54528.37275
36.00000 64.00000 54941.55279
36.00000 65.00000 55361.14118
36.00000 66.00000 55800.42909
36.00000 67.00000 56249.34226
36.00000 68.00000 56687.42842
36.00000 69.00000 57117.90418
36.00000 70.00000 57567.19512
37.00000 25.00000 50250.89850
37.00000 26.00000 50143.40496
37.00000 27.00000 50041.28212
37.00000 28.00000 49951.22253
37.00000 29.00000 49870.22348
37.00000 30.00000 49800.46782
37.00000 31.00000 49735.81929
37.00000 32.00000 49674.19482
37.00000 33.00000 49615.83749
37.00000 34.00000 49559.16550
37.00000 35.00000 49522.43249
37.00000 36.00000 49502.55899
37.00000 37.00000 49489.60375
37.00000 38.00000 49499.05152
37.00000 39.00000 49519.27719
37.00000 40.00000 49544.04227
37.00000 41.00000 49573.37861
37.00000 42.00000 49615.53846
37.00000 43.00000 49677.87074
37.00000 44.00000 49756.87982
37.00000 45.00000 49853.82918
37.00000 46.00000 49976.71495
37.00000 47.00000 50115.95523
37.00000 48.00000 50271.93693
37.00000 49.00000 50429.54542
37.00000 50.00000 50590.82747
37.00000 51.00000 50780.09561
37.00000 52.00000 50985.85036
37.00000 53.00000 51206.05980
37.00000 54.00000 51456.38662
37.00000 55.00000 51739.40072
37.00000 56.00000 52047.92575
37.00000 57.00000 52376.94879
37.00000 58.00000 52720.19334
37.00000 59.00000 53091.30384
37.00000 60.00000 53464.22619
37.00000 61.00000 53833.58569
37.00000 62.00000 54210.28535
37.00000 63.00000 54616.19965
37.00000 64.00000 55029.86061
37.00000 65.00000 55454.99721
37.00000 66.00000 55900.29663
37.00000 67.00000 56351.84749
37.00000 68.00000 56793.30506
37.00000 69.00000 57226.90288
37.00000 70.00000 57676.29010
38.00000 25.00000 50228.84479
38.00000 26.00000 50115.07733
38.00000 27.00000 50006.76136
38.00000 28.00000 49911.24139
38.00000 29.00000 49827.96961
38.00000 30.00000 49759.38370
38.00000 31.00000 49696.32712
38.00000 32.00000 49633.42018
38.00000 33.00000 49576.92973
38.00000 34.00000 49523.25670
38.00000 35.00000 49488.86437
38.00000 36.00000 49469.12373
38.00000 37.00000 49457.73297
38.00000 38.00000 49465.34119
38.00000 39.00000 49484.30395
38.00000 40.00000 49510.54680
38.00000 41.00000 49541.94481
38.00000 42.00000 49585.82228
38.00000 43.00000 49651.85210
38.00000 44.00000 49736.04630
38.00000 45.00000 49839.31406
38.00000 46.00000 49966.81566
38.00000 47.00000 50108.51956
38.00000 48.00000 50267.28328
38.00000 49.00000 50428.99023
38.00000 50.00000 50599.68400
38.00000 51.00000 50793.94806
38.00000 52.00000 51004.44985
38.00000 53.00000 51233.52455
38.00000 54.00000 51492.49867
38.00000 55.00000 51779.88204
38.00000 56.00000 52092.49951
38.00000 57.00000 52426.81414
38.00000 58.00000 52776.65399
38.00000 59.00000 53153.83602
38.00000 60.00000 53535.22800
38.00000 61.00000 53914.21466
38.00000 62.00000 54299.59561
38.00000 63.00000 54708.61212
38.00000 64.00000 55123.61482
38.00000 65.00000 55551.28397
38.00000 66.00000 56002.07562
38.00000 67.00000 56453.79770
38.00000 68.00000 56896.92497
38.00000 69.00000 57333.86558
38.00000 70.00000 57785.78939
39.00000 25.00000 50202.26351
39.00000 26.00000 50085.77137
39.00000 27.00000 49973.85259
39.00000 28.00000 49874.38253
39.00000 29.00000 49788.12844
39.00000 30.00000 49717.60190
39.00000 31.00000 49654.36795
39.00000 32.00000 49589.81667
39.00000 33.00000 49534.76177
39.00000 34.00000 49484.94576
39.00000 35.00000 49453.40196
39.00000 36.00000 49437.26790
39.00000 37.00000 49427.54563
39.00000 38.00000 49433.83801
39.00000 39.00000 49448.93013
39.00000 40.00000 49475.85201
39.00000 41.00000 49512.48906
39.00000 42.00000 49562.35648
39.00000 43.00000 49630.93246
39.00000 44.00000 49718.51898
39.00000 45.00000 49825.15463
39.00000 46.00000 49954.23873
39.00000 47.00000 50098.39646
39.00000 48.00000 50260.81600
39.00000 49.00000 50426.80612
39.00000 50.00000 50606.75240
39.00000 51.00000 50808.69158
39.00000 52.00000 51025.03785
39.00000 53.00000 51260.53230
39.00000 54.00000 51525.47011
39.00000 55.00000 51819.37240
39.00000 56.00000 52138.24944
39.00000 57.00000 52477.48489
39.00000 58.00000 52834.16391
39.00000 59.00000 53216.72658
39.00000 60.00000 53603.15583
39.00000 61.00000 53988.35102
39.00000 62.00000 54381.71074
39.00000 63.00000 54796.08460
39.00000 64.00000 55214.51261
39.00000 65.00000 55644.24572
39.00000 66.00000 56099.35695
39.00000 67.00000 56552.06260
39.00000 68.00000 56995.06312
39.00000 69.00000 57432.89999
39.00000 70.00000 57887.02626
40.00000 25.00000 50179.49366
40.00000 26.00000 50057.21926
40.00000 27.00000 49943.03725
40.00000 28.00000 49844.23039
40.00000 29.00000 49756.62230
40.00000 30.00000 49685.33831
40.00000 31.00000 49621.62921
40.00000 32.00000 49554.56861
40.00000 33.00000 49497.48427
40.00000 34.00000 49447.35698
40.00000 35.00000 49417.84904
40.00000 36.00000 49407.22027
40.00000 37.00000 49399.66513
40.00000 38.00000 49405.51694
40.00000 39.00000 49419.83654
40.00000 40.00000 49451.97587
40.00000 41.00000 49486.52046
40.00000 42.00000 49541.80690
40.00000 43.00000 49615.22078
40.00000 44.00000 49702.39853
40.00000 45.00000 49811.44854
40.00000 46.00000 49943.69309
40.00000 47.00000 50091.07404
40.00000 48.00000 50255.08531
40.00000 49.00000 50423.57243
40.00000 50.00000 50610.41634
40.00000 51.00000 50824.68785
40.00000 52.00000 51053.07074
40.00000 53.00000 51294.21002
40.00000 54.00000 51560.72230
40.00000 55.00000 51862.83097
40.00000 56.00000 52186.52997
40.00000 57.00000 52527.10932
40.00000 58.00000 52892.30692
40.00000 59.00000 53282.33505
40.00000 60.00000 53672.05463
40.00000 61.00000 54058.72315
40.00000 62.00000 54453.96871
40.00000 63.00000 54874.01699
40.00000 64.00000 55295.63998
40.00000 65.00000 55725.60439
40.00000 66.00000 56183.81318
40.00000 67.00000 56644.90955
40.00000 68.00000 57093.50000
40.00000 69.00000 57532.38752
40.00000 70.00000 57986.82895
41.00000 25.00000 50151.65048
41.00000 26.00000 50022.29690
41.00000 27.00000 49906.70962
41.00000 28.00000 49809.66584
41.00000 29.00000 49721.01208
41.00000 30.00000 49648.56795
41.00000 31.00000 49583.88402
41.00000 32.00000 49515.06623
41.00000 33.00000 49455.12560
41.00000 34.00000 49403.18978
41.00000 35.00000 49373.81311
41.00000 36.00000 49364.85950
41.00000 37.00000 49357.30599
41.00000 38.00000 49364.77050
41.00000 39.00000 49382.05374
41.00000 40.00000 49416.81346
41.00000 41.00000 49457.60955
41.00000 42.00000 49517.37674
41.00000 43.00000 49596.18699
41.00000 44.00000 49685.14332
41.00000 45.00000 49795.80697
41.00000 46.00000 49933.63290
41.00000 47.00000 50085.75617
41.00000 48.00000 50250.99920
41.00000 49.00000 50420.91397
41.00000 50.00000 50611.65207
41.00000 51.00000 50834.55787
41.00000 52.00000 51073.08271
41.00000 53.00000 51322.89175
41.00000 54.00000 51593.78026
41.00000 55.00000 51902.45235
41.00000 56.00000 52231.39433
41.00000 57.00000 52573.73316
41.00000 58.00000 52945.30133
41.00000 59.00000 53340.91029
41.00000 60.00000 53735.19070
41.00000 61.00000 54126.88283
41.00000 62.00000 54525.33189
41.00000 63.00000 54947.83924
41.00000 64.00000 55371.51930
41.00000 65.00000 55801.48417
41.00000 66.00000 56259.79418
41.00000 67.00000 56726.67588
41.00000 68.00000 57183.06617
41.00000 69.00000 57628.27433
41.00000 70.00000 58086.00543
42.00000 25.00000 50122.43131
42.00000 26.00000 49988.66918
42.00000 27.00000 49869.69689
42.00000 28.00000 49771.85605
42.00000 29.00000 49680.90629
42.00000 30.00000 49607.20438
42.00000 31.00000 49542.89774
42.00000 32.00000 49474.11626
42.00000 33.00000 49412.20508
42.00000 34.00000 49357.99870
42.00000 35.00000 49327.62242
42.00000 36.00000 49319.83717
42.00000 37.00000 49313.03467
42.00000 38.00000 49320.82244
42.00000 39.00000 49343.16696
42.00000 40.00000 49382.04586
42.00000 41.00000 49428.32951
42.00000 42.00000 49494.38048
42.00000 43.00000 49575.57990
42.00000 44.00000 49664.21039
42.00000 45.00000 49774.89248
42.00000 46.00000 49917.02057
42.00000 47.00000 50076.26970
42.00000 48.00000 50246.04507
42.00000 49.00000 50420.20148
42.00000 50.00000 50614.83548
42.00000 51.00000 50842.90839
42.00000 52.00000 51086.15873
42.00000 53.00000 51342.19642
42.00000 54.00000 51622.81894
42.00000 55.00000 51938.34657
42.00000 56.00000 52272.49286
42.00000 57.00000 52618.26273
42.00000 58.00000 52992.31871
42.00000 59.00000 53394.03311
42.00000 60.00000 53795.16732
42.00000 61.00000 54193.93763
42.00000 62.00000 54598.22947
42.00000 63.00000 55022.16363
42.00000 64.00000 55446.84597
42.00000 65.00000 55876.54563
42.00000 66.00000 56333.17273
42.00000 67.00000 56803.86534
42.00000 68.00000 57265.54392
42.00000 69.00000 57717.60840
42.00000 70.00000 58183.38028
43.00000 25.00000 50095.06568
43.00000 26.00000 49962.27462
43.00000 27.00000 49841.52575
43.00000 28.00000 49742.00364
43.00000 29.00000 49650.19782
43.00000 30.00000 49574.87854
43.00000 31.00000 49509.63142
43.00000 32.00000 49440.79081
43.00000 33.00000 49377.22224
43.00000 34.00000 49320.24973
43.00000 35.00000 49288.39008
43.00000 36.00000 49282.34715
43.00000 37.00000 49278.10809
43.00000 38.00000 49287.33785
43.00000 39.00000 49312.04091
43.00000 40.00000 49355.46489
43.00000 41.00000 49407.08842
43.00000 42.00000 49475.72065
43.00000 43.00000 49560.54692
43.00000 44.00000 49652.42011
43.00000 45.00000 49765.18821
43.00000 46.00000 49909.68427
43.00000 47.00000 50074.20772
43.00000 48.00000 50251.27220
43.00000 49.00000 50431.45582
43.00000 50.00000 50629.54865
43.00000 51.00000 50859.99103
43.00000 52.00000 51106.49596
43.00000 53.00000 51367.42956
43.00000 54.00000 51656.08619
43.00000 55.00000 51980.02844
43.00000 56.00000 52323.02958
43.00000 57.00000 52676.64182
43.00000 58.00000 53052.80903
43.00000 59.00000 53456.25415
43.00000 60.00000 53862.32646
43.00000 61.00000 54267.36554
43.00000 62.00000 54677.44061
43.00000 63.00000 55104.61657
43.00000 64.00000 55533.06965
43.00000 65.00000 55965.52690
43.00000 66.00000 56421.34006
43.00000 67.00000 56892.00433
43.00000 68.00000 57355.37485
43.00000 69.00000 57811.64936
43.00000 70.00000 58283.60448
44.00000 25.00000 50058.76563
44.00000 26.00000 49927.09375
44.00000 27.00000 49807.84030
44.00000 28.00000 49704.80923
44.00000 29.00000 49613.20165
44.00000 30.00000 49538.60983
44.00000 31.00000 49472.79220
44.00000 32.00000 49404.83643
44.00000 33.00000 49338.94605
44.00000 34.00000 49277.50703
44.00000 35.00000 49242.82393
44.00000 36.00000 49237.95897
44.00000 37.00000 49238.79121
44.00000 38.00000 49251.27162
44.00000 39.00000 49276.41077
44.00000 40.00000 49317.48076
44.00000 41.00000 49371.64969
44.00000 42.00000 49443.64563
44.00000 43.00000 49534.33139
44.00000 44.00000 49636.41349
44.00000 45.00000 49750.54299
44.00000 46.00000 49896.00824
44.00000 47.00000 50063.64357
44.00000 48.00000 50249.19615
44.00000 49.00000 50437.06917
44.00000 50.00000 50637.99717
44.00000 51.00000 50870.82815
44.00000 52.00000 51121.42758
44.00000 53.00000 51387.11406
44.00000 54.00000 51680.06147
44.00000 55.00000 52008.89158
44.00000 56.00000 52360.74507
44.00000 57.00000 52724.77129
44.00000 58.00000 53105.03460
44.00000 59.00000 53509.80775
44.00000 60.00000 53919.61287
44.00000 61.00000 54329.71880
44.00000 62.00000 54742.61170
44.00000 63.00000 55172.23678
44.00000 64.00000 55606.12175
44.00000 65.00000 56045.97301
44.00000 66.00000 56503.66874
44.00000 67.00000 56972.54091
44.00000 68.00000 57436.92191
44.00000 69.00000 57896.59072
44.00000 70.00000 58370.61534
45.00000 25.00000 50021.02805
45.00000 26.00000 49891.44152
45.00000 27.00000 49774.09059
45.00000 28.00000 49666.17876
45.00000 29.00000 49570.89015
45.00000 30.00000 49494.86982
45.00000 31.00000 49428.23280
45.00000 32.00000 49361.85077
45.00000 33.00000 49297.36741
45.00000 34.00000 49235.36551
45.00000 35.00000 49199.69526
45.00000 36.00000 49191.76735
45.00000 37.00000 49195.42819
45.00000 38.00000 49214.21221
45.00000 39.00000 49242.24229
45.00000 40.00000 49280.15526
45.00000 41.00000 49331.16923
45.00000 42.00000 49403.34906
45.00000 43.00000 49497.08467
45.00000 44.00000 49608.36120
45.00000 45.00000 49730.97623
45.00000 46.00000 49879.37486
45.00000 47.00000 50051.06232
45.00000 48.00000 50241.98840
45.00000 49.00000 50437.59544
45.00000 50.00000 50643.41077
45.00000 51.00000 50878.62159
45.00000 52.00000 51132.64980
45.00000 53.00000 51404.09837
45.00000 54.00000 51703.73711
45.00000 55.00000 52035.90952
45.00000 56.00000 52394.36013
45.00000 57.00000 52769.23081
45.00000 58.00000 53156.35037
45.00000 59.00000 53563.03226
45.00000 60.00000 53975.70152
45.00000 61.00000 54388.86679
45.00000 62.00000 54803.73776
45.00000 63.00000 55234.96995
45.00000 64.00000 55673.71741
45.00000 65.00000 56121.25526
45.00000 66.00000 56582.91341
45.00000 67.00000 57051.24753
45.00000 68.00000 57517.32895
45.00000 69.00000 57981.73389
45.00000 70.00000 58459.20787
46.00000 25.00000 49996.95952
46.00000 26.00000 49867.92895
46.00000 27.00000 49749.11702
46.00000 28.00000 49635.86710
46.00000 29.00000 49536.91995
46.00000 30.00000 49455.90597
46.00000 31.00000 49386.27227
46.00000 32.00000 49320.57639
46.00000 33.00000 49262.20515
46.00000 34.00000 49206.94827
46.00000 35.00000 49173.04009
46.00000 36.00000 49162.03486
46.00000 37.00000 49165.26009
46.00000 38.00000 49186.37665
46.00000 39.00000 49216.16397
46.00000 40.00000 49255.18790
46.00000 41.00000 49306.24226
46.00000 42.00000 49375.73796
46.00000 43.00000 49470.17103
46.00000 44.00000 49585.18612
46.00000 45.00000 49722.86431
46.00000 46.00000 49883.52162
46.00000 47.00000 50056.26005
46.00000 48.00000 50248.17219
46.00000 49.00000 50446.08808
46.00000 50.00000 50657.33907
46.00000 51.00000 50894.27298
46.00000 52.00000 51150.43912
46.00000 53.00000 51428.84475
46.00000 54.00000 51738.12206
46.00000 55.00000 52076.14429
46.00000 56.00000 52441.80730
46.00000 57.00000 52824.53558
46.00000 58.00000 53218.01963
46.00000 59.00000 53624.11941
46.00000 60.00000 54038.06068
46.00000 61.00000 54454.32622
46.00000 62.00000 54872.74237
46.00000 63.00000 55306.93567
46.00000 64.00000 55749.73111
46.00000 65.00000 56201.32258
46.00000 66.00000 56667.89081
46.00000 67.00000 57135.17677
46.00000 68.00000 57603.22374
46.00000 69.00000 58072.81601
46.00000 70.00000 58557.02388
47.00000 25.00000 49988.30560
47.00000 26.00000 49857.63713
47.00000 27.00000 49735.96596
47.00000 28.00000 49620.13300
47.00000 29.00000 49519.67338
47.00000 30.00000 49435.86613
47.00000 31.00000 49363.44546
47.00000 32.00000 49294.16271
47.00000 33.00000 49238.19069
47.00000 34.00000 49188.64970
47.00000 35.00000 49158.53675
47.00000 36.00000 49148.04795
47.00000 37.00000 49151.48551
47.00000 38.00000 49171.67146
47.00000 39.00000 49200.90579
47.00000 40.00000 49242.01497
47.00000 41.00000 49295.54713
47.00000 42.00000 49367.10606
47.00000 43.00000 49463.10176
47.00000 44.00000 49580.14989
47.00000 45.00000 49722.27793
47.00000 46.00000 49892.66663
47.00000 47.00000 50070.48906
47.00000 48.00000 50265.37455
47.00000 49.00000 50466.71837
47.00000 50.00000 50685.06780
47.00000 51.00000 50926.87461
47.00000 52.00000 51185.56331
47.00000 53.00000 51469.57679
47.00000 54.00000 51786.80813
47.00000 55.00000 52132.49913
47.00000 56.00000 52505.60480
47.00000 57.00000 52893.87688
47.00000 58.00000 53292.09925
47.00000 59.00000 53699.38965
47.00000 60.00000 54112.24613
47.00000 61.00000 54529.59757
47.00000 62.00000 54952.36075
47.00000 63.00000 55391.60980
47.00000 64.00000 55839.33341
47.00000 65.00000 56294.57605
47.00000 66.00000 56766.35871
47.00000 67.00000 57236.11118
47.00000 68.00000 57706.19343
47.00000 69.00000 58179.32565
47.00000 70.00000 58670.89366
48.00000 25.00000 49981.75834
48.00000 26.00000 49847.24969
48.00000 27.00000 49723.47786
48.00000 28.00000 49608.78905
48.00000 29.00000 49507.18980
48.00000 30.00000 49422.43783
48.00000 31.00000 49349.74620
48.00000 32.00000 49274.43024
48.00000 33.00000 49214.54378
48.00000 34.00000 49165.68732
48.00000 35.00000 49140.38409
48.00000 36.00000 49134.86019
48.00000 37.00000 49138.88564
48.00000 38.00000 49157.90634
48.00000 39.00000 49186.86250
48.00000 40.00000 49230.20718
48.00000 41.00000 49285.42147
48.00000 42.00000 49360.46000
48.00000 43.00000 49461.48342
48.00000 44.00000 49581.34235
48.00000 45.00000 49722.91965
48.00000 46.00000 49893.39106
48.00000 47.00000 50078.50911
48.00000 48.00000 50280.20357
48.00000 49.00000 50485.32867
48.00000 50.00000 50709.92959
48.00000 51.00000 50961.02874
48.00000 52.00000 51223.36361
48.00000 53.00000 51511.79798
48.00000 54.00000 51834.86372
48.00000 55.00000 52188.75488
48.00000 56.00000 52568.31943
48.00000 57.00000 52959.91087
48.00000 58.00000 53361.26540
48.00000 59.00000 53772.90725
48.00000 60.00000 54184.73956
48.00000 61.00000 54600.88609
48.00000 62.00000 55025.88187
48.00000 63.00000 55469.92900
48.00000 64.00000 55921.27734
48.00000 65.00000 56380.89398
48.00000 66.00000 56860.69963
48.00000 67.00000 57338.42677
48.00000 68.00000 57812.04891
48.00000 69.00000 58287.79243
48.00000 70.00000 58784.49224
49.00000 25.00000 49962.00465
49.00000 26.00000 49822.64953
49.00000 27.00000 49695.17306
49.00000 28.00000 49580.55091
49.00000 29.00000 49477.76971
49.00000 30.00000 49392.29427
49.00000 31.00000 49319.81226
49.00000 32.00000 49243.86459
49.00000 33.00000 49178.85816
49.00000 34.00000 49126.02221
49.00000 35.00000 49101.87978
49.00000 36.00000 49100.10493
49.00000 37.00000 49105.37647
49.00000 38.00000 49125.31162
49.00000 39.00000 49155.92145
49.00000 40.00000 49200.89041
49.00000 41.00000 49257.52260
49.00000 42.00000 49334.95367
49.00000 43.00000 49439.48396
49.00000 44.00000 49564.46198
49.00000 45.00000 49709.24071
49.00000 46.00000 49880.46004
49.00000 47.00000 50070.86118
49.00000 48.00000 50275.50851
49.00000 49.00000 50485.74749
49.00000 50.00000 50715.03554
49.00000 51.00000 50975.83542
49.00000 52.00000 51246.55791
49.00000 53.00000 51540.46594
49.00000 54.00000 51870.90492
49.00000 55.00000 52230.96014
49.00000 56.00000 52613.99885
49.00000 57.00000 53006.88324
49.00000 58.00000 53408.81283
49.00000 59.00000 53824.69087
49.00000 60.00000 54240.30401
49.00000 61.00000 54658.61965
49.00000 62.00000 55086.68846
49.00000 63.00000 55534.64431
49.00000 64.00000 55988.55922
49.00000 65.00000 56450.60532
49.00000 66.00000 56936.99207
49.00000 67.00000 57423.56664
49.00000 68.00000 57905.22829
49.00000 69.00000 58387.95143
49.00000 70.00000 58891.03694
50.00000 25.00000 49945.70498
50.00000 26.00000 49802.73520
50.00000 27.00000 49669.53348
50.00000 28.00000 49551.59041
50.00000 29.00000 49447.64211
50.00000 30.00000 49363.31916
50.00000 31.00000 49293.31532
50.00000 32.00000 49220.57486
50.00000 33.00000 49154.01151
50.00000 34.00000 49093.28375
50.00000 35.00000 49062.69652
50.00000 36.00000 49061.13500
50.00000 37.00000 49066.15255
50.00000 38.00000 49089.89652
50.00000 39.00000 49126.23421
50.00000 40.00000 49174.59718
50.00000 41.00000 49233.47631
50.00000 42.00000 49312.69867
50.00000 43.00000 49418.61935
50.00000 44.00000 49545.54038
50.00000 45.00000 49694.35664
50.00000 46.00000 49870.88050
50.00000 47.00000 50068.02915
50.00000 48.00000 50279.15217
50.00000 49.00000 50494.54528
50.00000 50.00000 50729.98617
50.00000 51.00000 50996.60590
50.00000 52.00000 51275.00516
50.00000 53.00000 51573.51111
50.00000 54.00000 51907.09671
50.00000 55.00000 52273.85939
50.00000 56.00000 52661.46484
50.00000 57.00000 53055.80384
50.00000 58.00000 53456.95232
50.00000 59.00000 53875.15026
50.00000 60.00000 54296.29542
50.00000 61.00000 54719.93369
50.00000 62.00000 55153.29575
50.00000 63.00000 55605.73673
50.00000 64.00000 56063.89781
50.00000 65.00000 56527.70411
50.00000 66.00000 57015.53800
50.00000 67.00000 57507.98639
50.00000 68.00000 57998.01094
50.00000 69.00000 58489.76451
50.00000 70.00000 59003.33378
51.00000 25.00000 49942.88688
51.00000 26.00000 49797.66394
51.00000 27.00000 49660.11166
51.00000 28.00000 49539.33907
51.00000 29.00000 49434.54659
51.00000 30.00000 49349.69521
51.00000 31.00000 49279.32530
51.00000 32.00000 49209.45647
51.00000 33.00000 49142.43302
51.00000 34.00000 49076.90078
51.00000 35.00000 49039.94603
51.00000 36.00000 49038.09176
51.00000 37.00000 49044.63438
51.00000 38.00000 49069.39440
51.00000 39.00000 49108.11438
51.00000 40.00000 49159.97705
51.00000 41.00000 49222.53426
51.00000 42.00000 49304.65168
51.00000 43.00000 49412.94647
51.00000 44.00000 49544.02267
51.00000 45.00000 49697.10788
51.00000 46.00000 49877.59484
51.00000 47.00000 50079.14674
51.00000 48.00000 50299.35086
51.00000 49.00000 50523.16405
51.00000 50.00000 50764.99774
51.00000 51.00000 51034.90806
51.00000 52.00000 51317.83647
51.00000 53.00000 51620.08229
51.00000 54.00000 51953.51977
51.00000 55.00000 52321.49077
51.00000 56.00000 52714.79013
51.00000 57.00000 53114.03077
51.00000 58.00000 53518.42110
51.00000 59.00000 53939.65469
51.00000 60.00000 54364.16818
51.00000 61.00000 54791.39815
51.00000 62.00000 55229.14572
51.00000 63.00000 55686.77058
51.00000 64.00000 56153.61752
51.00000 65.00000 56626.35333
51.00000 66.00000 57118.77503
51.00000 67.00000 57615.07513
51.00000 68.00000 58109.17047
51.00000 69.00000 58606.31869
51.00000 70.00000 59127.46024
52.00000 25.00000 49936.74887
52.00000 26.00000 49786.26537
52.00000 27.00000 49643.26888
52.00000 28.00000 49519.88175
52.00000 29.00000 49414.93758
52.00000 30.00000 49330.68449
52.00000 31.00000 49260.52458
52.00000 32.00000 49194.35050
52.00000 33.00000 49129.33631
52.00000 34.00000 49062.54378
52.00000 35.00000 49022.64170
52.00000 36.00000 49015.24703
52.00000 37.00000 49023.15004
52.00000 38.00000 49050.17428
52.00000 39.00000 49089.97851
52.00000 40.00000 49142.93518
52.00000 41.00000 49207.05438
52.00000 42.00000 49291.01670
52.00000 43.00000 49402.94870
52.00000 44.00000 49540.69536
52.00000 45.00000 49700.82523
52.00000 46.00000 49885.55707
52.00000 47.00000 50089.83847
52.00000 48.00000 50316.19140
52.00000 49.00000 50548.52188
52.00000 50.00000 50797.53946
52.00000 51.00000 51074.46062
52.00000 52.00000 51362.83171
52.00000 53.00000 51668.22589
52.00000 54.00000 52001.37580
52.00000 55.00000 52364.41155
52.00000 56.00000 52757.01974
52.00000 57.00000 53164.65147
52.00000 58.00000 53577.92208
52.00000 59.00000 54004.55254
52.00000 60.00000 54432.83414
52.00000 61.00000 54863.68265
52.00000 62.00000 55304.99655
52.00000 63.00000 55766.52089
52.00000 64.00000 56240.46084
52.00000 65.00000 56723.66676
52.00000 66.00000 57222.69747
52.00000 67.00000 57726.54866
52.00000 68.00000 58227.98682
52.00000 69.00000 58731.79337
52.00000 70.00000 59258.50419
53.00000 25.00000 49920.41655
53.00000 26.00000 49764.83215
53.00000 27.00000 49618.54284
53.00000 28.00000 49491.78549
53.00000 29.00000 49385.42931
53.00000 30.00000 49301.79274
53.00000 31.00000 49232.20890
53.00000 32.00000 49166.33388
53.00000 33.00000 49105.10370
53.00000 34.00000 49042.35018
53.00000 35.00000 49002.99232
53.00000 36.00000 48991.06971
53.00000 37.00000 48997.19377
53.00000 38.00000 49025.92969
53.00000 39.00000 49066.96155
53.00000 40.00000 49120.33724
53.00000 41.00000 49185.46312
53.00000 42.00000 49272.14132
53.00000 43.00000 49387.78873
53.00000 44.00000 49529.51896
53.00000 45.00000 49696.87136
53.00000 46.00000 49889.54521
53.00000 47.00000 50099.05100
53.00000 48.00000 50328.96410
53.00000 49.00000 50567.85783
53.00000 50.00000 50824.22485
53.00000 51.00000 51105.81032
53.00000 52.00000 51400.42196
53.00000 53.00000 51711.06839
53.00000 54.00000 52045.91221
53.00000 55.00000 52407.68846
53.00000 56.00000 52798.21122
53.00000 57.00000 53208.06584
53.00000 58.00000 53631.73355
53.00000 59.00000 54064.04716
53.00000 60.00000 54498.29566
53.00000 61.00000 54934.97998
53.00000 62.00000 55380.21652
53.00000 63.00000 55845.51989
53.00000 64.00000 56323.93732
53.00000 65.00000 56814.08795
53.00000 66.00000 57318.91427
53.00000 67.00000 57829.60594
53.00000 68.00000 58342.33103
53.00000 69.00000 58858.27405
53.00000 70.00000 59392.63853
54.00000 25.00000 49907.79530
54.00000 26.00000 49752.38160
54.00000 27.00000 49606.26747
54.00000 28.00000 49476.39334
54.00000 29.00000 49366.08946
54.00000 30.00000 49278.10408
54.00000 31.00000 49206.19058
54.00000 32.00000 49136.70514
54.00000 33.00000 49077.22165
54.00000 34.00000 49022.27910
54.00000 35.00000 48987.74177
54.00000 36.00000 48976.17816
54.00000 37.00000 48981.93236
54.00000 38.00000 49008.38033
54.00000 39.00000 49048.31805
54.00000 40.00000 49102.65327
54.00000 41.00000 49170.46664
54.00000 42.00000 49261.27636
54.00000 43.00000 49378.99246
54.00000 44.00000 49522.71445
54.00000 45.00000 49695.50377
54.00000 46.00000 49897.22924
54.00000 47.00000 50114.88356
54.00000 48.00000 50350.31300
54.00000 49.00000 50595.40130
54.00000 50.00000 50858.10413
54.00000 51.00000 51143.61742
54.00000 52.00000 51440.45738
54.00000 53.00000 51755.09024
54.00000 54.00000 52096.68259
54.00000 55.00000 52460.90368
54.00000 56.00000 52851.42067
54.00000 57.00000 53259.28158
54.00000 58.00000 53688.52631
54.00000 59.00000 54126.57683
54.00000 60.00000 54566.28144
54.00000 61.00000 55008.84447
54.00000 62.00000 55459.02932
54.00000 63.00000 55930.53855
54.00000 64.00000 56415.20247
54.00000 65.00000 56911.50967
54.00000 66.00000 57423.92175
54.00000 67.00000 57941.41700
54.00000 68.00000 58462.41645
54.00000 69.00000 58988.52275
54.00000 70.00000 59535.31981
55.00000 25.00000 49911.15843
55.00000 26.00000 49754.91108
55.00000 27.00000 49608.26715
55.00000 28.00000 49479.10644
55.00000 29.00000 49366.92078
55.00000 30.00000 49275.60087
55.00000 31.00000 49199.99142
55.00000 32.00000 49123.08694
55.00000 33.00000 49059.74676
55.00000 34.00000 49005.66454
55.00000 35.00000 48974.58754
55.00000 36.00000 48967.83701
55.00000 37.00000 48976.31888
55.00000 38.00000 49003.28905
55.00000 39.00000 49043.78538
55.00000 40.00000 49099.62791
55.00000 41.00000 49170.58090
55.00000 42.00000 49266.93467
55.00000 43.00000 49389.10549
55.00000 44.00000 49535.97393
55.00000 45.00000 49711.76746
55.00000 46.00000 49916.49742
55.00000 47.00000 50139.11019
55.00000 48.00000 50378.65403
55.00000 49.00000 50626.64542
55.00000 50.00000 50892.74267
55.00000 51.00000 51184.09482
55.00000 52.00000 51489.55450
55.00000 53.00000 51808.23696
55.00000 54.00000 52154.73913
55.00000 55.00000 52524.62490
55.00000 56.00000 52913.82480
55.00000 57.00000 53320.32338
55.00000 58.00000 53753.91618
55.00000 59.00000 54200.66739
55.00000 60.00000 54645.85833
55.00000 61.00000 55091.72514
55.00000 62.00000 55544.38843
55.00000 63.00000 56022.40271
55.00000 64.00000 56513.59201
55.00000 65.00000 57017.02648
55.00000 66.00000 57540.08972
55.00000 67.00000 58068.74624
55.00000 68.00000 58594.84828
55.00000 69.00000 59124.77508
55.00000 70.00000 59680.00938
