k1 k2 chisq 
11.00000 25.00000 35412.68961
11.00000 26.00000 35418.01672
11.00000 27.00000 35422.85968
11.00000 28.00000 35447.32475
11.00000 29.00000 35466.88037
11.00000 30.00000 35473.57419
11.00000 31.00000 35473.42366
11.00000 32.00000 35468.38745
11.00000 33.00000 35448.68599
11.00000 34.00000 35417.49990
11.00000 35.00000 35401.62628
11.00000 36.00000 35415.12415
11.00000 37.00000 35421.77201
11.00000 38.00000 35423.81328
11.00000 39.00000 35426.60369
11.00000 40.00000 35429.28286
11.00000 41.00000 35430.66029
11.00000 42.00000 35423.42860
11.00000 43.00000 35414.40450
11.00000 44.00000 35404.01867
11.00000 45.00000 35382.53308
11.00000 46.00000 35359.46544
11.00000 47.00000 35355.75294
11.00000 48.00000 35368.86425
11.00000 49.00000 35391.75098
11.00000 50.00000 35398.72181
11.00000 51.00000 35405.89171
11.00000 52.00000 35413.14391
11.00000 53.00000 35409.23112
11.00000 54.00000 35395.83809
11.00000 55.00000 35379.57227
11.00000 56.00000 35365.16472
11.00000 57.00000 35354.48739
11.00000 58.00000 35337.76067
11.00000 59.00000 35351.29683
11.00000 60.00000 35367.27918
11.00000 61.00000 35378.10996
11.00000 62.00000 35377.16760
11.00000 63.00000 35381.43359
11.00000 64.00000 35378.15257
11.00000 65.00000 35362.87594
11.00000 66.00000 35348.44187
11.00000 67.00000 35342.89673
11.00000 68.00000 35338.14990
11.00000 69.00000 35342.65032
11.00000 70.00000 35347.45420
12.00000 25.00000 35409.79382
12.00000 26.00000 35414.53172
12.00000 27.00000 35418.94454
12.00000 28.00000 35443.69568
12.00000 29.00000 35463.28660
12.00000 30.00000 35469.75382
12.00000 31.00000 35469.02663
12.00000 32.00000 35463.59623
12.00000 33.00000 35443.62408
12.00000 34.00000 35412.57227
12.00000 35.00000 35397.19990
12.00000 36.00000 35410.74412
12.00000 37.00000 35417.47900
12.00000 38.00000 35419.94502
12.00000 39.00000 35423.22054
12.00000 40.00000 35427.18816
12.00000 41.00000 35429.18506
12.00000 42.00000 35422.23666
12.00000 43.00000 35413.38849
12.00000 44.00000 35403.30770
12.00000 45.00000 35382.14707
12.00000 46.00000 35360.06489
12.00000 47.00000 35356.32044
12.00000 48.00000 35369.23183
12.00000 49.00000 35391.97612
12.00000 50.00000 35398.78725
12.00000 51.00000 35405.36695
12.00000 52.00000 35411.63340
12.00000 53.00000 35406.13363
12.00000 54.00000 35391.07381
12.00000 55.00000 35373.99471
12.00000 56.00000 35359.28441
12.00000 57.00000 35348.09909
12.00000 58.00000 35330.99353
12.00000 59.00000 35344.61379
12.00000 60.00000 35361.36136
12.00000 61.00000 35372.74858
12.00000 62.00000 35372.51066
12.00000 63.00000 35376.53259
12.00000 64.00000 35373.21095
12.00000 65.00000 35358.12262
12.00000 66.00000 35345.05975
12.00000 67.00000 35340.79973
12.00000 68.00000 35337.12456
12.00000 69.00000 35341.80195
12.00000 70.00000 35346.82871
13.00000 25.00000 35400.93792
13.00000 26.00000 35410.81922
13.00000 27.00000 35418.48400
13.00000 28.00000 35438.66379
13.00000 29.00000 35453.58248
13.00000 30.00000 35457.63291
13.00000 31.00000 35455.99304
13.00000 32.00000 35450.28635
13.00000 33.00000 35432.89039
13.00000 34.00000 35404.83494
13.00000 35.00000 35391.08460
13.00000 36.00000 35401.82277
13.00000 37.00000 35407.67251
13.00000 38.00000 35411.44439
13.00000 39.00000 35416.21454
13.00000 40.00000 35420.99484
13.00000 41.00000 35424.93574
13.00000 42.00000 35417.64006
13.00000 43.00000 35406.44215
13.00000 44.00000 35393.56907
13.00000 45.00000 35370.63071
13.00000 46.00000 35349.63504
13.00000 47.00000 35348.89080
13.00000 48.00000 35363.29246
13.00000 49.00000 35387.72412
13.00000 50.00000 35396.65043
13.00000 51.00000 35402.29899
13.00000 52.00000 35404.71692
13.00000 53.00000 35396.42127
13.00000 54.00000 35380.31176
13.00000 55.00000 35363.48068
13.00000 56.00000 35349.08948
13.00000 57.00000 35338.82171
13.00000 58.00000 35322.69090
13.00000 59.00000 35334.86158
13.00000 60.00000 35350.07677
13.00000 61.00000 35361.15066
13.00000 62.00000 35361.49373
13.00000 63.00000 35363.81375
13.00000 64.00000 35358.93154
13.00000 65.00000 35344.56013
13.00000 66.00000 35334.01071
13.00000 67.00000 35330.72047
13.00000 68.00000 35328.01709
13.00000 69.00000 35332.72897
13.00000 70.00000 35337.18897
14.00000 25.00000 35396.82037
14.00000 26.00000 35412.09811
14.00000 27.00000 35423.87250
14.00000 28.00000 35440.44850
14.00000 29.00000 35449.42228
14.00000 30.00000 35449.86167
14.00000 31.00000 35447.05737
14.00000 32.00000 35439.77177
14.00000 33.00000 35425.69258
14.00000 34.00000 35403.12642
14.00000 35.00000 35390.99587
14.00000 36.00000 35397.55336
14.00000 37.00000 35400.43326
14.00000 38.00000 35404.85181
14.00000 39.00000 35411.44790
14.00000 40.00000 35415.56964
14.00000 41.00000 35419.84395
14.00000 42.00000 35414.00877
14.00000 43.00000 35402.30398
14.00000 44.00000 35388.38471
14.00000 45.00000 35366.60885
14.00000 46.00000 35349.14441
14.00000 47.00000 35350.25077
14.00000 48.00000 35364.05968
14.00000 49.00000 35387.38666
14.00000 50.00000 35396.07550
14.00000 51.00000 35400.66712
14.00000 52.00000 35399.57835
14.00000 53.00000 35388.26218
14.00000 54.00000 35370.80498
14.00000 55.00000 35354.01722
14.00000 56.00000 35340.90114
14.00000 57.00000 35333.00634
14.00000 58.00000 35320.54254
14.00000 59.00000 35331.35771
14.00000 60.00000 35344.11214
14.00000 61.00000 35353.71782
14.00000 62.00000 35354.60955
14.00000 63.00000 35354.76551
14.00000 64.00000 35349.19370
14.00000 65.00000 35336.90843
14.00000 66.00000 35329.42069
14.00000 67.00000 35324.50832
14.00000 68.00000 35320.04440
14.00000 69.00000 35323.67049
14.00000 70.00000 35327.82769
15.00000 25.00000 35390.50380
15.00000 26.00000 35409.20260
15.00000 27.00000 35424.76257
15.00000 28.00000 35440.76310
15.00000 29.00000 35445.58107
15.00000 30.00000 35441.65382
15.00000 31.00000 35436.53294
15.00000 32.00000 35426.48390
15.00000 33.00000 35416.09277
15.00000 34.00000 35399.52794
15.00000 35.00000 35389.36622
15.00000 36.00000 35392.32459
15.00000 37.00000 35392.38640
15.00000 38.00000 35396.82821
15.00000 39.00000 35405.24800
15.00000 40.00000 35408.50786
15.00000 41.00000 35411.84697
15.00000 42.00000 35408.68435
15.00000 43.00000 35398.91632
15.00000 44.00000 35386.38918
15.00000 45.00000 35368.37057
15.00000 46.00000 35355.26557
15.00000 47.00000 35356.13982
15.00000 48.00000 35367.08583
15.00000 49.00000 35387.19231
15.00000 50.00000 35393.96918
15.00000 51.00000 35397.26876
15.00000 52.00000 35393.63413
15.00000 53.00000 35380.14110
15.00000 54.00000 35361.10709
15.00000 55.00000 35344.26527
15.00000 56.00000 35333.15754
15.00000 57.00000 35328.18260
15.00000 58.00000 35320.82535
15.00000 59.00000 35331.17863
15.00000 60.00000 35342.05217
15.00000 61.00000 35350.16974
15.00000 62.00000 35351.16719
15.00000 63.00000 35349.45851
15.00000 64.00000 35344.22445
15.00000 65.00000 35334.48812
15.00000 66.00000 35329.20976
15.00000 67.00000 35320.08742
15.00000 68.00000 35311.07330
15.00000 69.00000 35312.12617
15.00000 70.00000 35316.31131
16.00000 25.00000 35390.84123
16.00000 26.00000 35409.36231
16.00000 27.00000 35424.89803
16.00000 28.00000 35442.24416
16.00000 29.00000 35447.83086
16.00000 30.00000 35443.93424
16.00000 31.00000 35437.04304
16.00000 32.00000 35422.48248
16.00000 33.00000 35410.74079
16.00000 34.00000 35394.90914
16.00000 35.00000 35385.59199
16.00000 36.00000 35389.25924
16.00000 37.00000 35389.68708
16.00000 38.00000 35394.20356
16.00000 39.00000 35402.67461
16.00000 40.00000 35404.58953
16.00000 41.00000 35407.41844
16.00000 42.00000 35406.44665
16.00000 43.00000 35398.33294
16.00000 44.00000 35385.85597
16.00000 45.00000 35368.42466
16.00000 46.00000 35356.43462
16.00000 47.00000 35356.52776
16.00000 48.00000 35365.63643
16.00000 49.00000 35384.75260
16.00000 50.00000 35391.01810
16.00000 51.00000 35393.65990
16.00000 52.00000 35390.06254
16.00000 53.00000 35376.96532
16.00000 54.00000 35358.19455
16.00000 55.00000 35340.42883
16.00000 56.00000 35329.03575
16.00000 57.00000 35324.66727
16.00000 58.00000 35320.37303
16.00000 59.00000 35331.55829
16.00000 60.00000 35343.27951
16.00000 61.00000 35351.70375
16.00000 62.00000 35352.59353
16.00000 63.00000 35350.25476
16.00000 64.00000 35345.01915
16.00000 65.00000 35335.44614
16.00000 66.00000 35330.07740
16.00000 67.00000 35317.72610
16.00000 68.00000 35306.05701
16.00000 69.00000 35305.80568
16.00000 70.00000 35309.93831
17.00000 25.00000 35387.08914
17.00000 26.00000 35403.81425
17.00000 27.00000 35417.79997
17.00000 28.00000 35436.30447
17.00000 29.00000 35444.88514
17.00000 30.00000 35443.60825
17.00000 31.00000 35436.06667
17.00000 32.00000 35420.30677
17.00000 33.00000 35404.79532
17.00000 34.00000 35383.77188
17.00000 35.00000 35372.33930
17.00000 36.00000 35377.95241
17.00000 37.00000 35382.28289
17.00000 38.00000 35389.79149
17.00000 39.00000 35399.17439
17.00000 40.00000 35398.86513
17.00000 41.00000 35400.06585
17.00000 42.00000 35398.75338
17.00000 43.00000 35390.95168
17.00000 44.00000 35377.98006
17.00000 45.00000 35359.53382
17.00000 46.00000 35345.04464
17.00000 47.00000 35343.75236
17.00000 48.00000 35351.68483
17.00000 49.00000 35371.71886
17.00000 50.00000 35379.22639
17.00000 51.00000 35381.79091
17.00000 52.00000 35379.68063
17.00000 53.00000 35369.82235
17.00000 54.00000 35354.50137
17.00000 55.00000 35336.51762
17.00000 56.00000 35323.92379
17.00000 57.00000 35318.07804
17.00000 58.00000 35312.27690
17.00000 59.00000 35323.17475
17.00000 60.00000 35335.75574
17.00000 61.00000 35345.82152
17.00000 62.00000 35347.83271
17.00000 63.00000 35345.76070
17.00000 64.00000 35339.88988
17.00000 65.00000 35328.24737
17.00000 66.00000 35319.19183
17.00000 67.00000 35305.52559
17.00000 68.00000 35294.33274
17.00000 69.00000 35295.79217
17.00000 70.00000 35301.47134
18.00000 25.00000 35370.78063
18.00000 26.00000 35384.12299
18.00000 27.00000 35396.86788
18.00000 28.00000 35418.06507
18.00000 29.00000 35430.33431
18.00000 30.00000 35431.99048
18.00000 31.00000 35425.06484
18.00000 32.00000 35408.45438
18.00000 33.00000 35390.27502
18.00000 34.00000 35365.79836
18.00000 35.00000 35353.01453
18.00000 36.00000 35361.92414
18.00000 37.00000 35370.62343
18.00000 38.00000 35380.71854
18.00000 39.00000 35390.48035
18.00000 40.00000 35387.10946
18.00000 41.00000 35384.98843
18.00000 42.00000 35381.69233
18.00000 43.00000 35373.93107
18.00000 44.00000 35362.06985
18.00000 45.00000 35344.53130
18.00000 46.00000 35329.34741
18.00000 47.00000 35326.35679
18.00000 48.00000 35331.97102
18.00000 49.00000 35350.77300
18.00000 50.00000 35358.85115
18.00000 51.00000 35361.84840
18.00000 52.00000 35361.94559
18.00000 53.00000 35355.31963
18.00000 54.00000 35343.24551
18.00000 55.00000 35325.72866
18.00000 56.00000 35313.69194
18.00000 57.00000 35308.17485
18.00000 58.00000 35301.34802
18.00000 59.00000 35313.06568
18.00000 60.00000 35327.20623
18.00000 61.00000 35338.19311
18.00000 62.00000 35340.60341
18.00000 63.00000 35337.43248
18.00000 64.00000 35329.77506
18.00000 65.00000 35315.56521
18.00000 66.00000 35302.87198
18.00000 67.00000 35289.23058
18.00000 68.00000 35279.12238
18.00000 69.00000 35282.14504
18.00000 70.00000 35289.04021
19.00000 25.00000 35352.26051
19.00000 26.00000 35360.99992
19.00000 27.00000 35373.10895
19.00000 28.00000 35397.95380
19.00000 29.00000 35413.57268
19.00000 30.00000 35418.05848
19.00000 31.00000 35413.40733
19.00000 32.00000 35395.93528
19.00000 33.00000 35376.12464
19.00000 34.00000 35351.54294
19.00000 35.00000 35339.56105
19.00000 36.00000 35352.49979
19.00000 37.00000 35363.99804
19.00000 38.00000 35374.41622
19.00000 39.00000 35383.24284
19.00000 40.00000 35377.46547
19.00000 41.00000 35372.81149
19.00000 42.00000 35367.84682
19.00000 43.00000 35359.80398
19.00000 44.00000 35349.17588
19.00000 45.00000 35332.32780
19.00000 46.00000 35316.95163
19.00000 47.00000 35312.28717
19.00000 48.00000 35316.38277
19.00000 49.00000 35333.61130
19.00000 50.00000 35341.36087
19.00000 51.00000 35344.82808
19.00000 52.00000 35346.40763
19.00000 53.00000 35341.26937
19.00000 54.00000 35330.14697
19.00000 55.00000 35313.40958
19.00000 56.00000 35303.88858
19.00000 57.00000 35301.44833
19.00000 58.00000 35296.46596
19.00000 59.00000 35309.65304
19.00000 60.00000 35325.38545
19.00000 61.00000 35336.91338
19.00000 62.00000 35339.08242
19.00000 63.00000 35334.16911
19.00000 64.00000 35324.64773
19.00000 65.00000 35308.41432
19.00000 66.00000 35293.17615
19.00000 67.00000 35280.28414
19.00000 68.00000 35271.00946
19.00000 69.00000 35274.76864
19.00000 70.00000 35282.12724
20.00000 25.00000 35351.72673
20.00000 26.00000 35359.45873
20.00000 27.00000 35371.76120
20.00000 28.00000 35396.85198
20.00000 29.00000 35413.33928
20.00000 30.00000 35418.81904
20.00000 31.00000 35415.29277
20.00000 32.00000 35399.53918
20.00000 33.00000 35379.59205
20.00000 34.00000 35355.27168
20.00000 35.00000 35344.19459
20.00000 36.00000 35358.49727
20.00000 37.00000 35371.73717
20.00000 38.00000 35383.51623
20.00000 39.00000 35392.48250
20.00000 40.00000 35384.95624
20.00000 41.00000 35378.06589
20.00000 42.00000 35371.46018
20.00000 43.00000 35362.30831
20.00000 44.00000 35351.46019
20.00000 45.00000 35334.27117
20.00000 46.00000 35318.75943
20.00000 47.00000 35313.90511
20.00000 48.00000 35318.15243
20.00000 49.00000 35335.75677
20.00000 50.00000 35344.24864
20.00000 51.00000 35348.51895
20.00000 52.00000 35351.15284
20.00000 53.00000 35346.47901
20.00000 54.00000 35335.36758
20.00000 55.00000 35318.56839
20.00000 56.00000 35310.10600
20.00000 57.00000 35309.25947
20.00000 58.00000 35305.39867
20.00000 59.00000 35319.20687
20.00000 60.00000 35335.78848
20.00000 61.00000 35347.45300
20.00000 62.00000 35349.38502
20.00000 63.00000 35342.80658
20.00000 64.00000 35331.69758
20.00000 65.00000 35314.85888
20.00000 66.00000 35299.74996
20.00000 67.00000 35287.11100
20.00000 68.00000 35277.68845
20.00000 69.00000 35281.32748
20.00000 70.00000 35289.47253
21.00000 25.00000 35359.30525
21.00000 26.00000 35371.34740
21.00000 27.00000 35383.79474
21.00000 28.00000 35406.85851
21.00000 29.00000 35420.54191
21.00000 30.00000 35423.68442
21.00000 31.00000 35418.50625
21.00000 32.00000 35405.25518
21.00000 33.00000 35387.61501
21.00000 34.00000 35365.50308
21.00000 35.00000 35356.20311
21.00000 36.00000 35370.82204
21.00000 37.00000 35383.87028
21.00000 38.00000 35395.30913
21.00000 39.00000 35404.08412
21.00000 40.00000 35395.33012
21.00000 41.00000 35386.48380
21.00000 42.00000 35378.30630
21.00000 43.00000 35368.23726
21.00000 44.00000 35357.22980
21.00000 45.00000 35339.51175
21.00000 46.00000 35322.62592
21.00000 47.00000 35318.23288
21.00000 48.00000 35323.72250
21.00000 49.00000 35343.23314
21.00000 50.00000 35354.13735
21.00000 51.00000 35360.65381
21.00000 52.00000 35364.80695
21.00000 53.00000 35360.06615
21.00000 54.00000 35348.36671
21.00000 55.00000 35332.02950
21.00000 56.00000 35323.61326
21.00000 57.00000 35322.56362
21.00000 58.00000 35317.75273
21.00000 59.00000 35330.75681
21.00000 60.00000 35346.57363
21.00000 61.00000 35357.14061
21.00000 62.00000 35358.27860
21.00000 63.00000 35351.37268
21.00000 64.00000 35340.00612
21.00000 65.00000 35323.86586
21.00000 66.00000 35309.09046
21.00000 67.00000 35297.31041
21.00000 68.00000 35288.24660
21.00000 69.00000 35291.94623
21.00000 70.00000 35300.98466
22.00000 25.00000 35366.12229
22.00000 26.00000 35383.89675
22.00000 27.00000 35395.58822
22.00000 28.00000 35416.10239
22.00000 29.00000 35425.97547
22.00000 30.00000 35426.59054
22.00000 31.00000 35420.05291
22.00000 32.00000 35408.96548
22.00000 33.00000 35395.29631
22.00000 34.00000 35378.92383
22.00000 35.00000 35372.62065
22.00000 36.00000 35386.92967
22.00000 37.00000 35397.08823
22.00000 38.00000 35404.76165
22.00000 39.00000 35411.62862
22.00000 40.00000 35402.15917
22.00000 41.00000 35392.50145
22.00000 42.00000 35384.67608
22.00000 43.00000 35374.82159
22.00000 44.00000 35364.32251
22.00000 45.00000 35346.33838
22.00000 46.00000 35328.52319
22.00000 47.00000 35323.97139
22.00000 48.00000 35329.61124
22.00000 49.00000 35349.80416
22.00000 50.00000 35361.36323
22.00000 51.00000 35370.54849
22.00000 52.00000 35377.30007
22.00000 53.00000 35373.05256
22.00000 54.00000 35360.77182
22.00000 55.00000 35345.35842
22.00000 56.00000 35337.04604
22.00000 57.00000 35335.49901
22.00000 58.00000 35329.87120
22.00000 59.00000 35341.83813
22.00000 60.00000 35356.33849
22.00000 61.00000 35365.10930
22.00000 62.00000 35365.15643
22.00000 63.00000 35358.53575
22.00000 64.00000 35348.35377
22.00000 65.00000 35334.57857
22.00000 66.00000 35321.26125
22.00000 67.00000 35309.61612
22.00000 68.00000 35299.39693
22.00000 69.00000 35301.67219
22.00000 70.00000 35310.40337
23.00000 25.00000 35374.82705
23.00000 26.00000 35394.03560
23.00000 27.00000 35405.43763
23.00000 28.00000 35424.69726
23.00000 29.00000 35433.87930
23.00000 30.00000 35434.39245
23.00000 31.00000 35427.19741
23.00000 32.00000 35417.89294
23.00000 33.00000 35407.59968
23.00000 34.00000 35396.13885
23.00000 35.00000 35391.86566
23.00000 36.00000 35405.21697
23.00000 37.00000 35412.45134
23.00000 38.00000 35416.22064
23.00000 39.00000 35420.38679
23.00000 40.00000 35411.13141
23.00000 41.00000 35401.89840
23.00000 42.00000 35395.91722
23.00000 43.00000 35387.59825
23.00000 44.00000 35378.39915
23.00000 45.00000 35359.60034
23.00000 46.00000 35340.41477
23.00000 47.00000 35334.66010
23.00000 48.00000 35339.40131
23.00000 49.00000 35359.37512
23.00000 50.00000 35370.34337
23.00000 51.00000 35381.70033
23.00000 52.00000 35390.75303
23.00000 53.00000 35386.85150
23.00000 54.00000 35373.48157
23.00000 55.00000 35359.24866
23.00000 56.00000 35351.88989
23.00000 57.00000 35350.61787
23.00000 58.00000 35345.11209
23.00000 59.00000 35356.18957
23.00000 60.00000 35368.78172
23.00000 61.00000 35375.01502
23.00000 62.00000 35373.25089
23.00000 63.00000 35368.15118
23.00000 64.00000 35360.69347
23.00000 65.00000 35349.60914
23.00000 66.00000 35337.73492
23.00000 67.00000 35325.38588
23.00000 68.00000 35313.10884
23.00000 69.00000 35313.33861
23.00000 70.00000 35321.53977
24.00000 25.00000 35381.64651
24.00000 26.00000 35401.12300
24.00000 27.00000 35410.55155
24.00000 28.00000 35431.04235
24.00000 29.00000 35442.00588
24.00000 30.00000 35444.16344
24.00000 31.00000 35437.36186
24.00000 32.00000 35428.94165
24.00000 33.00000 35417.96744
24.00000 34.00000 35404.61279
24.00000 35.00000 35398.64297
24.00000 36.00000 35412.59302
24.00000 37.00000 35419.72297
24.00000 38.00000 35422.53047
24.00000 39.00000 35425.37062
24.00000 40.00000 35416.91548
24.00000 41.00000 35409.24206
24.00000 42.00000 35404.34214
24.00000 43.00000 35396.00920
24.00000 44.00000 35385.57306
24.00000 45.00000 35364.63347
24.00000 46.00000 35344.56327
24.00000 47.00000 35340.51884
24.00000 48.00000 35347.22858
24.00000 49.00000 35367.82730
24.00000 50.00000 35377.78819
24.00000 51.00000 35388.98978
24.00000 52.00000 35399.24899
24.00000 53.00000 35396.46175
24.00000 54.00000 35384.08375
24.00000 55.00000 35370.12159
24.00000 56.00000 35362.03358
24.00000 57.00000 35359.57230
24.00000 58.00000 35352.46115
24.00000 59.00000 35363.48658
24.00000 60.00000 35376.66327
24.00000 61.00000 35382.84251
24.00000 62.00000 35379.82890
24.00000 63.00000 35377.88921
24.00000 64.00000 35371.68631
24.00000 65.00000 35358.68904
24.00000 66.00000 35345.62435
24.00000 67.00000 35336.65425
24.00000 68.00000 35327.52444
24.00000 69.00000 35329.34303
24.00000 70.00000 35337.43421
25.00000 25.00000 35393.44152
25.00000 26.00000 35409.91378
25.00000 27.00000 35415.89404
25.00000 28.00000 35440.62849
25.00000 29.00000 35456.61070
25.00000 30.00000 35460.90267
25.00000 31.00000 35454.82321
25.00000 32.00000 35448.08277
25.00000 33.00000 35436.50261
25.00000 34.00000 35419.05987
25.00000 35.00000 35410.37687
25.00000 36.00000 35424.98049
25.00000 37.00000 35433.03733
25.00000 38.00000 35435.63400
25.00000 39.00000 35437.13470
25.00000 40.00000 35429.84953
25.00000 41.00000 35426.53666
25.00000 42.00000 35421.63452
25.00000 43.00000 35411.28501
25.00000 44.00000 35398.68357
25.00000 45.00000 35374.70878
25.00000 46.00000 35352.43741
25.00000 47.00000 35350.32688
25.00000 48.00000 35360.39034
25.00000 49.00000 35381.78775
25.00000 50.00000 35389.36301
25.00000 51.00000 35399.35551
25.00000 52.00000 35409.98678
25.00000 53.00000 35409.35900
25.00000 54.00000 35399.50688
25.00000 55.00000 35386.48714
25.00000 56.00000 35378.10733
25.00000 57.00000 35374.73721
25.00000 58.00000 35364.22917
25.00000 59.00000 35375.59389
25.00000 60.00000 35390.13150
25.00000 61.00000 35398.30238
25.00000 62.00000 35394.84307
25.00000 63.00000 35395.26250
25.00000 64.00000 35388.47877
25.00000 65.00000 35371.46979
25.00000 66.00000 35354.48965
25.00000 67.00000 35349.05719
25.00000 68.00000 35344.76829
25.00000 69.00000 35350.66870
25.00000 70.00000 35360.19786
26.00000 25.00000 35387.92902
26.00000 26.00000 35400.75234
26.00000 27.00000 35408.28675
26.00000 28.00000 35436.96261
26.00000 29.00000 35462.04916
26.00000 30.00000 35472.20026
26.00000 31.00000 35468.30214
26.00000 32.00000 35462.31978
26.00000 33.00000 35449.08310
26.00000 34.00000 35427.87069
26.00000 35.00000 35417.93571
26.00000 36.00000 35432.79024
26.00000 37.00000 35441.68695
26.00000 38.00000 35446.36543
26.00000 39.00000 35448.17212
26.00000 40.00000 35439.77822
26.00000 41.00000 35436.80642
26.00000 42.00000 35430.37563
26.00000 43.00000 35419.11892
26.00000 44.00000 35406.45031
26.00000 45.00000 35382.05732
26.00000 46.00000 35358.82248
26.00000 47.00000 35357.35912
26.00000 48.00000 35369.66941
26.00000 49.00000 35390.51511
26.00000 50.00000 35395.19851
26.00000 51.00000 35403.76823
26.00000 52.00000 35414.03599
26.00000 53.00000 35415.07985
26.00000 54.00000 35407.10394
26.00000 55.00000 35393.63724
26.00000 56.00000 35384.99416
26.00000 57.00000 35381.77437
26.00000 58.00000 35370.06534
26.00000 59.00000 35381.94043
26.00000 60.00000 35397.53738
26.00000 61.00000 35408.20070
26.00000 62.00000 35406.90658
26.00000 63.00000 35407.65908
26.00000 64.00000 35399.19172
26.00000 65.00000 35379.59646
26.00000 66.00000 35360.35805
26.00000 67.00000 35356.57585
26.00000 68.00000 35355.10469
26.00000 69.00000 35364.46053
26.00000 70.00000 35376.47555
27.00000 25.00000 35382.44878
27.00000 26.00000 35392.15572
27.00000 27.00000 35402.03076
27.00000 28.00000 35431.09839
27.00000 29.00000 35457.38143
27.00000 30.00000 35471.21434
27.00000 31.00000 35471.69734
27.00000 32.00000 35465.84218
27.00000 33.00000 35451.63258
27.00000 34.00000 35429.39405
27.00000 35.00000 35419.65842
27.00000 36.00000 35434.64086
27.00000 37.00000 35443.86108
27.00000 38.00000 35450.47633
27.00000 39.00000 35452.81074
27.00000 40.00000 35442.19622
27.00000 41.00000 35435.63742
27.00000 42.00000 35426.98274
27.00000 43.00000 35416.91565
27.00000 44.00000 35406.16384
27.00000 45.00000 35384.36031
27.00000 46.00000 35362.02844
27.00000 47.00000 35360.18009
27.00000 48.00000 35373.54431
27.00000 49.00000 35393.21421
27.00000 50.00000 35396.38721
27.00000 51.00000 35403.88150
27.00000 52.00000 35413.19397
27.00000 53.00000 35414.35285
27.00000 54.00000 35405.90564
27.00000 55.00000 35391.75965
27.00000 56.00000 35383.69113
27.00000 57.00000 35381.41708
27.00000 58.00000 35371.12266
27.00000 59.00000 35383.60530
27.00000 60.00000 35399.21501
27.00000 61.00000 35410.54668
27.00000 62.00000 35411.68269
27.00000 63.00000 35411.54270
27.00000 64.00000 35401.51842
27.00000 65.00000 35381.18297
27.00000 66.00000 35362.22590
27.00000 67.00000 35359.16930
27.00000 68.00000 35358.96105
27.00000 69.00000 35370.02048
27.00000 70.00000 35384.02365
28.00000 25.00000 35381.23181
28.00000 26.00000 35392.27958
28.00000 27.00000 35402.69964
28.00000 28.00000 35428.31577
28.00000 29.00000 35453.48950
28.00000 30.00000 35467.81850
28.00000 31.00000 35470.88593
28.00000 32.00000 35468.84024
28.00000 33.00000 35456.26827
28.00000 34.00000 35433.88370
28.00000 35.00000 35424.04976
28.00000 36.00000 35437.64606
28.00000 37.00000 35446.72026
28.00000 38.00000 35453.49653
28.00000 39.00000 35456.65008
28.00000 40.00000 35448.26848
28.00000 41.00000 35439.37748
28.00000 42.00000 35426.79303
28.00000 43.00000 35414.09070
28.00000 44.00000 35402.72941
28.00000 45.00000 35381.39382
28.00000 46.00000 35360.74102
28.00000 47.00000 35359.44994
28.00000 48.00000 35373.08259
28.00000 49.00000 35394.16859
28.00000 50.00000 35398.98839
28.00000 51.00000 35405.57286
28.00000 52.00000 35413.89558
28.00000 53.00000 35415.67438
28.00000 54.00000 35407.61462
28.00000 55.00000 35393.53576
28.00000 56.00000 35384.80927
28.00000 57.00000 35382.18007
28.00000 58.00000 35371.23847
28.00000 59.00000 35384.57575
28.00000 60.00000 35401.01085
28.00000 61.00000 35412.51321
28.00000 62.00000 35414.19596
28.00000 63.00000 35415.20095
28.00000 64.00000 35406.30131
28.00000 65.00000 35386.67938
28.00000 66.00000 35368.64289
28.00000 67.00000 35364.66688
28.00000 68.00000 35363.62791
28.00000 69.00000 35373.86607
28.00000 70.00000 35388.60677
29.00000 25.00000 35380.23698
29.00000 26.00000 35396.15417
29.00000 27.00000 35409.83634
29.00000 28.00000 35432.97027
29.00000 29.00000 35452.94351
29.00000 30.00000 35463.24157
29.00000 31.00000 35468.73423
29.00000 32.00000 35469.51480
29.00000 33.00000 35462.78025
29.00000 34.00000 35443.20576
29.00000 35.00000 35433.45747
29.00000 36.00000 35442.56839
29.00000 37.00000 35448.49363
29.00000 38.00000 35452.87219
29.00000 39.00000 35455.57715
29.00000 40.00000 35449.41632
29.00000 41.00000 35440.23245
29.00000 42.00000 35426.55565
29.00000 43.00000 35412.48991
29.00000 44.00000 35400.54307
29.00000 45.00000 35381.02297
29.00000 46.00000 35362.70758
29.00000 47.00000 35363.05089
29.00000 48.00000 35375.96132
29.00000 49.00000 35397.87409
29.00000 50.00000 35405.42208
29.00000 51.00000 35411.47722
29.00000 52.00000 35416.73227
29.00000 53.00000 35415.98814
29.00000 54.00000 35405.55874
29.00000 55.00000 35391.71450
29.00000 56.00000 35384.09523
29.00000 57.00000 35383.16967
29.00000 58.00000 35374.43339
29.00000 59.00000 35387.69809
29.00000 60.00000 35403.34346
29.00000 61.00000 35413.98085
29.00000 62.00000 35414.98815
29.00000 63.00000 35416.47934
29.00000 64.00000 35410.49126
29.00000 65.00000 35394.61377
29.00000 66.00000 35379.30195
29.00000 67.00000 35374.40942
29.00000 68.00000 35371.16247
29.00000 69.00000 35379.34247
29.00000 70.00000 35393.17153
30.00000 25.00000 35379.68788
30.00000 26.00000 35398.05552
30.00000 27.00000 35415.62764
30.00000 28.00000 35435.64831
30.00000 29.00000 35446.88535
30.00000 30.00000 35456.32187
30.00000 31.00000 35465.54900
30.00000 32.00000 35466.58283
30.00000 33.00000 35464.63557
30.00000 34.00000 35451.26221
30.00000 35.00000 35443.30663
30.00000 36.00000 35445.79250
30.00000 37.00000 35445.52185
30.00000 38.00000 35445.76892
30.00000 39.00000 35447.36860
30.00000 40.00000 35442.33836
30.00000 41.00000 35434.34777
30.00000 42.00000 35422.84623
30.00000 43.00000 35409.34261
30.00000 44.00000 35397.77821
30.00000 45.00000 35381.89480
30.00000 46.00000 35368.37502
30.00000 47.00000 35370.22005
30.00000 48.00000 35381.51054
30.00000 49.00000 35402.30506
30.00000 50.00000 35410.97577
30.00000 51.00000 35416.14159
30.00000 52.00000 35417.97486
30.00000 53.00000 35413.34677
30.00000 54.00000 35399.27947
30.00000 55.00000 35385.88994
30.00000 56.00000 35380.66143
30.00000 57.00000 35382.51964
30.00000 58.00000 35377.98915
30.00000 59.00000 35390.39651
30.00000 60.00000 35404.03173
30.00000 61.00000 35412.60570
30.00000 62.00000 35411.77197
30.00000 63.00000 35412.30068
30.00000 64.00000 35409.37535
30.00000 65.00000 35399.48921
30.00000 66.00000 35389.46532
30.00000 67.00000 35383.19302
30.00000 68.00000 35376.95658
30.00000 69.00000 35382.39883
30.00000 70.00000 35393.83627
31.00000 25.00000 35390.77933
31.00000 26.00000 35411.71205
31.00000 27.00000 35432.69837
31.00000 28.00000 35454.30994
31.00000 29.00000 35466.02933
31.00000 30.00000 35472.61599
31.00000 31.00000 35477.15671
31.00000 32.00000 35475.39367
31.00000 33.00000 35473.61226
31.00000 34.00000 35464.65427
31.00000 35.00000 35460.38511
31.00000 36.00000 35458.24132
31.00000 37.00000 35451.58414
31.00000 38.00000 35446.52998
31.00000 39.00000 35445.99040
31.00000 40.00000 35441.39711
31.00000 41.00000 35435.55100
31.00000 42.00000 35428.07358
31.00000 43.00000 35417.47384
31.00000 44.00000 35409.12182
31.00000 45.00000 35397.34169
31.00000 46.00000 35388.46963
31.00000 47.00000 35390.55429
31.00000 48.00000 35400.13041
31.00000 49.00000 35418.94004
31.00000 50.00000 35426.12609
31.00000 51.00000 35430.19747
31.00000 52.00000 35429.00556
31.00000 53.00000 35420.04985
31.00000 54.00000 35401.86124
31.00000 55.00000 35388.81688
31.00000 56.00000 35386.32052
31.00000 57.00000 35391.01884
31.00000 58.00000 35390.92629
31.00000 59.00000 35402.93613
31.00000 60.00000 35414.56840
31.00000 61.00000 35420.99410
31.00000 62.00000 35417.79178
31.00000 63.00000 35417.48882
31.00000 64.00000 35416.59472
31.00000 65.00000 35411.27813
31.00000 66.00000 35406.27054
31.00000 67.00000 35397.91481
31.00000 68.00000 35388.45427
31.00000 69.00000 35391.25737
31.00000 70.00000 35400.59558
32.00000 25.00000 35414.38871
32.00000 26.00000 35436.88310
32.00000 27.00000 35457.88043
32.00000 28.00000 35484.68211
32.00000 29.00000 35501.13301
32.00000 30.00000 35508.04544
32.00000 31.00000 35509.65396
32.00000 32.00000 35504.03762
32.00000 33.00000 35495.94187
32.00000 34.00000 35481.12268
32.00000 35.00000 35474.93026
32.00000 36.00000 35479.14159
32.00000 37.00000 35474.24092
32.00000 38.00000 35469.47677
32.00000 39.00000 35468.87528
32.00000 40.00000 35463.97469
32.00000 41.00000 35458.50111
32.00000 42.00000 35452.10276
32.00000 43.00000 35442.52861
32.00000 44.00000 35433.91550
32.00000 45.00000 35419.84176
32.00000 46.00000 35409.50720
32.00000 47.00000 35412.65277
32.00000 48.00000 35424.28503
32.00000 49.00000 35444.81887
32.00000 50.00000 35450.88004
32.00000 51.00000 35453.81293
32.00000 52.00000 35453.28206
32.00000 53.00000 35444.58426
32.00000 54.00000 35426.01111
32.00000 55.00000 35411.30287
32.00000 56.00000 35406.26494
32.00000 57.00000 35408.12179
32.00000 58.00000 35406.44596
32.00000 59.00000 35419.59690
32.00000 60.00000 35433.66931
32.00000 61.00000 35443.09591
32.00000 62.00000 35441.76023
32.00000 63.00000 35442.22882
32.00000 64.00000 35440.36314
32.00000 65.00000 35432.72827
32.00000 66.00000 35425.96880
32.00000 67.00000 35416.90695
32.00000 68.00000 35407.73770
32.00000 69.00000 35409.92890
32.00000 70.00000 35418.13001
33.00000 25.00000 35430.02833
33.00000 26.00000 35453.09152
33.00000 27.00000 35473.08767
33.00000 28.00000 35501.47223
33.00000 29.00000 35522.07300
33.00000 30.00000 35530.56211
33.00000 31.00000 35528.79979
33.00000 32.00000 35521.63746
33.00000 33.00000 35511.81139
33.00000 34.00000 35487.43659
33.00000 35.00000 35477.77898
33.00000 36.00000 35487.67189
33.00000 37.00000 35489.64742
33.00000 38.00000 35486.87254
33.00000 39.00000 35486.76653
33.00000 40.00000 35481.95126
33.00000 41.00000 35476.52135
33.00000 42.00000 35470.32580
33.00000 43.00000 35461.42061
33.00000 44.00000 35452.51098
33.00000 45.00000 35436.64920
33.00000 46.00000 35422.41925
33.00000 47.00000 35424.24267
33.00000 48.00000 35437.04310
33.00000 49.00000 35460.21123
33.00000 50.00000 35466.88759
33.00000 51.00000 35469.61717
33.00000 52.00000 35469.84757
33.00000 53.00000 35462.43059
33.00000 54.00000 35444.99232
33.00000 55.00000 35429.28085
33.00000 56.00000 35421.35737
33.00000 57.00000 35419.63049
33.00000 58.00000 35414.68116
33.00000 59.00000 35428.87629
33.00000 60.00000 35445.00531
33.00000 61.00000 35457.96894
33.00000 62.00000 35459.92095
33.00000 63.00000 35462.83297
33.00000 64.00000 35461.21152
33.00000 65.00000 35451.45747
33.00000 66.00000 35440.57388
33.00000 67.00000 35428.88637
33.00000 68.00000 35418.28398
33.00000 69.00000 35419.49825
33.00000 70.00000 35427.00196
34.00000 25.00000 35426.66776
34.00000 26.00000 35447.64890
34.00000 27.00000 35466.59755
34.00000 28.00000 35494.45252
34.00000 29.00000 35515.31229
34.00000 30.00000 35524.81178
34.00000 31.00000 35522.71411
34.00000 32.00000 35510.78905
34.00000 33.00000 35496.01135
34.00000 34.00000 35478.02424
34.00000 35.00000 35462.39716
34.00000 36.00000 35475.44648
34.00000 37.00000 35486.04845
34.00000 38.00000 35487.84698
34.00000 39.00000 35488.62072
34.00000 40.00000 35482.51186
34.00000 41.00000 35475.39188
34.00000 42.00000 35468.57426
34.00000 43.00000 35459.92337
34.00000 44.00000 35450.59705
34.00000 45.00000 35434.65617
34.00000 46.00000 35418.59034
34.00000 47.00000 35417.98844
34.00000 48.00000 35429.09167
34.00000 49.00000 35452.42691
34.00000 50.00000 35461.20667
34.00000 51.00000 35464.57292
34.00000 52.00000 35465.41620
34.00000 53.00000 35460.17459
34.00000 54.00000 35445.79107
34.00000 55.00000 35428.77243
34.00000 56.00000 35417.65536
34.00000 57.00000 35412.86317
34.00000 58.00000 35405.76631
34.00000 59.00000 35420.50542
34.00000 60.00000 35437.84009
34.00000 61.00000 35453.26629
34.00000 62.00000 35459.17180
34.00000 63.00000 35463.08038
34.00000 64.00000 35462.23245
34.00000 65.00000 35452.77631
34.00000 66.00000 35440.36799
34.00000 67.00000 35425.33993
34.00000 68.00000 35411.76986
34.00000 69.00000 35411.11323
34.00000 70.00000 35417.78287
35.00000 25.00000 35421.41154
35.00000 26.00000 35439.22640
35.00000 27.00000 35456.85909
35.00000 28.00000 35483.65966
35.00000 29.00000 35503.90859
35.00000 30.00000 35514.92489
35.00000 31.00000 35515.95949
35.00000 32.00000 35500.93846
35.00000 33.00000 35483.24039
35.00000 34.00000 35459.34139
35.00000 35.00000 35453.64270
35.00000 36.00000 35465.35692
35.00000 37.00000 35478.97153
35.00000 38.00000 35484.08297
35.00000 39.00000 35486.37176
35.00000 40.00000 35478.68944
35.00000 41.00000 35470.26091
35.00000 42.00000 35463.51125
35.00000 43.00000 35455.36192
35.00000 44.00000 35445.86753
35.00000 45.00000 35429.64380
35.00000 46.00000 35412.93590
35.00000 47.00000 35410.13863
35.00000 48.00000 35418.80757
35.00000 49.00000 35441.01420
35.00000 50.00000 35451.88331
35.00000 51.00000 35456.27462
35.00000 52.00000 35457.16623
35.00000 53.00000 35452.52842
35.00000 54.00000 35440.15246
35.00000 55.00000 35422.32356
35.00000 56.00000 35409.50277
35.00000 57.00000 35403.18567
35.00000 58.00000 35395.29771
35.00000 59.00000 35410.70446
35.00000 60.00000 35429.30998
35.00000 61.00000 35446.19043
35.00000 62.00000 35455.10877
35.00000 63.00000 35458.45011
35.00000 64.00000 35457.08578
35.00000 65.00000 35447.43736
35.00000 66.00000 35434.81981
35.00000 67.00000 35417.66476
35.00000 68.00000 35401.74908
35.00000 69.00000 35399.58836
35.00000 70.00000 35405.92821
36.00000 25.00000 35424.59145
36.00000 26.00000 35441.61164
36.00000 27.00000 35458.19717
36.00000 28.00000 35484.33843
36.00000 29.00000 35504.08067
36.00000 30.00000 35515.04723
36.00000 31.00000 35517.24674
36.00000 32.00000 35502.15807
36.00000 33.00000 35479.04300
36.00000 34.00000 35451.56501
36.00000 35.00000 35443.30986
36.00000 36.00000 35462.92349
36.00000 37.00000 35477.76472
36.00000 38.00000 35482.96797
36.00000 39.00000 35487.69666
36.00000 40.00000 35482.95599
36.00000 41.00000 35475.46308
36.00000 42.00000 35468.16452
36.00000 43.00000 35459.32628
36.00000 44.00000 35448.66018
36.00000 45.00000 35430.82203
36.00000 46.00000 35413.97626
36.00000 47.00000 35411.14217
36.00000 48.00000 35418.12425
36.00000 49.00000 35439.40079
36.00000 50.00000 35452.30217
36.00000 51.00000 35458.92180
36.00000 52.00000 35460.91002
36.00000 53.00000 35455.90446
36.00000 54.00000 35444.11846
36.00000 55.00000 35427.64817
36.00000 56.00000 35414.45710
36.00000 57.00000 35406.20681
36.00000 58.00000 35395.03336
36.00000 59.00000 35412.71053
36.00000 60.00000 35434.34698
36.00000 61.00000 35451.80895
36.00000 62.00000 35460.52258
36.00000 63.00000 35461.67736
36.00000 64.00000 35456.91586
36.00000 65.00000 35444.56675
36.00000 66.00000 35431.29318
36.00000 67.00000 35417.30019
36.00000 68.00000 35402.78770
36.00000 69.00000 35400.24363
36.00000 70.00000 35406.46387
37.00000 25.00000 35423.48891
37.00000 26.00000 35442.77033
37.00000 27.00000 35460.05069
37.00000 28.00000 35485.64951
37.00000 29.00000 35504.01635
37.00000 30.00000 35512.59010
37.00000 31.00000 35512.65933
37.00000 32.00000 35499.69785
37.00000 33.00000 35482.00070
37.00000 34.00000 35458.18392
37.00000 35.00000 35449.32238
37.00000 36.00000 35462.81662
37.00000 37.00000 35473.85196
37.00000 38.00000 35472.34017
37.00000 39.00000 35476.82555
37.00000 40.00000 35476.13751
37.00000 41.00000 35476.53935
37.00000 42.00000 35472.50685
37.00000 43.00000 35464.16390
37.00000 44.00000 35452.30669
37.00000 45.00000 35432.48311
37.00000 46.00000 35415.12635
37.00000 47.00000 35412.22190
37.00000 48.00000 35418.20511
37.00000 49.00000 35437.97500
37.00000 50.00000 35449.67431
37.00000 51.00000 35456.32253
37.00000 52.00000 35458.56550
37.00000 53.00000 35452.37679
37.00000 54.00000 35440.22339
37.00000 55.00000 35424.65115
37.00000 56.00000 35413.77455
37.00000 57.00000 35407.55245
37.00000 58.00000 35396.10652
37.00000 59.00000 35414.56511
37.00000 60.00000 35437.42830
37.00000 61.00000 35455.31725
37.00000 62.00000 35463.44323
37.00000 63.00000 35462.00909
37.00000 64.00000 35454.33722
37.00000 65.00000 35440.26523
37.00000 66.00000 35425.82759
37.00000 67.00000 35413.49882
37.00000 68.00000 35401.11128
37.00000 69.00000 35400.43163
37.00000 70.00000 35406.48164
38.00000 25.00000 35416.52698
38.00000 26.00000 35437.01959
38.00000 27.00000 35454.74164
38.00000 28.00000 35479.72282
38.00000 29.00000 35497.56134
38.00000 30.00000 35504.80048
38.00000 31.00000 35503.32894
38.00000 32.00000 35491.25762
38.00000 33.00000 35478.69420
38.00000 34.00000 35461.99387
38.00000 35.00000 35455.65194
38.00000 36.00000 35463.92606
38.00000 37.00000 35462.30239
38.00000 38.00000 35457.21492
38.00000 39.00000 35459.47322
38.00000 40.00000 35456.09263
38.00000 41.00000 35463.58715
38.00000 42.00000 35467.78132
38.00000 43.00000 35462.29330
38.00000 44.00000 35450.32174
38.00000 45.00000 35430.37322
38.00000 46.00000 35414.47588
38.00000 47.00000 35411.61196
38.00000 48.00000 35416.67660
38.00000 49.00000 35435.67797
38.00000 50.00000 35444.37561
38.00000 51.00000 35449.41127
38.00000 52.00000 35450.97701
38.00000 53.00000 35442.52249
38.00000 54.00000 35426.09740
38.00000 55.00000 35408.19347
38.00000 56.00000 35400.96277
38.00000 57.00000 35401.23906
38.00000 58.00000 35394.86996
38.00000 59.00000 35413.18462
38.00000 60.00000 35436.05824
38.00000 61.00000 35454.19986
38.00000 62.00000 35461.71064
38.00000 63.00000 35456.77860
38.00000 64.00000 35446.34644
38.00000 65.00000 35431.62534
38.00000 66.00000 35416.38384
38.00000 67.00000 35404.69530
38.00000 68.00000 35393.94271
38.00000 69.00000 35395.91040
38.00000 70.00000 35402.27264
39.00000 25.00000 35417.57425
39.00000 26.00000 35437.52979
39.00000 27.00000 35454.52290
39.00000 28.00000 35479.15072
39.00000 29.00000 35497.51025
39.00000 30.00000 35505.22317
39.00000 31.00000 35504.01374
39.00000 32.00000 35492.40593
39.00000 33.00000 35481.29813
39.00000 34.00000 35466.41915
39.00000 35.00000 35461.10492
39.00000 36.00000 35467.74812
39.00000 37.00000 35463.29112
39.00000 38.00000 35457.73176
39.00000 39.00000 35460.25548
39.00000 40.00000 35454.74702
39.00000 41.00000 35462.51437
39.00000 42.00000 35470.26648
39.00000 43.00000 35466.38025
39.00000 44.00000 35453.96466
39.00000 45.00000 35434.33861
39.00000 46.00000 35420.45624
39.00000 47.00000 35418.06907
39.00000 48.00000 35423.24372
39.00000 49.00000 35442.24780
39.00000 50.00000 35448.76310
39.00000 51.00000 35452.58450
39.00000 52.00000 35453.98500
39.00000 53.00000 35444.73077
39.00000 54.00000 35424.51275
39.00000 55.00000 35403.89709
39.00000 56.00000 35398.58291
39.00000 57.00000 35403.98324
39.00000 58.00000 35402.80832
39.00000 59.00000 35420.72922
39.00000 60.00000 35443.29650
39.00000 61.00000 35461.41445
39.00000 62.00000 35467.75324
39.00000 63.00000 35461.54118
39.00000 64.00000 35449.98254
39.00000 65.00000 35434.62375
39.00000 66.00000 35418.75548
39.00000 67.00000 35407.84469
39.00000 68.00000 35398.33890
39.00000 69.00000 35401.98196
39.00000 70.00000 35409.20313
40.00000 25.00000 35430.34889
40.00000 26.00000 35450.41560
40.00000 27.00000 35466.33742
40.00000 28.00000 35492.44055
40.00000 29.00000 35513.22565
40.00000 30.00000 35522.57335
40.00000 31.00000 35522.17434
40.00000 32.00000 35510.95911
40.00000 33.00000 35497.37689
40.00000 34.00000 35478.92446
40.00000 35.00000 35471.02992
40.00000 36.00000 35484.11089
40.00000 37.00000 35483.59595
40.00000 38.00000 35478.68069
40.00000 39.00000 35482.89051
40.00000 40.00000 35482.43468
40.00000 41.00000 35494.51270
40.00000 42.00000 35500.29819
40.00000 43.00000 35491.80084
40.00000 44.00000 35473.74801
40.00000 45.00000 35450.39708
40.00000 46.00000 35437.06786
40.00000 47.00000 35437.08357
40.00000 48.00000 35445.97414
40.00000 49.00000 35464.70638
40.00000 50.00000 35467.96387
40.00000 51.00000 35470.24271
40.00000 52.00000 35471.89144
40.00000 53.00000 35464.05159
40.00000 54.00000 35444.96131
40.00000 55.00000 35423.22021
40.00000 56.00000 35414.75294
40.00000 57.00000 35420.43246
40.00000 58.00000 35420.35853
40.00000 59.00000 35440.30563
40.00000 60.00000 35464.86993
40.00000 61.00000 35483.12514
40.00000 62.00000 35486.53103
40.00000 63.00000 35484.42938
40.00000 64.00000 35475.45508
40.00000 65.00000 35458.48515
40.00000 66.00000 35440.97546
40.00000 67.00000 35430.97083
40.00000 68.00000 35421.24880
40.00000 69.00000 35424.65212
40.00000 70.00000 35432.41846
41.00000 25.00000 35437.54532
41.00000 26.00000 35458.87191
41.00000 27.00000 35474.67420
41.00000 28.00000 35499.97843
41.00000 29.00000 35521.08005
41.00000 30.00000 35531.42720
41.00000 31.00000 35532.27822
41.00000 32.00000 35522.31205
41.00000 33.00000 35507.67126
41.00000 34.00000 35486.80262
41.00000 35.00000 35477.87319
41.00000 36.00000 35494.58328
41.00000 37.00000 35503.59886
41.00000 38.00000 35504.01547
41.00000 39.00000 35510.41876
41.00000 40.00000 35519.62659
41.00000 41.00000 35530.71945
41.00000 42.00000 35524.20970
41.00000 43.00000 35511.29623
41.00000 44.00000 35495.29680
41.00000 45.00000 35468.39514
41.00000 46.00000 35451.88957
41.00000 47.00000 35452.18950
41.00000 48.00000 35462.68236
41.00000 49.00000 35479.36809
41.00000 50.00000 35479.75060
41.00000 51.00000 35481.40677
41.00000 52.00000 35483.73243
41.00000 53.00000 35477.77437
41.00000 54.00000 35461.60870
41.00000 55.00000 35441.54431
41.00000 56.00000 35430.66783
41.00000 57.00000 35435.43266
41.00000 58.00000 35435.54832
41.00000 59.00000 35456.28593
41.00000 60.00000 35480.83792
41.00000 61.00000 35498.04445
41.00000 62.00000 35498.48315
41.00000 63.00000 35499.10838
41.00000 64.00000 35493.01820
41.00000 65.00000 35476.39866
41.00000 66.00000 35458.10003
41.00000 67.00000 35449.08759
41.00000 68.00000 35439.09741
41.00000 69.00000 35442.70825
41.00000 70.00000 35450.91328
42.00000 25.00000 35438.38476
42.00000 26.00000 35458.68045
42.00000 27.00000 35476.58617
42.00000 28.00000 35502.14963
42.00000 29.00000 35522.45859
42.00000 30.00000 35533.10676
42.00000 31.00000 35536.35674
42.00000 32.00000 35527.55911
42.00000 33.00000 35512.86542
42.00000 34.00000 35491.52760
42.00000 35.00000 35483.37051
42.00000 36.00000 35502.26507
42.00000 37.00000 35516.69291
42.00000 38.00000 35523.49410
42.00000 39.00000 35531.93365
42.00000 40.00000 35542.27585
42.00000 41.00000 35546.24509
42.00000 42.00000 35535.01361
42.00000 43.00000 35520.53065
42.00000 44.00000 35510.69145
42.00000 45.00000 35487.88550
42.00000 46.00000 35466.73126
42.00000 47.00000 35465.62515
42.00000 48.00000 35476.39135
42.00000 49.00000 35489.26933
42.00000 50.00000 35485.37216
42.00000 51.00000 35486.32307
42.00000 52.00000 35489.35706
42.00000 53.00000 35484.39644
42.00000 54.00000 35470.37060
42.00000 55.00000 35451.20474
42.00000 56.00000 35438.81273
42.00000 57.00000 35441.99880
42.00000 58.00000 35442.85898
42.00000 59.00000 35464.51001
42.00000 60.00000 35488.45566
42.00000 61.00000 35504.25310
42.00000 62.00000 35502.72693
42.00000 63.00000 35504.06227
42.00000 64.00000 35500.19400
42.00000 65.00000 35485.99520
42.00000 66.00000 35469.44327
42.00000 67.00000 35459.91434
42.00000 68.00000 35448.13504
42.00000 69.00000 35451.21788
42.00000 70.00000 35460.61286
43.00000 25.00000 35433.82950
43.00000 26.00000 35451.52744
43.00000 27.00000 35470.12074
43.00000 28.00000 35496.24696
43.00000 29.00000 35516.76781
43.00000 30.00000 35528.40575
43.00000 31.00000 35534.06248
43.00000 32.00000 35526.23221
43.00000 33.00000 35511.74968
43.00000 34.00000 35490.62712
43.00000 35.00000 35483.58424
43.00000 36.00000 35504.68420
43.00000 37.00000 35522.08220
43.00000 38.00000 35533.01679
43.00000 39.00000 35543.02018
43.00000 40.00000 35550.33247
43.00000 41.00000 35550.38748
43.00000 42.00000 35538.67588
43.00000 43.00000 35526.79284
43.00000 44.00000 35519.97550
43.00000 45.00000 35501.75614
43.00000 46.00000 35477.83817
43.00000 47.00000 35473.70451
43.00000 48.00000 35483.99640
43.00000 49.00000 35494.53833
43.00000 50.00000 35487.75384
43.00000 51.00000 35488.10113
43.00000 52.00000 35491.73087
43.00000 53.00000 35487.61702
43.00000 54.00000 35475.04913
43.00000 55.00000 35456.01027
43.00000 56.00000 35442.59798
43.00000 57.00000 35442.84213
43.00000 58.00000 35440.67605
43.00000 59.00000 35462.35507
43.00000 60.00000 35487.89210
43.00000 61.00000 35503.99154
43.00000 62.00000 35502.31956
43.00000 63.00000 35503.16171
43.00000 64.00000 35499.79020
43.00000 65.00000 35487.01705
43.00000 66.00000 35472.33501
43.00000 67.00000 35462.64175
43.00000 68.00000 35450.44031
43.00000 69.00000 35452.65770
43.00000 70.00000 35462.38212
44.00000 25.00000 35425.68276
44.00000 26.00000 35441.35254
44.00000 27.00000 35457.68883
44.00000 28.00000 35481.08250
44.00000 29.00000 35501.31768
44.00000 30.00000 35514.45789
44.00000 31.00000 35522.54577
44.00000 32.00000 35516.62193
44.00000 33.00000 35503.19406
44.00000 34.00000 35482.32646
44.00000 35.00000 35475.53598
44.00000 36.00000 35495.32964
44.00000 37.00000 35513.60708
44.00000 38.00000 35526.85365
44.00000 39.00000 35536.78880
44.00000 40.00000 35540.79395
44.00000 41.00000 35541.71326
44.00000 42.00000 35532.10609
44.00000 43.00000 35522.84601
44.00000 44.00000 35521.71811
44.00000 45.00000 35504.65513
44.00000 46.00000 35478.34851
44.00000 47.00000 35471.57318
44.00000 48.00000 35480.84809
44.00000 49.00000 35493.20779
44.00000 50.00000 35486.96577
44.00000 51.00000 35486.16069
44.00000 52.00000 35488.24299
44.00000 53.00000 35484.02770
44.00000 54.00000 35472.46799
44.00000 55.00000 35454.19101
44.00000 56.00000 35440.95383
44.00000 57.00000 35437.72299
44.00000 58.00000 35429.12255
44.00000 59.00000 35445.76705
44.00000 60.00000 35472.08678
44.00000 61.00000 35492.72696
44.00000 62.00000 35495.78376
44.00000 63.00000 35496.13104
44.00000 64.00000 35491.54337
44.00000 65.00000 35478.63836
44.00000 66.00000 35464.17490
44.00000 67.00000 35454.76139
44.00000 68.00000 35444.75262
44.00000 69.00000 35447.02475
44.00000 70.00000 35456.44014
45.00000 25.00000 35417.10080
45.00000 26.00000 35435.44359
45.00000 27.00000 35452.23061
45.00000 28.00000 35472.89113
45.00000 29.00000 35490.62395
45.00000 30.00000 35501.50542
45.00000 31.00000 35507.98056
45.00000 32.00000 35503.70589
45.00000 33.00000 35494.25537
45.00000 34.00000 35477.08128
45.00000 35.00000 35471.17044
45.00000 36.00000 35485.01982
45.00000 37.00000 35498.24978
45.00000 38.00000 35509.87698
45.00000 39.00000 35519.23918
45.00000 40.00000 35520.07479
45.00000 41.00000 35523.06475
45.00000 42.00000 35520.28519
45.00000 43.00000 35515.34365
45.00000 44.00000 35514.98891
45.00000 45.00000 35498.82299
45.00000 46.00000 35471.26255
45.00000 47.00000 35464.48177
45.00000 48.00000 35472.45220
45.00000 49.00000 35491.17388
45.00000 50.00000 35489.82891
45.00000 51.00000 35488.77638
45.00000 52.00000 35487.30689
45.00000 53.00000 35479.84082
45.00000 54.00000 35465.65008
45.00000 55.00000 35448.50300
45.00000 56.00000 35437.53267
45.00000 57.00000 35433.01603
45.00000 58.00000 35420.74340
45.00000 59.00000 35432.67905
45.00000 60.00000 35453.50066
45.00000 61.00000 35474.04697
45.00000 62.00000 35482.74816
45.00000 63.00000 35484.47165
45.00000 64.00000 35480.99332
45.00000 65.00000 35469.25268
45.00000 66.00000 35455.01430
45.00000 67.00000 35444.41067
45.00000 68.00000 35434.67275
45.00000 69.00000 35436.91828
45.00000 70.00000 35447.26837
46.00000 25.00000 35408.58608
46.00000 26.00000 35432.77518
46.00000 27.00000 35452.50405
46.00000 28.00000 35472.29015
46.00000 29.00000 35486.27160
46.00000 30.00000 35490.98915
46.00000 31.00000 35491.00806
46.00000 32.00000 35489.61708
46.00000 33.00000 35487.10136
46.00000 34.00000 35475.95201
46.00000 35.00000 35471.11881
46.00000 36.00000 35479.08825
46.00000 37.00000 35486.26833
46.00000 38.00000 35494.64020
46.00000 39.00000 35503.61533
46.00000 40.00000 35503.35462
46.00000 41.00000 35505.37584
46.00000 42.00000 35505.38822
46.00000 43.00000 35502.77179
46.00000 44.00000 35501.09895
46.00000 45.00000 35486.13742
46.00000 46.00000 35468.55537
46.00000 47.00000 35461.92055
46.00000 48.00000 35468.65979
46.00000 49.00000 35488.66727
46.00000 50.00000 35492.29647
46.00000 51.00000 35492.40251
46.00000 52.00000 35488.27451
46.00000 53.00000 35477.15766
46.00000 54.00000 35458.33409
46.00000 55.00000 35440.31677
46.00000 56.00000 35430.09609
46.00000 57.00000 35425.35089
46.00000 58.00000 35414.02082
46.00000 59.00000 35425.03885
46.00000 60.00000 35443.13298
46.00000 61.00000 35461.23721
46.00000 62.00000 35470.95829
46.00000 63.00000 35473.83811
46.00000 64.00000 35472.25629
46.00000 65.00000 35462.43877
46.00000 66.00000 35449.10398
46.00000 67.00000 35438.06979
46.00000 68.00000 35427.66550
46.00000 69.00000 35429.02206
46.00000 70.00000 35439.77906
47.00000 25.00000 35408.08833
47.00000 26.00000 35435.33263
47.00000 27.00000 35457.49660
47.00000 28.00000 35480.24253
47.00000 29.00000 35494.37161
47.00000 30.00000 35497.50601
47.00000 31.00000 35493.94900
47.00000 32.00000 35489.26729
47.00000 33.00000 35487.69672
47.00000 34.00000 35477.92638
47.00000 35.00000 35472.45079
47.00000 36.00000 35478.14410
47.00000 37.00000 35482.53812
47.00000 38.00000 35488.51887
47.00000 39.00000 35496.72618
47.00000 40.00000 35497.07007
47.00000 41.00000 35499.82483
47.00000 42.00000 35501.15763
47.00000 43.00000 35498.57117
47.00000 44.00000 35496.07359
47.00000 45.00000 35483.30230
47.00000 46.00000 35468.40446
47.00000 47.00000 35468.85267
47.00000 48.00000 35474.20249
47.00000 49.00000 35493.85717
47.00000 50.00000 35497.77029
47.00000 51.00000 35498.31156
47.00000 52.00000 35494.33764
47.00000 53.00000 35482.23467
47.00000 54.00000 35461.41563
47.00000 55.00000 35441.14884
47.00000 56.00000 35428.43689
47.00000 57.00000 35421.79033
47.00000 58.00000 35412.25553
47.00000 59.00000 35425.08963
47.00000 60.00000 35444.25774
47.00000 61.00000 35462.63916
47.00000 62.00000 35472.52930
47.00000 63.00000 35474.02912
47.00000 64.00000 35471.50256
47.00000 65.00000 35462.59097
47.00000 66.00000 35451.43078
47.00000 67.00000 35441.68899
47.00000 68.00000 35431.56888
47.00000 69.00000 35432.25665
47.00000 70.00000 35442.70052
48.00000 25.00000 35416.78437
48.00000 26.00000 35444.21760
48.00000 27.00000 35467.82014
48.00000 28.00000 35496.52538
48.00000 29.00000 35514.40645
48.00000 30.00000 35520.38552
48.00000 31.00000 35518.02744
48.00000 32.00000 35505.70047
48.00000 33.00000 35497.96010
48.00000 34.00000 35485.03227
48.00000 35.00000 35478.53104
48.00000 36.00000 35486.08705
48.00000 37.00000 35489.80125
48.00000 38.00000 35494.37581
48.00000 39.00000 35502.76974
48.00000 40.00000 35504.80076
48.00000 41.00000 35508.50707
48.00000 42.00000 35510.87897
48.00000 43.00000 35508.21793
48.00000 44.00000 35503.62194
48.00000 45.00000 35489.16736
48.00000 46.00000 35474.68599
48.00000 47.00000 35476.82360
48.00000 48.00000 35490.31972
48.00000 49.00000 35512.02155
48.00000 50.00000 35514.79871
48.00000 51.00000 35514.14236
48.00000 52.00000 35509.22677
48.00000 53.00000 35495.83508
48.00000 54.00000 35474.39333
48.00000 55.00000 35453.41958
48.00000 56.00000 35437.96576
48.00000 57.00000 35428.32614
48.00000 58.00000 35419.84751
48.00000 59.00000 35434.24943
48.00000 60.00000 35453.11275
48.00000 61.00000 35470.79613
48.00000 62.00000 35481.07806
48.00000 63.00000 35483.93792
48.00000 64.00000 35480.96201
48.00000 65.00000 35472.05737
48.00000 66.00000 35462.74933
48.00000 67.00000 35453.58824
48.00000 68.00000 35443.97090
48.00000 69.00000 35444.62365
48.00000 70.00000 35455.68794
49.00000 25.00000 35430.10554
49.00000 26.00000 35453.94695
49.00000 27.00000 35476.34020
49.00000 28.00000 35507.55220
49.00000 29.00000 35528.05709
49.00000 30.00000 35536.70467
49.00000 31.00000 35536.12155
49.00000 32.00000 35522.32091
49.00000 33.00000 35509.27416
49.00000 34.00000 35493.07116
49.00000 35.00000 35485.98358
49.00000 36.00000 35496.44076
49.00000 37.00000 35501.35560
49.00000 38.00000 35505.58601
49.00000 39.00000 35514.00417
49.00000 40.00000 35516.70501
49.00000 41.00000 35519.28324
49.00000 42.00000 35520.25990
49.00000 43.00000 35517.00126
49.00000 44.00000 35512.67803
49.00000 45.00000 35499.51111
49.00000 46.00000 35483.71074
49.00000 47.00000 35485.71053
49.00000 48.00000 35500.77122
49.00000 49.00000 35524.23974
49.00000 50.00000 35525.55687
49.00000 51.00000 35525.21615
49.00000 52.00000 35519.55532
49.00000 53.00000 35504.64819
49.00000 54.00000 35483.19246
49.00000 55.00000 35464.61926
49.00000 56.00000 35451.01443
49.00000 57.00000 35441.57302
49.00000 58.00000 35433.59486
49.00000 59.00000 35448.75892
49.00000 60.00000 35465.11648
49.00000 61.00000 35479.54150
49.00000 62.00000 35488.39336
49.00000 63.00000 35494.42729
49.00000 64.00000 35492.61118
49.00000 65.00000 35482.38231
49.00000 66.00000 35473.23276
49.00000 67.00000 35463.34434
49.00000 68.00000 35453.23241
49.00000 69.00000 35454.96234
49.00000 70.00000 35467.05908
50.00000 25.00000 35436.41779
50.00000 26.00000 35453.08547
50.00000 27.00000 35471.38331
50.00000 28.00000 35502.60434
50.00000 29.00000 35524.80893
50.00000 30.00000 35536.43676
50.00000 31.00000 35538.78722
50.00000 32.00000 35526.33303
50.00000 33.00000 35510.84007
50.00000 34.00000 35491.22393
50.00000 35.00000 35482.79314
50.00000 36.00000 35496.04726
50.00000 37.00000 35502.89657
50.00000 38.00000 35507.68755
50.00000 39.00000 35515.53917
50.00000 40.00000 35517.84337
50.00000 41.00000 35518.52118
50.00000 42.00000 35517.41010
50.00000 43.00000 35513.74750
50.00000 44.00000 35510.81751
50.00000 45.00000 35500.64615
50.00000 46.00000 35485.90469
50.00000 47.00000 35484.91772
50.00000 48.00000 35498.85628
50.00000 49.00000 35519.40410
50.00000 50.00000 35521.28151
50.00000 51.00000 35520.94450
50.00000 52.00000 35515.47017
50.00000 53.00000 35501.39468
50.00000 54.00000 35479.36296
50.00000 55.00000 35462.73043
50.00000 56.00000 35452.72331
50.00000 57.00000 35446.99971
50.00000 58.00000 35440.80670
50.00000 59.00000 35455.97069
50.00000 60.00000 35470.02135
50.00000 61.00000 35481.28086
50.00000 62.00000 35486.03584
50.00000 63.00000 35493.29445
50.00000 64.00000 35493.99962
50.00000 65.00000 35485.09856
50.00000 66.00000 35474.57952
50.00000 67.00000 35463.33764
50.00000 68.00000 35451.61180
50.00000 69.00000 35453.61371
50.00000 70.00000 35466.11906
51.00000 25.00000 35443.86628
51.00000 26.00000 35458.73833
51.00000 27.00000 35475.27646
51.00000 28.00000 35504.18239
51.00000 29.00000 35526.73773
51.00000 30.00000 35539.39557
51.00000 31.00000 35542.30839
51.00000 32.00000 35530.58233
51.00000 33.00000 35515.21965
51.00000 34.00000 35495.17856
51.00000 35.00000 35486.15222
51.00000 36.00000 35498.67045
51.00000 37.00000 35505.58041
51.00000 38.00000 35511.51975
51.00000 39.00000 35519.97680
51.00000 40.00000 35521.42493
51.00000 41.00000 35521.10013
51.00000 42.00000 35518.25277
51.00000 43.00000 35513.90945
51.00000 44.00000 35511.89518
51.00000 45.00000 35503.69940
51.00000 46.00000 35491.91073
51.00000 47.00000 35490.84756
51.00000 48.00000 35503.54044
51.00000 49.00000 35524.27560
51.00000 50.00000 35525.39444
51.00000 51.00000 35525.03585
51.00000 52.00000 35520.20533
51.00000 53.00000 35508.21812
51.00000 54.00000 35486.13453
51.00000 55.00000 35469.34623
51.00000 56.00000 35460.65707
51.00000 57.00000 35455.90256
51.00000 58.00000 35449.92436
51.00000 59.00000 35465.50735
51.00000 60.00000 35480.71789
51.00000 61.00000 35493.18527
51.00000 62.00000 35496.95754
51.00000 63.00000 35501.29610
51.00000 64.00000 35500.65186
51.00000 65.00000 35492.36005
51.00000 66.00000 35482.10028
51.00000 67.00000 35469.00022
51.00000 68.00000 35456.47141
51.00000 69.00000 35458.40847
51.00000 70.00000 35468.51354
52.00000 25.00000 35454.96741
52.00000 26.00000 35472.17529
52.00000 27.00000 35489.01346
52.00000 28.00000 35514.79545
52.00000 29.00000 35535.79112
52.00000 30.00000 35547.24411
52.00000 31.00000 35548.54649
52.00000 32.00000 35537.61138
52.00000 33.00000 35523.38935
52.00000 34.00000 35503.89134
52.00000 35.00000 35494.94254
52.00000 36.00000 35504.44405
52.00000 37.00000 35507.85839
52.00000 38.00000 35513.45117
52.00000 39.00000 35523.27229
52.00000 40.00000 35525.85020
52.00000 41.00000 35528.49566
52.00000 42.00000 35526.04997
52.00000 43.00000 35520.74367
52.00000 44.00000 35515.89920
52.00000 45.00000 35505.96854
52.00000 46.00000 35495.13904
52.00000 47.00000 35496.10266
52.00000 48.00000 35509.65914
52.00000 49.00000 35532.86831
52.00000 50.00000 35535.36226
52.00000 51.00000 35535.26559
52.00000 52.00000 35534.83261
52.00000 53.00000 35525.43037
52.00000 54.00000 35502.46876
52.00000 55.00000 35486.46577
52.00000 56.00000 35476.15169
52.00000 57.00000 35467.72180
52.00000 58.00000 35459.84439
52.00000 59.00000 35476.82659
52.00000 60.00000 35495.56026
52.00000 61.00000 35510.80140
52.00000 62.00000 35514.54609
52.00000 63.00000 35516.10561
52.00000 64.00000 35512.39656
52.00000 65.00000 35501.98925
52.00000 66.00000 35491.69080
52.00000 67.00000 35480.05948
52.00000 68.00000 35466.99505
52.00000 69.00000 35465.72209
52.00000 70.00000 35471.92291
53.00000 25.00000 35465.13969
53.00000 26.00000 35487.80819
53.00000 27.00000 35506.87702
53.00000 28.00000 35530.29131
53.00000 29.00000 35547.51935
53.00000 30.00000 35555.40400
53.00000 31.00000 35553.95948
53.00000 32.00000 35543.25697
53.00000 33.00000 35530.03974
53.00000 34.00000 35510.26521
53.00000 35.00000 35500.24793
53.00000 36.00000 35507.26077
53.00000 37.00000 35508.05712
53.00000 38.00000 35511.69568
53.00000 39.00000 35522.72102
53.00000 40.00000 35526.83980
53.00000 41.00000 35533.69168
53.00000 42.00000 35533.81884
53.00000 43.00000 35528.94619
53.00000 44.00000 35522.25778
53.00000 45.00000 35509.36629
53.00000 46.00000 35496.83461
53.00000 47.00000 35497.73681
53.00000 48.00000 35509.41839
53.00000 49.00000 35530.91025
53.00000 50.00000 35537.93003
53.00000 51.00000 35539.68374
53.00000 52.00000 35538.02360
53.00000 53.00000 35528.33846
53.00000 54.00000 35505.96963
53.00000 55.00000 35491.02425
53.00000 56.00000 35483.47856
53.00000 57.00000 35477.45568
53.00000 58.00000 35469.38765
53.00000 59.00000 35486.43671
53.00000 60.00000 35506.06653
53.00000 61.00000 35523.02902
53.00000 62.00000 35527.48990
53.00000 63.00000 35528.03282
53.00000 64.00000 35523.22661
53.00000 65.00000 35511.40349
53.00000 66.00000 35499.47023
53.00000 67.00000 35487.98310
53.00000 68.00000 35474.55758
53.00000 69.00000 35471.10566
53.00000 70.00000 35474.47871
54.00000 25.00000 35463.00644
54.00000 26.00000 35488.27452
54.00000 27.00000 35509.57031
54.00000 28.00000 35531.23807
54.00000 29.00000 35545.20499
54.00000 30.00000 35550.43614
54.00000 31.00000 35547.53428
54.00000 32.00000 35537.05635
54.00000 33.00000 35525.81462
54.00000 34.00000 35508.84845
54.00000 35.00000 35500.09321
54.00000 36.00000 35506.42735
54.00000 37.00000 35506.62662
54.00000 38.00000 35505.14008
54.00000 39.00000 35512.17397
54.00000 40.00000 35515.92592
54.00000 41.00000 35524.98537
54.00000 42.00000 35528.53790
54.00000 43.00000 35525.37911
54.00000 44.00000 35519.08977
54.00000 45.00000 35505.18922
54.00000 46.00000 35491.17584
54.00000 47.00000 35490.76506
54.00000 48.00000 35499.53066
54.00000 49.00000 35516.09753
54.00000 50.00000 35520.59550
54.00000 51.00000 35522.02583
54.00000 52.00000 35520.93983
54.00000 53.00000 35510.88399
54.00000 54.00000 35493.10105
54.00000 55.00000 35475.89792
54.00000 56.00000 35469.45196
54.00000 57.00000 35470.34925
54.00000 58.00000 35467.11520
54.00000 59.00000 35484.49610
54.00000 60.00000 35504.01974
54.00000 61.00000 35521.05571
54.00000 62.00000 35526.46459
54.00000 63.00000 35525.94360
54.00000 64.00000 35520.84131
54.00000 65.00000 35509.41284
54.00000 66.00000 35496.99978
54.00000 67.00000 35484.74237
54.00000 68.00000 35470.34086
54.00000 69.00000 35467.00281
54.00000 70.00000 35468.16650
55.00000 25.00000 35465.75552
55.00000 26.00000 35489.83615
55.00000 27.00000 35510.40663
55.00000 28.00000 35531.83884
55.00000 29.00000 35545.73057
55.00000 30.00000 35551.40396
55.00000 31.00000 35549.54761
55.00000 32.00000 35539.81214
55.00000 33.00000 35528.40695
55.00000 34.00000 35511.08317
55.00000 35.00000 35502.07033
55.00000 36.00000 35508.38932
55.00000 37.00000 35506.91027
55.00000 38.00000 35502.63302
55.00000 39.00000 35508.49452
55.00000 40.00000 35511.62222
55.00000 41.00000 35522.85015
55.00000 42.00000 35528.44004
55.00000 43.00000 35525.55571
55.00000 44.00000 35519.14646
55.00000 45.00000 35505.26364
55.00000 46.00000 35490.78418
55.00000 47.00000 35488.83557
55.00000 48.00000 35496.27634
55.00000 49.00000 35511.98033
55.00000 50.00000 35515.15856
55.00000 51.00000 35515.22277
55.00000 52.00000 35512.05069
55.00000 53.00000 35501.59016
55.00000 54.00000 35484.59195
55.00000 55.00000 35468.77483
55.00000 56.00000 35461.47945
55.00000 57.00000 35467.95399
55.00000 58.00000 35468.21384
55.00000 59.00000 35484.36912
55.00000 60.00000 35505.84582
55.00000 61.00000 35523.83290
55.00000 62.00000 35528.66964
55.00000 63.00000 35528.89144
55.00000 64.00000 35524.18651
55.00000 65.00000 35512.07301
55.00000 66.00000 35498.72834
55.00000 67.00000 35485.18033
55.00000 68.00000 35470.12757
55.00000 69.00000 35469.07323
55.00000 70.00000 35471.73655
