k1 k2 chisq 
11.00000 25.00000 36360.90331
11.00000 26.00000 36358.90137
11.00000 27.00000 36358.72026
11.00000 28.00000 36355.92116
11.00000 29.00000 36362.46769
11.00000 30.00000 36370.57475
11.00000 31.00000 36379.90602
11.00000 32.00000 36386.39152
11.00000 33.00000 36387.43726
11.00000 34.00000 36386.43299
11.00000 35.00000 36388.14378
11.00000 36.00000 36389.30142
11.00000 37.00000 36390.86168
11.00000 38.00000 36394.86263
11.00000 39.00000 36399.24835
11.00000 40.00000 36401.45069
11.00000 41.00000 36402.73189
11.00000 42.00000 36412.35386
11.00000 43.00000 36421.82889
11.00000 44.00000 36426.31748
11.00000 45.00000 36430.38127
11.00000 46.00000 36435.85608
11.00000 47.00000 36439.89506
11.00000 48.00000 36439.35242
11.00000 49.00000 36434.76985
11.00000 50.00000 36432.54811
11.00000 51.00000 36431.62046
11.00000 52.00000 36429.11673
11.00000 53.00000 36426.76558
11.00000 54.00000 36430.64824
11.00000 55.00000 36440.86715
11.00000 56.00000 36453.88851
11.00000 57.00000 36467.40818
11.00000 58.00000 36479.03246
11.00000 59.00000 36491.39486
11.00000 60.00000 36503.70299
11.00000 61.00000 36508.60084
11.00000 62.00000 36513.30065
11.00000 63.00000 36510.05168
11.00000 64.00000 36502.04624
11.00000 65.00000 36498.27601
11.00000 66.00000 36504.23308
11.00000 67.00000 36506.68693
11.00000 68.00000 36518.87418
11.00000 69.00000 36530.92623
11.00000 70.00000 36541.79775
12.00000 25.00000 36367.65542
12.00000 26.00000 36365.50727
12.00000 27.00000 36364.68297
12.00000 28.00000 36361.72290
12.00000 29.00000 36368.55956
12.00000 30.00000 36377.04372
12.00000 31.00000 36385.83818
12.00000 32.00000 36390.99413
12.00000 33.00000 36391.04846
12.00000 34.00000 36389.19315
12.00000 35.00000 36390.20252
12.00000 36.00000 36390.89947
12.00000 37.00000 36391.95631
12.00000 38.00000 36395.08339
12.00000 39.00000 36398.85602
12.00000 40.00000 36400.71087
12.00000 41.00000 36401.94954
12.00000 42.00000 36411.53452
12.00000 43.00000 36420.83370
12.00000 44.00000 36425.27692
12.00000 45.00000 36429.17598
12.00000 46.00000 36433.81446
12.00000 47.00000 36437.20302
12.00000 48.00000 36436.55655
12.00000 49.00000 36432.73551
12.00000 50.00000 36431.73349
12.00000 51.00000 36431.32537
12.00000 52.00000 36428.83898
12.00000 53.00000 36425.95082
12.00000 54.00000 36428.65441
12.00000 55.00000 36438.26114
12.00000 56.00000 36451.77103
12.00000 57.00000 36466.20343
12.00000 58.00000 36478.42050
12.00000 59.00000 36491.06886
12.00000 60.00000 36503.35011
12.00000 61.00000 36508.05695
12.00000 62.00000 36512.56836
12.00000 63.00000 36508.74212
12.00000 64.00000 36500.62255
12.00000 65.00000 36497.54260
12.00000 66.00000 36503.34641
12.00000 67.00000 36504.77055
12.00000 68.00000 36515.68063
12.00000 69.00000 36527.25680
12.00000 70.00000 36538.59283
13.00000 25.00000 36372.23376
13.00000 26.00000 36369.28692
13.00000 27.00000 36367.96617
13.00000 28.00000 36365.75810
13.00000 29.00000 36373.26396
13.00000 30.00000 36382.15343
13.00000 31.00000 36390.24850
13.00000 32.00000 36393.59690
13.00000 33.00000 36391.57353
13.00000 34.00000 36388.37339
13.00000 35.00000 36389.52578
13.00000 36.00000 36391.11383
13.00000 37.00000 36392.63816
13.00000 38.00000 36396.60962
13.00000 39.00000 36401.17881
13.00000 40.00000 36403.20925
13.00000 41.00000 36404.28550
13.00000 42.00000 36413.23849
13.00000 43.00000 36421.61669
13.00000 44.00000 36425.53710
13.00000 45.00000 36428.99068
13.00000 46.00000 36434.43578
13.00000 47.00000 36438.31393
13.00000 48.00000 36436.91284
13.00000 49.00000 36431.58093
13.00000 50.00000 36429.05239
13.00000 51.00000 36428.09229
13.00000 52.00000 36426.03299
13.00000 53.00000 36423.97425
13.00000 54.00000 36428.50205
13.00000 55.00000 36439.03392
13.00000 56.00000 36452.20692
13.00000 57.00000 36465.86885
13.00000 58.00000 36478.18474
13.00000 59.00000 36491.99357
13.00000 60.00000 36505.11050
13.00000 61.00000 36510.04595
13.00000 62.00000 36514.71143
13.00000 63.00000 36509.69780
13.00000 64.00000 36499.91343
13.00000 65.00000 36495.89166
13.00000 66.00000 36502.95333
13.00000 67.00000 36505.30884
13.00000 68.00000 36516.05318
13.00000 69.00000 36526.82149
13.00000 70.00000 36537.80766
14.00000 25.00000 36380.70856
14.00000 26.00000 36376.24212
14.00000 27.00000 36372.90638
14.00000 28.00000 36370.54452
14.00000 29.00000 36379.28997
14.00000 30.00000 36389.60679
14.00000 31.00000 36397.73191
14.00000 32.00000 36400.19561
14.00000 33.00000 36397.31633
14.00000 34.00000 36393.03005
14.00000 35.00000 36393.14017
14.00000 36.00000 36395.16977
14.00000 37.00000 36397.50034
14.00000 38.00000 36402.35497
14.00000 39.00000 36407.00775
14.00000 40.00000 36409.04433
14.00000 41.00000 36410.16040
14.00000 42.00000 36418.42644
14.00000 43.00000 36425.88774
14.00000 44.00000 36429.18616
14.00000 45.00000 36432.69157
14.00000 46.00000 36439.66631
14.00000 47.00000 36444.33239
14.00000 48.00000 36443.08952
14.00000 49.00000 36437.34172
14.00000 50.00000 36433.48996
14.00000 51.00000 36430.99662
14.00000 52.00000 36428.24141
14.00000 53.00000 36426.52688
14.00000 54.00000 36432.85542
14.00000 55.00000 36444.21496
14.00000 56.00000 36457.44509
14.00000 57.00000 36470.61856
14.00000 58.00000 36481.74764
14.00000 59.00000 36495.83198
14.00000 60.00000 36509.88670
14.00000 61.00000 36515.85016
14.00000 62.00000 36521.99372
14.00000 63.00000 36516.74225
14.00000 64.00000 36506.04869
14.00000 65.00000 36501.08955
14.00000 66.00000 36508.21871
14.00000 67.00000 36510.75741
14.00000 68.00000 36521.06292
14.00000 69.00000 36531.10787
14.00000 70.00000 36542.02504
15.00000 25.00000 36386.60893
15.00000 26.00000 36381.18010
15.00000 27.00000 36376.88075
15.00000 28.00000 36374.26681
15.00000 29.00000 36384.61706
15.00000 30.00000 36397.27770
15.00000 31.00000 36407.57710
15.00000 32.00000 36411.09085
15.00000 33.00000 36409.11853
15.00000 34.00000 36404.44866
15.00000 35.00000 36403.17135
15.00000 36.00000 36405.16194
15.00000 37.00000 36408.04367
15.00000 38.00000 36412.69443
15.00000 39.00000 36416.15002
15.00000 40.00000 36417.93063
15.00000 41.00000 36419.39134
15.00000 42.00000 36427.62576
15.00000 43.00000 36435.31407
15.00000 44.00000 36438.37496
15.00000 45.00000 36442.87201
15.00000 46.00000 36452.12495
15.00000 47.00000 36458.35211
15.00000 48.00000 36458.77818
15.00000 49.00000 36454.24719
15.00000 50.00000 36449.53968
15.00000 51.00000 36444.75635
15.00000 52.00000 36440.28324
15.00000 53.00000 36438.11570
15.00000 54.00000 36444.33467
15.00000 55.00000 36455.07249
15.00000 56.00000 36468.56528
15.00000 57.00000 36482.51439
15.00000 58.00000 36492.71092
15.00000 59.00000 36506.45457
15.00000 60.00000 36521.89013
15.00000 61.00000 36530.24132
15.00000 62.00000 36539.23902
15.00000 63.00000 36534.82464
15.00000 64.00000 36524.10317
15.00000 65.00000 36518.55628
15.00000 66.00000 36524.99764
15.00000 67.00000 36527.31815
15.00000 68.00000 36537.75864
15.00000 69.00000 36548.07542
15.00000 70.00000 36559.59449
16.00000 25.00000 36386.40780
16.00000 26.00000 36381.73730
16.00000 27.00000 36378.58400
16.00000 28.00000 36375.66551
16.00000 29.00000 36385.48445
16.00000 30.00000 36397.84557
16.00000 31.00000 36409.11826
16.00000 32.00000 36414.11052
16.00000 33.00000 36413.68527
16.00000 34.00000 36409.51165
16.00000 35.00000 36407.95834
16.00000 36.00000 36409.81034
16.00000 37.00000 36413.48581
16.00000 38.00000 36418.49780
16.00000 39.00000 36421.58034
16.00000 40.00000 36423.04896
16.00000 41.00000 36424.95817
16.00000 42.00000 36433.40774
16.00000 43.00000 36441.26045
16.00000 44.00000 36443.73170
16.00000 45.00000 36448.56435
16.00000 46.00000 36459.02792
16.00000 47.00000 36466.46671
16.00000 48.00000 36468.56924
16.00000 49.00000 36465.67551
16.00000 50.00000 36461.17037
16.00000 51.00000 36455.32586
16.00000 52.00000 36449.25183
16.00000 53.00000 36446.29857
16.00000 54.00000 36451.41438
16.00000 55.00000 36461.17829
16.00000 56.00000 36474.78053
16.00000 57.00000 36489.86465
16.00000 58.00000 36501.06738
16.00000 59.00000 36513.97912
16.00000 60.00000 36529.34371
16.00000 61.00000 36538.87396
16.00000 62.00000 36549.82187
16.00000 63.00000 36546.85370
16.00000 64.00000 36537.17273
16.00000 65.00000 36531.97091
16.00000 66.00000 36538.55246
16.00000 67.00000 36540.91986
16.00000 68.00000 36552.20090
16.00000 69.00000 36563.64523
16.00000 70.00000 36575.56762
17.00000 25.00000 36378.25107
17.00000 26.00000 36374.22748
17.00000 27.00000 36372.89789
17.00000 28.00000 36369.98353
17.00000 29.00000 36378.20956
17.00000 30.00000 36388.29990
17.00000 31.00000 36399.25658
17.00000 32.00000 36405.49880
17.00000 33.00000 36406.64495
17.00000 34.00000 36404.09913
17.00000 35.00000 36403.99947
17.00000 36.00000 36405.20595
17.00000 37.00000 36407.98760
17.00000 38.00000 36412.73767
17.00000 39.00000 36416.59025
17.00000 40.00000 36418.22447
17.00000 41.00000 36420.08668
17.00000 42.00000 36428.90531
17.00000 43.00000 36437.94096
17.00000 44.00000 36440.64650
17.00000 45.00000 36445.10347
17.00000 46.00000 36455.09724
17.00000 47.00000 36462.92266
17.00000 48.00000 36465.69711
17.00000 49.00000 36463.39305
17.00000 50.00000 36458.85776
17.00000 51.00000 36453.01797
17.00000 52.00000 36445.72320
17.00000 53.00000 36441.56502
17.00000 54.00000 36445.65336
17.00000 55.00000 36455.12261
17.00000 56.00000 36468.77097
17.00000 57.00000 36484.31996
17.00000 58.00000 36496.89577
17.00000 59.00000 36509.85081
17.00000 60.00000 36524.97634
17.00000 61.00000 36534.38154
17.00000 62.00000 36544.63492
17.00000 63.00000 36542.40631
17.00000 64.00000 36533.88024
17.00000 65.00000 36529.51971
17.00000 66.00000 36536.91972
17.00000 67.00000 36540.12511
17.00000 68.00000 36552.71460
17.00000 69.00000 36565.61466
17.00000 70.00000 36578.25109
18.00000 25.00000 36369.25438
18.00000 26.00000 36363.83957
18.00000 27.00000 36362.41530
18.00000 28.00000 36358.44901
18.00000 29.00000 36364.71820
18.00000 30.00000 36372.69053
18.00000 31.00000 36384.27452
18.00000 32.00000 36392.84968
18.00000 33.00000 36396.68761
18.00000 34.00000 36396.64453
18.00000 35.00000 36398.46410
18.00000 36.00000 36399.34949
18.00000 37.00000 36400.80781
18.00000 38.00000 36404.30377
18.00000 39.00000 36408.28403
18.00000 40.00000 36410.02247
18.00000 41.00000 36411.81089
18.00000 42.00000 36420.94254
18.00000 43.00000 36430.91587
18.00000 44.00000 36434.14698
18.00000 45.00000 36438.33400
18.00000 46.00000 36447.11902
18.00000 47.00000 36454.74621
18.00000 48.00000 36457.65071
18.00000 49.00000 36456.16407
18.00000 50.00000 36453.09092
18.00000 51.00000 36448.46190
18.00000 52.00000 36440.75440
18.00000 53.00000 36435.59972
18.00000 54.00000 36438.63850
18.00000 55.00000 36448.23431
18.00000 56.00000 36462.40001
18.00000 57.00000 36478.31273
18.00000 58.00000 36491.34908
18.00000 59.00000 36503.93212
18.00000 60.00000 36518.50109
18.00000 61.00000 36527.50975
18.00000 62.00000 36536.75435
18.00000 63.00000 36535.29630
18.00000 64.00000 36528.43518
18.00000 65.00000 36525.87386
18.00000 66.00000 36533.77871
18.00000 67.00000 36537.75306
18.00000 68.00000 36551.42717
18.00000 69.00000 36565.30433
18.00000 70.00000 36578.86456
19.00000 25.00000 36365.29187
19.00000 26.00000 36357.25843
19.00000 27.00000 36353.22423
19.00000 28.00000 36346.85771
19.00000 29.00000 36351.04990
19.00000 30.00000 36357.74049
19.00000 31.00000 36370.28343
19.00000 32.00000 36381.55886
19.00000 33.00000 36388.59465
19.00000 34.00000 36391.15977
19.00000 35.00000 36394.70248
19.00000 36.00000 36396.09681
19.00000 37.00000 36397.32611
19.00000 38.00000 36400.16554
19.00000 39.00000 36403.60095
19.00000 40.00000 36404.91236
19.00000 41.00000 36406.44060
19.00000 42.00000 36415.65387
19.00000 43.00000 36425.75544
19.00000 44.00000 36429.24970
19.00000 45.00000 36433.29506
19.00000 46.00000 36440.64532
19.00000 47.00000 36447.42265
19.00000 48.00000 36449.97918
19.00000 49.00000 36449.40598
19.00000 50.00000 36448.79366
19.00000 51.00000 36446.33426
19.00000 52.00000 36439.64013
19.00000 53.00000 36434.45080
19.00000 54.00000 36437.01921
19.00000 55.00000 36447.04757
19.00000 56.00000 36462.02405
19.00000 57.00000 36478.20552
19.00000 58.00000 36490.70291
19.00000 59.00000 36502.51563
19.00000 60.00000 36516.33471
19.00000 61.00000 36524.78682
19.00000 62.00000 36533.68848
19.00000 63.00000 36533.34114
19.00000 64.00000 36528.71422
19.00000 65.00000 36528.71152
19.00000 66.00000 36536.83433
19.00000 67.00000 36540.98391
19.00000 68.00000 36554.96299
19.00000 69.00000 36568.94827
19.00000 70.00000 36583.17769
20.00000 25.00000 36362.73224
20.00000 26.00000 36355.13477
20.00000 27.00000 36350.68505
20.00000 28.00000 36342.65654
20.00000 29.00000 36344.69972
20.00000 30.00000 36350.31027
20.00000 31.00000 36363.13093
20.00000 32.00000 36374.23265
20.00000 33.00000 36382.44678
20.00000 34.00000 36386.65867
20.00000 35.00000 36391.29562
20.00000 36.00000 36392.61241
20.00000 37.00000 36393.01483
20.00000 38.00000 36395.38745
20.00000 39.00000 36398.53347
20.00000 40.00000 36399.20023
20.00000 41.00000 36400.42091
20.00000 42.00000 36409.33097
20.00000 43.00000 36418.76718
20.00000 44.00000 36421.75325
20.00000 45.00000 36426.20155
20.00000 46.00000 36433.90304
20.00000 47.00000 36440.40928
20.00000 48.00000 36442.22299
20.00000 49.00000 36441.98660
20.00000 50.00000 36443.13314
20.00000 51.00000 36443.13656
20.00000 52.00000 36438.66471
20.00000 53.00000 36434.40409
20.00000 54.00000 36437.19668
20.00000 55.00000 36446.50880
20.00000 56.00000 36460.69730
20.00000 57.00000 36476.39501
20.00000 58.00000 36488.22619
20.00000 59.00000 36500.09642
20.00000 60.00000 36514.33484
20.00000 61.00000 36523.02553
20.00000 62.00000 36532.45650
20.00000 63.00000 36531.56246
20.00000 64.00000 36527.30040
20.00000 65.00000 36529.35778
20.00000 66.00000 36538.77737
20.00000 67.00000 36543.04158
20.00000 68.00000 36556.44941
20.00000 69.00000 36569.72987
20.00000 70.00000 36583.87660
21.00000 25.00000 36356.87705
21.00000 26.00000 36348.40798
21.00000 27.00000 36344.89115
21.00000 28.00000 36337.72522
21.00000 29.00000 36339.34415
21.00000 30.00000 36346.32612
21.00000 31.00000 36361.99005
21.00000 32.00000 36372.67891
21.00000 33.00000 36379.07130
21.00000 34.00000 36382.36440
21.00000 35.00000 36387.01000
21.00000 36.00000 36388.06112
21.00000 37.00000 36387.08617
21.00000 38.00000 36387.51213
21.00000 39.00000 36389.33404
21.00000 40.00000 36388.90419
21.00000 41.00000 36389.35049
21.00000 42.00000 36398.08810
21.00000 43.00000 36407.50958
21.00000 44.00000 36410.06978
21.00000 45.00000 36414.43646
21.00000 46.00000 36423.18725
21.00000 47.00000 36430.86964
21.00000 48.00000 36432.54208
21.00000 49.00000 36431.89031
21.00000 50.00000 36433.33101
21.00000 51.00000 36435.28387
21.00000 52.00000 36433.61526
21.00000 53.00000 36431.59901
21.00000 54.00000 36436.17940
21.00000 55.00000 36445.39176
21.00000 56.00000 36457.77600
21.00000 57.00000 36471.03179
21.00000 58.00000 36480.48712
21.00000 59.00000 36492.32234
21.00000 60.00000 36507.70037
21.00000 61.00000 36517.48313
21.00000 62.00000 36528.14715
21.00000 63.00000 36526.58336
21.00000 64.00000 36521.32324
21.00000 65.00000 36523.04282
21.00000 66.00000 36532.61437
21.00000 67.00000 36537.86782
21.00000 68.00000 36552.17358
21.00000 69.00000 36565.89791
21.00000 70.00000 36580.35170
22.00000 25.00000 36354.10378
22.00000 26.00000 36342.74918
22.00000 27.00000 36339.02332
22.00000 28.00000 36333.70939
22.00000 29.00000 36337.38707
22.00000 30.00000 36347.41002
22.00000 31.00000 36364.90377
22.00000 32.00000 36374.83621
22.00000 33.00000 36378.34178
22.00000 34.00000 36379.08217
22.00000 35.00000 36382.87610
22.00000 36.00000 36384.99364
22.00000 37.00000 36384.61399
22.00000 38.00000 36383.13630
22.00000 39.00000 36381.75965
22.00000 40.00000 36379.52838
22.00000 41.00000 36379.51181
22.00000 42.00000 36388.88287
22.00000 43.00000 36398.99022
22.00000 44.00000 36402.34772
22.00000 45.00000 36407.14100
22.00000 46.00000 36416.06881
22.00000 47.00000 36424.05722
22.00000 48.00000 36425.36046
22.00000 49.00000 36424.44318
22.00000 50.00000 36426.11473
22.00000 51.00000 36429.57405
22.00000 52.00000 36430.63615
22.00000 53.00000 36431.15969
22.00000 54.00000 36437.60171
22.00000 55.00000 36447.37100
22.00000 56.00000 36458.81696
22.00000 57.00000 36470.31228
22.00000 58.00000 36476.89703
22.00000 59.00000 36488.04514
22.00000 60.00000 36504.45878
22.00000 61.00000 36515.57035
22.00000 62.00000 36527.69255
22.00000 63.00000 36526.10858
22.00000 64.00000 36520.08533
22.00000 65.00000 36520.76728
22.00000 66.00000 36529.69232
22.00000 67.00000 36535.44910
22.00000 68.00000 36550.61997
22.00000 69.00000 36564.94769
22.00000 70.00000 36579.21920
23.00000 25.00000 36354.72946
23.00000 26.00000 36341.37786
23.00000 27.00000 36334.78216
23.00000 28.00000 36330.45136
23.00000 29.00000 36337.07289
23.00000 30.00000 36349.88219
23.00000 31.00000 36366.60142
23.00000 32.00000 36375.22673
23.00000 33.00000 36376.21177
23.00000 34.00000 36373.86303
23.00000 35.00000 36375.82814
23.00000 36.00000 36379.48691
23.00000 37.00000 36380.73558
23.00000 38.00000 36378.65434
23.00000 39.00000 36374.72673
23.00000 40.00000 36371.31176
23.00000 41.00000 36371.61147
23.00000 42.00000 36381.74693
23.00000 43.00000 36392.18079
23.00000 44.00000 36396.51878
23.00000 45.00000 36402.01322
23.00000 46.00000 36410.25372
23.00000 47.00000 36417.31770
23.00000 48.00000 36418.28442
23.00000 49.00000 36417.91682
23.00000 50.00000 36420.39301
23.00000 51.00000 36424.54934
23.00000 52.00000 36427.00756
23.00000 53.00000 36428.68467
23.00000 54.00000 36435.11706
23.00000 55.00000 36445.21554
23.00000 56.00000 36456.67218
23.00000 57.00000 36468.37797
23.00000 58.00000 36474.28618
23.00000 59.00000 36485.04349
23.00000 60.00000 36502.13685
23.00000 61.00000 36514.01846
23.00000 62.00000 36526.71890
23.00000 63.00000 36525.57357
23.00000 64.00000 36519.40439
23.00000 65.00000 36519.45864
23.00000 66.00000 36528.21654
23.00000 67.00000 36534.12326
23.00000 68.00000 36549.16017
23.00000 69.00000 36563.15749
23.00000 70.00000 36576.18456
24.00000 25.00000 36351.83440
24.00000 26.00000 36340.78208
24.00000 27.00000 36334.20204
24.00000 28.00000 36329.60028
24.00000 29.00000 36335.79186
24.00000 30.00000 36348.14141
24.00000 31.00000 36362.88276
24.00000 32.00000 36369.45224
24.00000 33.00000 36368.83158
24.00000 34.00000 36365.09314
24.00000 35.00000 36365.94358
24.00000 36.00000 36370.25195
24.00000 37.00000 36374.02573
24.00000 38.00000 36374.03057
24.00000 39.00000 36370.67504
24.00000 40.00000 36364.90448
24.00000 41.00000 36364.18719
24.00000 42.00000 36375.02621
24.00000 43.00000 36385.22126
24.00000 44.00000 36389.94861
24.00000 45.00000 36395.57054
24.00000 46.00000 36402.87030
24.00000 47.00000 36408.37047
24.00000 48.00000 36407.75053
24.00000 49.00000 36407.62525
24.00000 50.00000 36411.86727
24.00000 51.00000 36416.85275
24.00000 52.00000 36420.28760
24.00000 53.00000 36422.91276
24.00000 54.00000 36429.28058
24.00000 55.00000 36439.93281
24.00000 56.00000 36451.84147
24.00000 57.00000 36464.10811
24.00000 58.00000 36471.62016
24.00000 59.00000 36481.40042
24.00000 60.00000 36496.97324
24.00000 61.00000 36508.18080
24.00000 62.00000 36520.66371
24.00000 63.00000 36519.95456
24.00000 64.00000 36513.88862
24.00000 65.00000 36513.50225
24.00000 66.00000 36522.54050
24.00000 67.00000 36528.84134
24.00000 68.00000 36544.98393
24.00000 69.00000 36559.86047
24.00000 70.00000 36572.44021
25.00000 25.00000 36341.63576
25.00000 26.00000 36335.61733
25.00000 27.00000 36330.23680
25.00000 28.00000 36324.82518
25.00000 29.00000 36326.97966
25.00000 30.00000 36337.14200
25.00000 31.00000 36351.67841
25.00000 32.00000 36356.42303
25.00000 33.00000 36354.61299
25.00000 34.00000 36351.35658
25.00000 35.00000 36353.22844
25.00000 36.00000 36357.37689
25.00000 37.00000 36362.32117
25.00000 38.00000 36365.52867
25.00000 39.00000 36364.97545
25.00000 40.00000 36358.69183
25.00000 41.00000 36355.14239
25.00000 42.00000 36363.83759
25.00000 43.00000 36371.96275
25.00000 44.00000 36376.96789
25.00000 45.00000 36382.59734
25.00000 46.00000 36389.90492
25.00000 47.00000 36395.73053
25.00000 48.00000 36394.14184
25.00000 49.00000 36392.79982
25.00000 50.00000 36397.21299
25.00000 51.00000 36403.15645
25.00000 52.00000 36408.33371
25.00000 53.00000 36412.86340
25.00000 54.00000 36420.75810
25.00000 55.00000 36432.39355
25.00000 56.00000 36443.32554
25.00000 57.00000 36453.62860
25.00000 58.00000 36462.37639
25.00000 59.00000 36473.11018
25.00000 60.00000 36488.09115
25.00000 61.00000 36497.83796
25.00000 62.00000 36508.21756
25.00000 63.00000 36506.96274
25.00000 64.00000 36500.76323
25.00000 65.00000 36500.39314
25.00000 66.00000 36510.94551
25.00000 67.00000 36518.55923
25.00000 68.00000 36535.95133
25.00000 69.00000 36551.76622
25.00000 70.00000 36564.22612
26.00000 25.00000 36336.58072
26.00000 26.00000 36329.25963
26.00000 27.00000 36327.47491
26.00000 28.00000 36320.36552
26.00000 29.00000 36317.47906
26.00000 30.00000 36323.86460
26.00000 31.00000 36337.49171
26.00000 32.00000 36341.01566
26.00000 33.00000 36339.86667
26.00000 34.00000 36339.19694
26.00000 35.00000 36343.60040
26.00000 36.00000 36347.96402
26.00000 37.00000 36352.42945
26.00000 38.00000 36356.77705
26.00000 39.00000 36358.27164
26.00000 40.00000 36353.56718
26.00000 41.00000 36349.28758
26.00000 42.00000 36354.96348
26.00000 43.00000 36359.45592
26.00000 44.00000 36364.47192
26.00000 45.00000 36370.27041
26.00000 46.00000 36377.96623
26.00000 47.00000 36384.48041
26.00000 48.00000 36382.96627
26.00000 49.00000 36380.80208
26.00000 50.00000 36384.16386
26.00000 51.00000 36390.21416
26.00000 52.00000 36396.66341
26.00000 53.00000 36402.59181
26.00000 54.00000 36411.72824
26.00000 55.00000 36424.10580
26.00000 56.00000 36434.37551
26.00000 57.00000 36443.00624
26.00000 58.00000 36453.28216
26.00000 59.00000 36466.08136
26.00000 60.00000 36481.00262
26.00000 61.00000 36488.95554
26.00000 62.00000 36495.63157
26.00000 63.00000 36493.25585
26.00000 64.00000 36487.31785
26.00000 65.00000 36488.13678
26.00000 66.00000 36501.16990
26.00000 67.00000 36510.27307
26.00000 68.00000 36527.96667
26.00000 69.00000 36543.52291
26.00000 70.00000 36555.56172
27.00000 25.00000 36332.38555
27.00000 26.00000 36329.58559
27.00000 27.00000 36327.72377
27.00000 28.00000 36319.47375
27.00000 29.00000 36315.24027
27.00000 30.00000 36317.89799
27.00000 31.00000 36326.42293
27.00000 32.00000 36328.65977
27.00000 33.00000 36329.53759
27.00000 34.00000 36331.85049
27.00000 35.00000 36338.21143
27.00000 36.00000 36342.80127
27.00000 37.00000 36346.39016
27.00000 38.00000 36350.37907
27.00000 39.00000 36352.57408
27.00000 40.00000 36349.55990
27.00000 41.00000 36346.36864
27.00000 42.00000 36351.09034
27.00000 43.00000 36353.20310
27.00000 44.00000 36357.68202
27.00000 45.00000 36363.62658
27.00000 46.00000 36371.65606
27.00000 47.00000 36378.26862
27.00000 48.00000 36377.14569
27.00000 49.00000 36374.81705
27.00000 50.00000 36376.88377
27.00000 51.00000 36382.13492
27.00000 52.00000 36388.89151
27.00000 53.00000 36395.39513
27.00000 54.00000 36405.29869
27.00000 55.00000 36417.92784
27.00000 56.00000 36428.21159
27.00000 57.00000 36436.61487
27.00000 58.00000 36447.89502
27.00000 59.00000 36462.23981
27.00000 60.00000 36477.01205
27.00000 61.00000 36483.59383
27.00000 62.00000 36487.38647
27.00000 63.00000 36484.23826
27.00000 64.00000 36478.89114
27.00000 65.00000 36481.28349
27.00000 66.00000 36496.56224
27.00000 67.00000 36506.48825
27.00000 68.00000 36523.47506
27.00000 69.00000 36537.93975
27.00000 70.00000 36549.25551
28.00000 25.00000 36336.08780
28.00000 26.00000 36332.54126
28.00000 27.00000 36331.80772
28.00000 28.00000 36328.39345
28.00000 29.00000 36325.22560
28.00000 30.00000 36327.70174
28.00000 31.00000 36334.15941
28.00000 32.00000 36332.59012
28.00000 33.00000 36332.37199
28.00000 34.00000 36335.29557
28.00000 35.00000 36341.88841
28.00000 36.00000 36346.39896
28.00000 37.00000 36348.92931
28.00000 38.00000 36352.18203
28.00000 39.00000 36354.66384
28.00000 40.00000 36352.50408
28.00000 41.00000 36350.11636
28.00000 42.00000 36355.12808
28.00000 43.00000 36357.68941
28.00000 44.00000 36360.89848
28.00000 45.00000 36366.75907
28.00000 46.00000 36376.46247
28.00000 47.00000 36384.01806
28.00000 48.00000 36383.22177
28.00000 49.00000 36380.49290
28.00000 50.00000 36381.11737
28.00000 51.00000 36384.80010
28.00000 52.00000 36390.06079
28.00000 53.00000 36395.93629
28.00000 54.00000 36406.32139
28.00000 55.00000 36419.22844
28.00000 56.00000 36429.65555
28.00000 57.00000 36438.55259
28.00000 58.00000 36449.40514
28.00000 59.00000 36464.87120
28.00000 60.00000 36481.14394
28.00000 61.00000 36489.04257
28.00000 62.00000 36493.84551
28.00000 63.00000 36489.20632
28.00000 64.00000 36481.33816
28.00000 65.00000 36482.34369
28.00000 66.00000 36497.96404
28.00000 67.00000 36509.09239
28.00000 68.00000 36526.60338
28.00000 69.00000 36541.38116
28.00000 70.00000 36552.73905
29.00000 25.00000 36347.75302
29.00000 26.00000 36340.61720
29.00000 27.00000 36339.44898
29.00000 28.00000 36337.62540
29.00000 29.00000 36342.07634
29.00000 30.00000 36347.43608
29.00000 31.00000 36355.08125
29.00000 32.00000 36353.05952
29.00000 33.00000 36350.65032
29.00000 34.00000 36350.92783
29.00000 35.00000 36355.38535
29.00000 36.00000 36358.34312
29.00000 37.00000 36359.69743
29.00000 38.00000 36363.04520
29.00000 39.00000 36366.01731
29.00000 40.00000 36365.04400
29.00000 41.00000 36363.21968
29.00000 42.00000 36368.32302
29.00000 43.00000 36372.65003
29.00000 44.00000 36375.89612
29.00000 45.00000 36381.33939
29.00000 46.00000 36392.28416
29.00000 47.00000 36401.03024
29.00000 48.00000 36401.64211
29.00000 49.00000 36398.21496
29.00000 50.00000 36396.85284
29.00000 51.00000 36398.69274
29.00000 52.00000 36401.80876
29.00000 53.00000 36406.26142
29.00000 54.00000 36416.65581
29.00000 55.00000 36430.31710
29.00000 56.00000 36442.27111
29.00000 57.00000 36452.97543
29.00000 58.00000 36463.16519
29.00000 59.00000 36478.17393
29.00000 60.00000 36495.32002
29.00000 61.00000 36504.55580
29.00000 62.00000 36511.60860
29.00000 63.00000 36507.68834
29.00000 64.00000 36498.96236
29.00000 65.00000 36497.47563
29.00000 66.00000 36510.72315
29.00000 67.00000 36521.21348
29.00000 68.00000 36538.29282
29.00000 69.00000 36553.13475
29.00000 70.00000 36566.07103
30.00000 25.00000 36350.11896
30.00000 26.00000 36340.32469
30.00000 27.00000 36337.04485
30.00000 28.00000 36335.80147
30.00000 29.00000 36343.51569
30.00000 30.00000 36355.38698
30.00000 31.00000 36366.61332
30.00000 32.00000 36366.42499
30.00000 33.00000 36363.55566
30.00000 34.00000 36360.67352
30.00000 35.00000 36362.70398
30.00000 36.00000 36364.62620
30.00000 37.00000 36365.20029
30.00000 38.00000 36367.93136
30.00000 39.00000 36370.15374
30.00000 40.00000 36370.04397
30.00000 41.00000 36369.01492
30.00000 42.00000 36374.72625
30.00000 43.00000 36380.99483
30.00000 44.00000 36384.87602
30.00000 45.00000 36390.68491
30.00000 46.00000 36401.84443
30.00000 47.00000 36411.22420
30.00000 48.00000 36414.32079
30.00000 49.00000 36411.85959
30.00000 50.00000 36409.95932
30.00000 51.00000 36410.29718
30.00000 52.00000 36411.37701
30.00000 53.00000 36414.42205
30.00000 54.00000 36423.90434
30.00000 55.00000 36437.88181
30.00000 56.00000 36451.62912
30.00000 57.00000 36464.95070
30.00000 58.00000 36475.35578
30.00000 59.00000 36489.34382
30.00000 60.00000 36506.94321
30.00000 61.00000 36517.83950
30.00000 62.00000 36527.77843
30.00000 63.00000 36525.42686
30.00000 64.00000 36516.86414
30.00000 65.00000 36513.51847
30.00000 66.00000 36523.56831
30.00000 67.00000 36532.51858
30.00000 68.00000 36548.71106
30.00000 69.00000 36563.32105
30.00000 70.00000 36577.98342
31.00000 25.00000 36356.88455
31.00000 26.00000 36346.30650
31.00000 27.00000 36338.89485
31.00000 28.00000 36335.55937
31.00000 29.00000 36346.05477
31.00000 30.00000 36362.84323
31.00000 31.00000 36377.29881
31.00000 32.00000 36380.04159
31.00000 33.00000 36378.85516
31.00000 34.00000 36374.69812
31.00000 35.00000 36374.20793
31.00000 36.00000 36375.80071
31.00000 37.00000 36375.89340
31.00000 38.00000 36376.45604
31.00000 39.00000 36375.96798
31.00000 40.00000 36375.64187
31.00000 41.00000 36375.66014
31.00000 42.00000 36383.04856
31.00000 43.00000 36391.48511
31.00000 44.00000 36396.20256
31.00000 45.00000 36402.74699
31.00000 46.00000 36413.22038
31.00000 47.00000 36421.83253
31.00000 48.00000 36426.46221
31.00000 49.00000 36426.00536
31.00000 50.00000 36425.37173
31.00000 51.00000 36424.75411
31.00000 52.00000 36423.69906
31.00000 53.00000 36425.06320
31.00000 54.00000 36432.63716
31.00000 55.00000 36446.10504
31.00000 56.00000 36461.86437
31.00000 57.00000 36478.22924
31.00000 58.00000 36489.72377
31.00000 59.00000 36502.83640
31.00000 60.00000 36519.76588
31.00000 61.00000 36531.11506
31.00000 62.00000 36543.29108
31.00000 63.00000 36542.98585
31.00000 64.00000 36535.62048
31.00000 65.00000 36531.71309
31.00000 66.00000 36538.99180
31.00000 67.00000 36545.80391
31.00000 68.00000 36560.82687
31.00000 69.00000 36575.17593
31.00000 70.00000 36591.17769
32.00000 25.00000 36365.48829
32.00000 26.00000 36356.88055
32.00000 27.00000 36350.87682
32.00000 28.00000 36343.95853
32.00000 29.00000 36351.40508
32.00000 30.00000 36366.20614
32.00000 31.00000 36381.85497
32.00000 32.00000 36385.61234
32.00000 33.00000 36384.84276
32.00000 34.00000 36382.48125
32.00000 35.00000 36381.79477
32.00000 36.00000 36383.52704
32.00000 37.00000 36384.02567
32.00000 38.00000 36383.84790
32.00000 39.00000 36382.31486
32.00000 40.00000 36380.71876
32.00000 41.00000 36381.59653
32.00000 42.00000 36391.79947
32.00000 43.00000 36402.37837
32.00000 44.00000 36406.94757
32.00000 45.00000 36412.90596
32.00000 46.00000 36421.78054
32.00000 47.00000 36428.55467
32.00000 48.00000 36431.46513
32.00000 49.00000 36431.76523
32.00000 50.00000 36433.74901
32.00000 51.00000 36434.13891
32.00000 52.00000 36432.53034
32.00000 53.00000 36433.42645
32.00000 54.00000 36440.71779
32.00000 55.00000 36453.09138
32.00000 56.00000 36468.66530
32.00000 57.00000 36485.86376
32.00000 58.00000 36498.94841
32.00000 59.00000 36511.81217
32.00000 60.00000 36527.27886
32.00000 61.00000 36537.39909
32.00000 62.00000 36550.27887
32.00000 63.00000 36551.74558
32.00000 64.00000 36546.11194
32.00000 65.00000 36542.97496
32.00000 66.00000 36549.98932
32.00000 67.00000 36554.60737
32.00000 68.00000 36568.28938
32.00000 69.00000 36582.28896
32.00000 70.00000 36599.10717
33.00000 25.00000 36371.77752
33.00000 26.00000 36364.71594
33.00000 27.00000 36360.75100
33.00000 28.00000 36353.49434
33.00000 29.00000 36357.35211
33.00000 30.00000 36367.65487
33.00000 31.00000 36382.71167
33.00000 32.00000 36391.34781
33.00000 33.00000 36386.94912
33.00000 34.00000 36387.17480
33.00000 35.00000 36388.08975
33.00000 36.00000 36388.93912
33.00000 37.00000 36388.36849
33.00000 38.00000 36387.77118
33.00000 39.00000 36387.08559
33.00000 40.00000 36385.41072
33.00000 41.00000 36386.43167
33.00000 42.00000 36397.69211
33.00000 43.00000 36409.58414
33.00000 44.00000 36414.46616
33.00000 45.00000 36419.42988
33.00000 46.00000 36426.91192
33.00000 47.00000 36433.49699
33.00000 48.00000 36435.67307
33.00000 49.00000 36435.49040
33.00000 50.00000 36437.92336
33.00000 51.00000 36439.15867
33.00000 52.00000 36437.68072
33.00000 53.00000 36438.39292
33.00000 54.00000 36446.16148
33.00000 55.00000 36458.45734
33.00000 56.00000 36473.44896
33.00000 57.00000 36489.88146
33.00000 58.00000 36503.20716
33.00000 59.00000 36516.83393
33.00000 60.00000 36532.19791
33.00000 61.00000 36541.27561
33.00000 62.00000 36553.35092
33.00000 63.00000 36555.78072
33.00000 64.00000 36551.53947
33.00000 65.00000 36549.37165
33.00000 66.00000 36556.97573
33.00000 67.00000 36561.58207
33.00000 68.00000 36574.94750
33.00000 69.00000 36588.65351
33.00000 70.00000 36605.64762
34.00000 25.00000 36375.05073
34.00000 26.00000 36369.14910
34.00000 27.00000 36366.07963
34.00000 28.00000 36358.48853
34.00000 29.00000 36359.52093
34.00000 30.00000 36364.33589
34.00000 31.00000 36376.51978
34.00000 32.00000 36387.28660
34.00000 33.00000 36389.05375
34.00000 34.00000 36384.74395
34.00000 35.00000 36389.66777
34.00000 36.00000 36389.85721
34.00000 37.00000 36387.48746
34.00000 38.00000 36386.49840
34.00000 39.00000 36387.72878
34.00000 40.00000 36387.71128
34.00000 41.00000 36389.21877
34.00000 42.00000 36400.00216
34.00000 43.00000 36411.28129
34.00000 44.00000 36415.43522
34.00000 45.00000 36418.68106
34.00000 46.00000 36424.72860
34.00000 47.00000 36431.61706
34.00000 48.00000 36435.09729
34.00000 49.00000 36435.70502
34.00000 50.00000 36437.76324
34.00000 51.00000 36439.08319
34.00000 52.00000 36437.48822
34.00000 53.00000 36437.41493
34.00000 54.00000 36445.74626
34.00000 55.00000 36459.41687
34.00000 56.00000 36475.12752
34.00000 57.00000 36490.86736
34.00000 58.00000 36503.17007
34.00000 59.00000 36516.91449
34.00000 60.00000 36532.09304
34.00000 61.00000 36540.17051
34.00000 62.00000 36549.80964
34.00000 63.00000 36552.52954
34.00000 64.00000 36549.94541
34.00000 65.00000 36549.75123
34.00000 66.00000 36558.94241
34.00000 67.00000 36564.17171
34.00000 68.00000 36577.30638
34.00000 69.00000 36590.36139
34.00000 70.00000 36606.73151
35.00000 25.00000 36374.76276
35.00000 26.00000 36370.18448
35.00000 27.00000 36367.11357
35.00000 28.00000 36358.92234
35.00000 29.00000 36358.37208
35.00000 30.00000 36359.54039
35.00000 31.00000 36367.37416
35.00000 32.00000 36378.78828
35.00000 33.00000 36383.23494
35.00000 34.00000 36383.02404
35.00000 35.00000 36385.41128
35.00000 36.00000 36385.14392
35.00000 37.00000 36382.41649
35.00000 38.00000 36382.15551
35.00000 39.00000 36384.88941
35.00000 40.00000 36387.13534
35.00000 41.00000 36389.52089
35.00000 42.00000 36399.46022
35.00000 43.00000 36409.68063
35.00000 44.00000 36412.86719
35.00000 45.00000 36414.48139
35.00000 46.00000 36418.33714
35.00000 47.00000 36424.14650
35.00000 48.00000 36428.42005
35.00000 49.00000 36430.60549
35.00000 50.00000 36434.21637
35.00000 51.00000 36436.60865
35.00000 52.00000 36435.00089
35.00000 53.00000 36433.83087
35.00000 54.00000 36441.63046
35.00000 55.00000 36456.75241
35.00000 56.00000 36474.09935
35.00000 57.00000 36490.30849
35.00000 58.00000 36501.51902
35.00000 59.00000 36514.28818
35.00000 60.00000 36528.50823
35.00000 61.00000 36535.36337
35.00000 62.00000 36542.90300
35.00000 63.00000 36545.29847
35.00000 64.00000 36544.08948
35.00000 65.00000 36546.06916
35.00000 66.00000 36556.12913
35.00000 67.00000 36562.27129
35.00000 68.00000 36575.82158
35.00000 69.00000 36588.63611
35.00000 70.00000 36604.34350
36.00000 25.00000 36368.84486
36.00000 26.00000 36364.70026
36.00000 27.00000 36361.76355
36.00000 28.00000 36354.26557
36.00000 29.00000 36353.28917
36.00000 30.00000 36353.13497
36.00000 31.00000 36359.00350
36.00000 32.00000 36366.90180
36.00000 33.00000 36371.80996
36.00000 34.00000 36374.54038
36.00000 35.00000 36379.40660
36.00000 36.00000 36379.76615
36.00000 37.00000 36377.02849
36.00000 38.00000 36377.99767
36.00000 39.00000 36381.47391
36.00000 40.00000 36383.17939
36.00000 41.00000 36385.77326
36.00000 42.00000 36395.78068
36.00000 43.00000 36405.54524
36.00000 44.00000 36407.99943
36.00000 45.00000 36408.92119
36.00000 46.00000 36411.35571
36.00000 47.00000 36415.11151
36.00000 48.00000 36417.19973
36.00000 49.00000 36419.59059
36.00000 50.00000 36425.50662
36.00000 51.00000 36430.81950
36.00000 52.00000 36430.96368
36.00000 53.00000 36429.61071
36.00000 54.00000 36435.97106
36.00000 55.00000 36449.51329
36.00000 56.00000 36466.67801
36.00000 57.00000 36484.24804
36.00000 58.00000 36495.95136
36.00000 59.00000 36508.26201
36.00000 60.00000 36522.22540
36.00000 61.00000 36529.32589
36.00000 62.00000 36536.92940
36.00000 63.00000 36537.19634
36.00000 64.00000 36535.13557
36.00000 65.00000 36538.94902
36.00000 66.00000 36549.82331
36.00000 67.00000 36558.04270
36.00000 68.00000 36573.72781
36.00000 69.00000 36587.98807
36.00000 70.00000 36604.02867
37.00000 25.00000 36368.08812
37.00000 26.00000 36361.66800
37.00000 27.00000 36357.06407
37.00000 28.00000 36349.85523
37.00000 29.00000 36349.77228
37.00000 30.00000 36351.51881
37.00000 31.00000 36358.64012
37.00000 32.00000 36364.78992
37.00000 33.00000 36367.80274
37.00000 34.00000 36370.44261
37.00000 35.00000 36376.16077
37.00000 36.00000 36378.45035
37.00000 37.00000 36378.15766
37.00000 38.00000 36378.97024
37.00000 39.00000 36382.51495
37.00000 40.00000 36382.50953
37.00000 41.00000 36383.72673
37.00000 42.00000 36394.35365
37.00000 43.00000 36404.54205
37.00000 44.00000 36407.27617
37.00000 45.00000 36408.38289
37.00000 46.00000 36410.88764
37.00000 47.00000 36414.15456
37.00000 48.00000 36414.20550
37.00000 49.00000 36414.69117
37.00000 50.00000 36420.16242
37.00000 51.00000 36427.11530
37.00000 52.00000 36430.10624
37.00000 53.00000 36430.50028
37.00000 54.00000 36437.35811
37.00000 55.00000 36449.09500
37.00000 56.00000 36463.72796
37.00000 57.00000 36480.27760
37.00000 58.00000 36492.37737
37.00000 59.00000 36505.60507
37.00000 60.00000 36520.76957
37.00000 61.00000 36528.81719
37.00000 62.00000 36537.38693
37.00000 63.00000 36536.58187
37.00000 64.00000 36533.23351
37.00000 65.00000 36537.12632
37.00000 66.00000 36548.05790
37.00000 67.00000 36558.16805
37.00000 68.00000 36576.01435
37.00000 69.00000 36591.85946
37.00000 70.00000 36609.19421
38.00000 25.00000 36368.55652
38.00000 26.00000 36360.04378
38.00000 27.00000 36353.06810
38.00000 28.00000 36345.33082
38.00000 29.00000 36346.69225
38.00000 30.00000 36351.41880
38.00000 31.00000 36359.64501
38.00000 32.00000 36365.20965
38.00000 33.00000 36366.98514
38.00000 34.00000 36367.88317
38.00000 35.00000 36372.06336
38.00000 36.00000 36375.16029
38.00000 37.00000 36379.05548
38.00000 38.00000 36385.05766
38.00000 39.00000 36386.27584
38.00000 40.00000 36384.04589
38.00000 41.00000 36383.60653
38.00000 42.00000 36393.35819
38.00000 43.00000 36402.86740
38.00000 44.00000 36406.66997
38.00000 45.00000 36409.04207
38.00000 46.00000 36413.09998
38.00000 47.00000 36416.63466
38.00000 48.00000 36415.36312
38.00000 49.00000 36413.66918
38.00000 50.00000 36416.41769
38.00000 51.00000 36422.94370
38.00000 52.00000 36428.29006
38.00000 53.00000 36431.48925
38.00000 54.00000 36439.86055
38.00000 55.00000 36450.74483
38.00000 56.00000 36463.00606
38.00000 57.00000 36476.65290
38.00000 58.00000 36488.60734
38.00000 59.00000 36503.07075
38.00000 60.00000 36520.19007
38.00000 61.00000 36529.78657
38.00000 62.00000 36539.65863
38.00000 63.00000 36538.28724
38.00000 64.00000 36533.68628
38.00000 65.00000 36537.45078
38.00000 66.00000 36549.32387
38.00000 67.00000 36560.91809
38.00000 68.00000 36580.59325
38.00000 69.00000 36597.30935
38.00000 70.00000 36615.21872
39.00000 25.00000 36364.97279
39.00000 26.00000 36357.18494
39.00000 27.00000 36349.83038
39.00000 28.00000 36341.43040
39.00000 29.00000 36343.53558
39.00000 30.00000 36349.59747
39.00000 31.00000 36357.26522
39.00000 32.00000 36361.65464
39.00000 33.00000 36362.86362
39.00000 34.00000 36363.28310
39.00000 35.00000 36366.64349
39.00000 36.00000 36370.06482
39.00000 37.00000 36375.15452
39.00000 38.00000 36382.09446
39.00000 39.00000 36385.70477
39.00000 40.00000 36381.34373
39.00000 41.00000 36380.63536
39.00000 42.00000 36390.43586
39.00000 43.00000 36397.83664
39.00000 44.00000 36401.82665
39.00000 45.00000 36405.69030
39.00000 46.00000 36411.71322
39.00000 47.00000 36415.66147
39.00000 48.00000 36413.77108
39.00000 49.00000 36411.12645
39.00000 50.00000 36412.66496
39.00000 51.00000 36418.39323
39.00000 52.00000 36424.99243
39.00000 53.00000 36430.04391
39.00000 54.00000 36438.27811
39.00000 55.00000 36447.92536
39.00000 56.00000 36458.61614
39.00000 57.00000 36470.23228
39.00000 58.00000 36482.75154
39.00000 59.00000 36497.91759
39.00000 60.00000 36516.21533
39.00000 61.00000 36526.95903
39.00000 62.00000 36538.03617
39.00000 63.00000 36536.88829
39.00000 64.00000 36532.37843
39.00000 65.00000 36537.09037
39.00000 66.00000 36551.24054
39.00000 67.00000 36562.73021
39.00000 68.00000 36582.19154
39.00000 69.00000 36598.29056
39.00000 70.00000 36615.25157
40.00000 25.00000 36357.57127
40.00000 26.00000 36352.78605
40.00000 27.00000 36348.02403
40.00000 28.00000 36339.96552
40.00000 29.00000 36340.42867
40.00000 30.00000 36345.21985
40.00000 31.00000 36351.31972
40.00000 32.00000 36352.80528
40.00000 33.00000 36351.98789
40.00000 34.00000 36351.77470
40.00000 35.00000 36355.21346
40.00000 36.00000 36357.55743
40.00000 37.00000 36362.11097
40.00000 38.00000 36368.87658
40.00000 39.00000 36373.99668
40.00000 40.00000 36374.83544
40.00000 41.00000 36372.49098
40.00000 42.00000 36384.53144
40.00000 43.00000 36391.52516
40.00000 44.00000 36392.03761
40.00000 45.00000 36394.90814
40.00000 46.00000 36401.96864
40.00000 47.00000 36406.77384
40.00000 48.00000 36404.64563
40.00000 49.00000 36401.38845
40.00000 50.00000 36403.63244
40.00000 51.00000 36409.46077
40.00000 52.00000 36416.19984
40.00000 53.00000 36422.60602
40.00000 54.00000 36432.99994
40.00000 55.00000 36443.49861
40.00000 56.00000 36451.61728
40.00000 57.00000 36459.36561
40.00000 58.00000 36472.15607
40.00000 59.00000 36489.80111
40.00000 60.00000 36509.49338
40.00000 61.00000 36520.14489
40.00000 62.00000 36532.22128
40.00000 63.00000 36531.41347
40.00000 64.00000 36525.57509
40.00000 65.00000 36528.82046
40.00000 66.00000 36544.35410
40.00000 67.00000 36556.09068
40.00000 68.00000 36575.96977
40.00000 69.00000 36592.64930
40.00000 70.00000 36609.63213
41.00000 25.00000 36348.50555
41.00000 26.00000 36345.05340
41.00000 27.00000 36342.21493
41.00000 28.00000 36335.46485
41.00000 29.00000 36334.03667
41.00000 30.00000 36337.02504
41.00000 31.00000 36342.16778
41.00000 32.00000 36342.39260
41.00000 33.00000 36339.71027
41.00000 34.00000 36338.82168
41.00000 35.00000 36342.65543
41.00000 36.00000 36344.94797
41.00000 37.00000 36348.63018
41.00000 38.00000 36355.37931
41.00000 39.00000 36360.73684
41.00000 40.00000 36362.74872
41.00000 41.00000 36362.49350
41.00000 42.00000 36372.86325
41.00000 43.00000 36380.17976
41.00000 44.00000 36380.05484
41.00000 45.00000 36380.56841
41.00000 46.00000 36386.78394
41.00000 47.00000 36391.99583
41.00000 48.00000 36390.04914
41.00000 49.00000 36386.17953
41.00000 50.00000 36388.97033
41.00000 51.00000 36395.61750
41.00000 52.00000 36402.80957
41.00000 53.00000 36409.51413
41.00000 54.00000 36421.51715
41.00000 55.00000 36433.73724
41.00000 56.00000 36440.19606
41.00000 57.00000 36444.17020
41.00000 58.00000 36455.68263
41.00000 59.00000 36475.75609
41.00000 60.00000 36497.34185
41.00000 61.00000 36507.99514
41.00000 62.00000 36519.90119
41.00000 63.00000 36519.46351
41.00000 64.00000 36513.33069
41.00000 65.00000 36514.95041
41.00000 66.00000 36530.51104
41.00000 67.00000 36542.86127
41.00000 68.00000 36563.10403
41.00000 69.00000 36580.47645
41.00000 70.00000 36597.75154
42.00000 25.00000 36343.95142
42.00000 26.00000 36340.13043
42.00000 27.00000 36337.67178
42.00000 28.00000 36331.83020
42.00000 29.00000 36329.37235
42.00000 30.00000 36331.43879
42.00000 31.00000 36337.00361
42.00000 32.00000 36337.94725
42.00000 33.00000 36334.45108
42.00000 34.00000 36332.75735
42.00000 35.00000 36336.81198
42.00000 36.00000 36339.67271
42.00000 37.00000 36342.75903
42.00000 38.00000 36349.30434
42.00000 39.00000 36354.78148
42.00000 40.00000 36356.13495
42.00000 41.00000 36355.82597
42.00000 42.00000 36365.05275
42.00000 43.00000 36371.96448
42.00000 44.00000 36373.40184
42.00000 45.00000 36372.43759
42.00000 46.00000 36375.74464
42.00000 47.00000 36380.51059
42.00000 48.00000 36379.28334
42.00000 49.00000 36375.55858
42.00000 50.00000 36378.88985
42.00000 51.00000 36386.31550
42.00000 52.00000 36393.65815
42.00000 53.00000 36399.81095
42.00000 54.00000 36411.77157
42.00000 55.00000 36425.64803
42.00000 56.00000 36433.44044
42.00000 57.00000 36436.04122
42.00000 58.00000 36443.46551
42.00000 59.00000 36464.30788
42.00000 60.00000 36487.83419
42.00000 61.00000 36499.37845
42.00000 62.00000 36510.98107
42.00000 63.00000 36510.42277
42.00000 64.00000 36504.52271
42.00000 65.00000 36504.97407
42.00000 66.00000 36518.81116
42.00000 67.00000 36531.28258
42.00000 68.00000 36551.96286
42.00000 69.00000 36570.50055
42.00000 70.00000 36589.39007
43.00000 25.00000 36348.17679
43.00000 26.00000 36343.36773
43.00000 27.00000 36339.99523
43.00000 28.00000 36334.71034
43.00000 29.00000 36333.92981
43.00000 30.00000 36336.21295
43.00000 31.00000 36341.61556
43.00000 32.00000 36342.92013
43.00000 33.00000 36339.27031
43.00000 34.00000 36336.46443
43.00000 35.00000 36339.49902
43.00000 36.00000 36342.30384
43.00000 37.00000 36344.99020
43.00000 38.00000 36351.50826
43.00000 39.00000 36356.90823
43.00000 40.00000 36358.69360
43.00000 41.00000 36358.72651
43.00000 42.00000 36367.27303
43.00000 43.00000 36374.52897
43.00000 44.00000 36377.83107
43.00000 45.00000 36378.12937
43.00000 46.00000 36379.50981
43.00000 47.00000 36382.27508
43.00000 48.00000 36380.92757
43.00000 49.00000 36377.08147
43.00000 50.00000 36379.50468
43.00000 51.00000 36385.41363
43.00000 52.00000 36391.10899
43.00000 53.00000 36395.64266
43.00000 54.00000 36405.79721
43.00000 55.00000 36419.92307
43.00000 56.00000 36431.09659
43.00000 57.00000 36437.87959
43.00000 58.00000 36444.82482
43.00000 59.00000 36463.34218
43.00000 60.00000 36487.33250
43.00000 61.00000 36500.63900
43.00000 62.00000 36512.63431
43.00000 63.00000 36511.47039
43.00000 64.00000 36505.12107
43.00000 65.00000 36504.65352
43.00000 66.00000 36516.10226
43.00000 67.00000 36527.19005
43.00000 68.00000 36547.84243
43.00000 69.00000 36567.74906
43.00000 70.00000 36588.54849
44.00000 25.00000 36342.07065
44.00000 26.00000 36336.86009
44.00000 27.00000 36333.39273
44.00000 28.00000 36329.03725
44.00000 29.00000 36330.36899
44.00000 30.00000 36334.43325
44.00000 31.00000 36340.81152
44.00000 32.00000 36341.71540
44.00000 33.00000 36338.52473
44.00000 34.00000 36335.69992
44.00000 35.00000 36338.13455
44.00000 36.00000 36340.56943
44.00000 37.00000 36342.41127
44.00000 38.00000 36347.98514
44.00000 39.00000 36352.39126
44.00000 40.00000 36353.96093
44.00000 41.00000 36354.15862
44.00000 42.00000 36362.80467
44.00000 43.00000 36369.90606
44.00000 44.00000 36371.67291
44.00000 45.00000 36375.01098
44.00000 46.00000 36379.00445
44.00000 47.00000 36380.93162
44.00000 48.00000 36377.26719
44.00000 49.00000 36372.33271
44.00000 50.00000 36373.30025
44.00000 51.00000 36378.00378
44.00000 52.00000 36383.18149
44.00000 53.00000 36387.25116
44.00000 54.00000 36396.10575
44.00000 55.00000 36408.87829
44.00000 56.00000 36421.65024
44.00000 57.00000 36432.04794
44.00000 58.00000 36440.96133
44.00000 59.00000 36457.47753
44.00000 60.00000 36479.76636
44.00000 61.00000 36494.83304
44.00000 62.00000 36508.87180
44.00000 63.00000 36507.04749
44.00000 64.00000 36500.25147
44.00000 65.00000 36500.13137
44.00000 66.00000 36510.30293
44.00000 67.00000 36520.45419
44.00000 68.00000 36541.46446
44.00000 69.00000 36563.01858
44.00000 70.00000 36585.41379
45.00000 25.00000 36337.48731
45.00000 26.00000 36330.79432
45.00000 27.00000 36326.85018
45.00000 28.00000 36323.47656
45.00000 29.00000 36327.64756
45.00000 30.00000 36334.89060
45.00000 31.00000 36343.11034
45.00000 32.00000 36343.83908
45.00000 33.00000 36340.87532
45.00000 34.00000 36337.72197
45.00000 35.00000 36339.08380
45.00000 36.00000 36340.66938
45.00000 37.00000 36341.20531
45.00000 38.00000 36344.94493
45.00000 39.00000 36347.93929
45.00000 40.00000 36349.04460
45.00000 41.00000 36349.32647
45.00000 42.00000 36358.57467
45.00000 43.00000 36366.92500
45.00000 44.00000 36370.00601
45.00000 45.00000 36370.25415
45.00000 46.00000 36379.03028
45.00000 47.00000 36383.26092
45.00000 48.00000 36379.32762
45.00000 49.00000 36372.75046
45.00000 50.00000 36370.67368
45.00000 51.00000 36373.66717
45.00000 52.00000 36378.10557
45.00000 53.00000 36381.88887
45.00000 54.00000 36390.47866
45.00000 55.00000 36402.53221
45.00000 56.00000 36416.56419
45.00000 57.00000 36430.12547
45.00000 58.00000 36441.46178
45.00000 59.00000 36458.30045
45.00000 60.00000 36479.36671
45.00000 61.00000 36493.54009
45.00000 62.00000 36508.37917
45.00000 63.00000 36507.28306
45.00000 64.00000 36501.25199
45.00000 65.00000 36501.45861
45.00000 66.00000 36510.54313
45.00000 67.00000 36520.19814
45.00000 68.00000 36541.08233
45.00000 69.00000 36562.98347
45.00000 70.00000 36586.21406
46.00000 25.00000 36337.83719
46.00000 26.00000 36328.57899
46.00000 27.00000 36322.55143
46.00000 28.00000 36318.95306
46.00000 29.00000 36326.68086
46.00000 30.00000 36338.77350
46.00000 31.00000 36349.92378
46.00000 32.00000 36351.81660
46.00000 33.00000 36349.29272
46.00000 34.00000 36344.86799
46.00000 35.00000 36343.52194
46.00000 36.00000 36343.70749
46.00000 37.00000 36343.59454
46.00000 38.00000 36345.86209
46.00000 39.00000 36347.47497
46.00000 40.00000 36348.33275
46.00000 41.00000 36348.74725
46.00000 42.00000 36358.19973
46.00000 43.00000 36367.71392
46.00000 44.00000 36373.46106
46.00000 45.00000 36378.75869
46.00000 46.00000 36384.99392
46.00000 47.00000 36390.43478
46.00000 48.00000 36389.73303
46.00000 49.00000 36382.71517
46.00000 50.00000 36375.28430
46.00000 51.00000 36374.17296
46.00000 52.00000 36377.06824
46.00000 53.00000 36380.86479
46.00000 54.00000 36389.74722
46.00000 55.00000 36401.70032
46.00000 56.00000 36416.85691
46.00000 57.00000 36432.78134
46.00000 58.00000 36445.90219
46.00000 59.00000 36463.36251
46.00000 60.00000 36485.24296
46.00000 61.00000 36499.72852
46.00000 62.00000 36513.33748
46.00000 63.00000 36512.93692
46.00000 64.00000 36507.59368
46.00000 65.00000 36507.99280
46.00000 66.00000 36516.54208
46.00000 67.00000 36525.86947
46.00000 68.00000 36547.02150
46.00000 69.00000 36569.21859
46.00000 70.00000 36592.26073
47.00000 25.00000 36341.91654
47.00000 26.00000 36332.16879
47.00000 27.00000 36325.30634
47.00000 28.00000 36319.88579
47.00000 29.00000 36328.35483
47.00000 30.00000 36341.62380
47.00000 31.00000 36354.16969
47.00000 32.00000 36358.12319
47.00000 33.00000 36356.89989
47.00000 34.00000 36352.13040
47.00000 35.00000 36348.82275
47.00000 36.00000 36347.44470
47.00000 37.00000 36347.34834
47.00000 38.00000 36349.32492
47.00000 39.00000 36350.33402
47.00000 40.00000 36350.99369
47.00000 41.00000 36351.61099
47.00000 42.00000 36360.77013
47.00000 43.00000 36370.29189
47.00000 44.00000 36375.77230
47.00000 45.00000 36383.01409
47.00000 46.00000 36392.82769
47.00000 47.00000 36396.16030
47.00000 48.00000 36396.27934
47.00000 49.00000 36391.64357
47.00000 50.00000 36384.02572
47.00000 51.00000 36378.63527
47.00000 52.00000 36378.50447
47.00000 53.00000 36382.14539
47.00000 54.00000 36391.40379
47.00000 55.00000 36403.53617
47.00000 56.00000 36419.57319
47.00000 57.00000 36437.07083
47.00000 58.00000 36451.35529
47.00000 59.00000 36468.52623
47.00000 60.00000 36490.28362
47.00000 61.00000 36505.04908
47.00000 62.00000 36517.65602
47.00000 63.00000 36517.88081
47.00000 64.00000 36513.91626
47.00000 65.00000 36516.19127
47.00000 66.00000 36525.82416
47.00000 67.00000 36533.87970
47.00000 68.00000 36554.05569
47.00000 69.00000 36575.81896
47.00000 70.00000 36598.62142
48.00000 25.00000 36342.91900
48.00000 26.00000 36334.77441
48.00000 27.00000 36329.52167
48.00000 28.00000 36322.52130
48.00000 29.00000 36329.44319
48.00000 30.00000 36340.96025
48.00000 31.00000 36352.65605
48.00000 32.00000 36357.15407
48.00000 33.00000 36356.70896
48.00000 34.00000 36352.57601
48.00000 35.00000 36349.31124
48.00000 36.00000 36346.29201
48.00000 37.00000 36346.58406
48.00000 38.00000 36349.55550
48.00000 39.00000 36350.86814
48.00000 40.00000 36350.87175
48.00000 41.00000 36351.95796
48.00000 42.00000 36361.43810
48.00000 43.00000 36371.03292
48.00000 44.00000 36373.92015
48.00000 45.00000 36378.92262
48.00000 46.00000 36388.37403
48.00000 47.00000 36394.79810
48.00000 48.00000 36395.45673
48.00000 49.00000 36392.73740
48.00000 50.00000 36388.68709
48.00000 51.00000 36381.35111
48.00000 52.00000 36374.93492
48.00000 53.00000 36377.53820
48.00000 54.00000 36388.53531
48.00000 55.00000 36401.67707
48.00000 56.00000 36417.95157
48.00000 57.00000 36435.71577
48.00000 58.00000 36450.39658
48.00000 59.00000 36466.74032
48.00000 60.00000 36487.57043
48.00000 61.00000 36502.68985
48.00000 62.00000 36516.01965
48.00000 63.00000 36517.05639
48.00000 64.00000 36513.05829
48.00000 65.00000 36516.46002
48.00000 66.00000 36529.15043
48.00000 67.00000 36536.65287
48.00000 68.00000 36555.06674
48.00000 69.00000 36576.02526
48.00000 70.00000 36598.84604
49.00000 25.00000 36339.92438
49.00000 26.00000 36332.93237
49.00000 27.00000 36328.83277
49.00000 28.00000 36321.09074
49.00000 29.00000 36325.28411
49.00000 30.00000 36333.72161
49.00000 31.00000 36344.31892
49.00000 32.00000 36349.49032
49.00000 33.00000 36349.61192
49.00000 34.00000 36346.86443
49.00000 35.00000 36345.03835
49.00000 36.00000 36341.68263
49.00000 37.00000 36341.95605
49.00000 38.00000 36345.98607
49.00000 39.00000 36348.23039
49.00000 40.00000 36347.59521
49.00000 41.00000 36348.18702
49.00000 42.00000 36357.39714
49.00000 43.00000 36366.72263
49.00000 44.00000 36368.74623
49.00000 45.00000 36371.43362
49.00000 46.00000 36378.16986
49.00000 47.00000 36384.98788
49.00000 48.00000 36386.38766
49.00000 49.00000 36384.59214
49.00000 50.00000 36383.92272
49.00000 51.00000 36378.62729
49.00000 52.00000 36369.16908
49.00000 53.00000 36369.11833
49.00000 54.00000 36381.26429
49.00000 55.00000 36395.74045
49.00000 56.00000 36412.20131
49.00000 57.00000 36429.25343
49.00000 58.00000 36443.24053
49.00000 59.00000 36459.14940
49.00000 60.00000 36478.88768
49.00000 61.00000 36493.24090
49.00000 62.00000 36507.40129
49.00000 63.00000 36510.08492
49.00000 64.00000 36506.93498
49.00000 65.00000 36510.58432
49.00000 66.00000 36525.59799
49.00000 67.00000 36534.45153
49.00000 68.00000 36552.56114
49.00000 69.00000 36572.60090
49.00000 70.00000 36594.91392
50.00000 25.00000 36339.16561
50.00000 26.00000 36332.28750
50.00000 27.00000 36327.89452
50.00000 28.00000 36319.39393
50.00000 29.00000 36321.03301
50.00000 30.00000 36326.64157
50.00000 31.00000 36336.42745
50.00000 32.00000 36343.78844
50.00000 33.00000 36344.34615
50.00000 34.00000 36342.01457
50.00000 35.00000 36341.17683
50.00000 36.00000 36337.80638
50.00000 37.00000 36336.99424
50.00000 38.00000 36341.11431
50.00000 39.00000 36344.56730
50.00000 40.00000 36344.61905
50.00000 41.00000 36345.07553
50.00000 42.00000 36353.68759
50.00000 43.00000 36362.02183
50.00000 44.00000 36364.10517
50.00000 45.00000 36365.90803
50.00000 46.00000 36370.13082
50.00000 47.00000 36375.69558
50.00000 48.00000 36377.29376
50.00000 49.00000 36375.01478
50.00000 50.00000 36377.36068
50.00000 51.00000 36375.00984
50.00000 52.00000 36366.14130
50.00000 53.00000 36363.41691
50.00000 54.00000 36373.33633
50.00000 55.00000 36389.31765
50.00000 56.00000 36407.46839
50.00000 57.00000 36424.26877
50.00000 58.00000 36436.90508
50.00000 59.00000 36452.33706
50.00000 60.00000 36471.12623
50.00000 61.00000 36484.09796
50.00000 62.00000 36498.82925
50.00000 63.00000 36503.81612
50.00000 64.00000 36502.61544
50.00000 65.00000 36506.20286
50.00000 66.00000 36521.06714
50.00000 67.00000 36531.22797
50.00000 68.00000 36549.67249
50.00000 69.00000 36568.57464
50.00000 70.00000 36589.92154
51.00000 25.00000 36340.74559
51.00000 26.00000 36333.77229
51.00000 27.00000 36328.92136
51.00000 28.00000 36319.78215
51.00000 29.00000 36319.98281
51.00000 30.00000 36323.42492
51.00000 31.00000 36331.74959
51.00000 32.00000 36340.00744
51.00000 33.00000 36341.62279
51.00000 34.00000 36339.95466
51.00000 35.00000 36339.81849
51.00000 36.00000 36337.21906
51.00000 37.00000 36335.51795
51.00000 38.00000 36338.38293
51.00000 39.00000 36341.88334
51.00000 40.00000 36342.65912
51.00000 41.00000 36343.26644
51.00000 42.00000 36351.32589
51.00000 43.00000 36358.49075
51.00000 44.00000 36360.47438
51.00000 45.00000 36362.49284
51.00000 46.00000 36367.00488
51.00000 47.00000 36371.35969
51.00000 48.00000 36372.15859
51.00000 49.00000 36370.25069
51.00000 50.00000 36371.61026
51.00000 51.00000 36373.43493
51.00000 52.00000 36365.80681
51.00000 53.00000 36363.59293
51.00000 54.00000 36370.75788
51.00000 55.00000 36384.66363
51.00000 56.00000 36403.51612
51.00000 57.00000 36420.85859
51.00000 58.00000 36433.31968
51.00000 59.00000 36448.75488
51.00000 60.00000 36467.61100
51.00000 61.00000 36480.37479
51.00000 62.00000 36495.78938
51.00000 63.00000 36501.74438
51.00000 64.00000 36502.91533
51.00000 65.00000 36507.96824
51.00000 66.00000 36521.86017
51.00000 67.00000 36532.11897
51.00000 68.00000 36550.58437
51.00000 69.00000 36568.36578
51.00000 70.00000 36588.54555
52.00000 25.00000 36342.86233
52.00000 26.00000 36335.73419
52.00000 27.00000 36331.02226
52.00000 28.00000 36322.76160
52.00000 29.00000 36322.52377
52.00000 30.00000 36325.03516
52.00000 31.00000 36332.78006
52.00000 32.00000 36339.12743
52.00000 33.00000 36340.81664
52.00000 34.00000 36339.84707
52.00000 35.00000 36340.72291
52.00000 36.00000 36340.02797
52.00000 37.00000 36338.34153
52.00000 38.00000 36339.34736
52.00000 39.00000 36341.31471
52.00000 40.00000 36341.24730
52.00000 41.00000 36341.04730
52.00000 42.00000 36348.83940
52.00000 43.00000 36355.78812
52.00000 44.00000 36357.64348
52.00000 45.00000 36359.85767
52.00000 46.00000 36365.24906
52.00000 47.00000 36369.75020
52.00000 48.00000 36368.80173
52.00000 49.00000 36366.12643
52.00000 50.00000 36367.67447
52.00000 51.00000 36371.16929
52.00000 52.00000 36367.96150
52.00000 53.00000 36366.01603
52.00000 54.00000 36373.53376
52.00000 55.00000 36384.44035
52.00000 56.00000 36401.50708
52.00000 57.00000 36419.09516
52.00000 58.00000 36432.57296
52.00000 59.00000 36448.40230
52.00000 60.00000 36466.95149
52.00000 61.00000 36479.27451
52.00000 62.00000 36495.37493
52.00000 63.00000 36501.63451
52.00000 64.00000 36504.87097
52.00000 65.00000 36512.94303
52.00000 66.00000 36526.93940
52.00000 67.00000 36537.31548
52.00000 68.00000 36555.84455
52.00000 69.00000 36573.36947
52.00000 70.00000 36593.48520
53.00000 25.00000 36345.70253
53.00000 26.00000 36337.00369
53.00000 27.00000 36331.54214
53.00000 28.00000 36324.56657
53.00000 29.00000 36324.77427
53.00000 30.00000 36327.83639
53.00000 31.00000 36336.08388
53.00000 32.00000 36340.66958
53.00000 33.00000 36341.68627
53.00000 34.00000 36341.06509
53.00000 35.00000 36342.40268
53.00000 36.00000 36342.87561
53.00000 37.00000 36341.68747
53.00000 38.00000 36341.52393
53.00000 39.00000 36342.10282
53.00000 40.00000 36341.18221
53.00000 41.00000 36339.66540
53.00000 42.00000 36347.52418
53.00000 43.00000 36354.79944
53.00000 44.00000 36356.58413
53.00000 45.00000 36358.45720
53.00000 46.00000 36363.80625
53.00000 47.00000 36368.52228
53.00000 48.00000 36367.66275
53.00000 49.00000 36364.59551
53.00000 50.00000 36366.69267
53.00000 51.00000 36372.78043
53.00000 52.00000 36373.68155
53.00000 53.00000 36370.68636
53.00000 54.00000 36376.20811
53.00000 55.00000 36386.05147
53.00000 56.00000 36402.37786
53.00000 57.00000 36419.08374
53.00000 58.00000 36433.55264
53.00000 59.00000 36450.33325
53.00000 60.00000 36469.07212
53.00000 61.00000 36480.63263
53.00000 62.00000 36495.78024
53.00000 63.00000 36502.08141
53.00000 64.00000 36506.52097
53.00000 65.00000 36517.06533
53.00000 66.00000 36532.07876
53.00000 67.00000 36543.83422
53.00000 68.00000 36562.82855
53.00000 69.00000 36580.01819
53.00000 70.00000 36600.32119
54.00000 25.00000 36353.22501
54.00000 26.00000 36341.37680
54.00000 27.00000 36332.63143
54.00000 28.00000 36325.02362
54.00000 29.00000 36325.85602
54.00000 30.00000 36330.96484
54.00000 31.00000 36340.53516
54.00000 32.00000 36344.74468
54.00000 33.00000 36344.69928
54.00000 34.00000 36343.24423
54.00000 35.00000 36344.40232
54.00000 36.00000 36347.02360
54.00000 37.00000 36348.88447
54.00000 38.00000 36350.44952
54.00000 39.00000 36350.29512
54.00000 40.00000 36347.75711
54.00000 41.00000 36343.45068
54.00000 42.00000 36348.73671
54.00000 43.00000 36354.67428
54.00000 44.00000 36356.99251
54.00000 45.00000 36359.52120
54.00000 46.00000 36364.81247
54.00000 47.00000 36369.35952
54.00000 48.00000 36369.04963
54.00000 49.00000 36366.61965
54.00000 50.00000 36369.04839
54.00000 51.00000 36377.26535
54.00000 52.00000 36382.43126
54.00000 53.00000 36383.05651
54.00000 54.00000 36384.50052
54.00000 55.00000 36391.61881
54.00000 56.00000 36406.60885
54.00000 57.00000 36421.62302
54.00000 58.00000 36437.16922
54.00000 59.00000 36455.62631
54.00000 60.00000 36475.62494
54.00000 61.00000 36486.69060
54.00000 62.00000 36498.83550
54.00000 63.00000 36504.09777
54.00000 64.00000 36508.62344
54.00000 65.00000 36520.65507
54.00000 66.00000 36539.09826
54.00000 67.00000 36554.89997
54.00000 68.00000 36576.33459
54.00000 69.00000 36593.99120
54.00000 70.00000 36614.48773
55.00000 25.00000 36355.69741
55.00000 26.00000 36344.57349
55.00000 27.00000 36335.45788
55.00000 28.00000 36325.34752
55.00000 29.00000 36324.52461
55.00000 30.00000 36328.96279
55.00000 31.00000 36337.70590
55.00000 32.00000 36341.46953
55.00000 33.00000 36340.71196
55.00000 34.00000 36338.92078
55.00000 35.00000 36340.14861
55.00000 36.00000 36343.27340
55.00000 37.00000 36347.12958
55.00000 38.00000 36351.11360
55.00000 39.00000 36351.86141
55.00000 40.00000 36349.16712
55.00000 41.00000 36344.68696
55.00000 42.00000 36349.15465
55.00000 43.00000 36353.12742
55.00000 44.00000 36354.16527
55.00000 45.00000 36356.18092
55.00000 46.00000 36360.64844
55.00000 47.00000 36364.38946
55.00000 48.00000 36363.48229
55.00000 49.00000 36360.77647
55.00000 50.00000 36363.63436
55.00000 51.00000 36371.69246
55.00000 52.00000 36379.24133
55.00000 53.00000 36383.68702
55.00000 54.00000 36388.59885
55.00000 55.00000 36395.31691
55.00000 56.00000 36405.42101
55.00000 57.00000 36418.37412
55.00000 58.00000 36435.74246
55.00000 59.00000 36455.26996
55.00000 60.00000 36476.81520
55.00000 61.00000 36488.31816
55.00000 62.00000 36498.77691
55.00000 63.00000 36501.61719
55.00000 64.00000 36503.99881
55.00000 65.00000 36515.82453
55.00000 66.00000 36537.48606
55.00000 67.00000 36555.93139
55.00000 68.00000 36578.81001
55.00000 69.00000 36596.59965
55.00000 70.00000 36617.35474
