k1 k2 chisq 
11.00000 25.00000 74230.65479
11.00000 26.00000 74248.97557
11.00000 27.00000 74262.58966
11.00000 28.00000 74269.45128
11.00000 29.00000 74274.21646
11.00000 30.00000 74275.86230
11.00000 31.00000 74272.51202
11.00000 32.00000 74261.62808
11.00000 33.00000 74262.85430
11.00000 34.00000 74276.02877
11.00000 35.00000 74277.41667
11.00000 36.00000 74265.85402
11.00000 37.00000 74254.60877
11.00000 38.00000 74254.53602
11.00000 39.00000 74258.44111
11.00000 40.00000 74263.22434
11.00000 41.00000 74269.81385
11.00000 42.00000 74278.41799
11.00000 43.00000 74275.62002
11.00000 44.00000 74260.03845
11.00000 45.00000 74245.79717
11.00000 46.00000 74243.73043
11.00000 47.00000 74238.56913
11.00000 48.00000 74229.68549
11.00000 49.00000 74225.98401
11.00000 50.00000 74228.47460
11.00000 51.00000 74230.22612
11.00000 52.00000 74235.54857
11.00000 53.00000 74237.71282
11.00000 54.00000 74239.47107
11.00000 55.00000 74241.42704
11.00000 56.00000 74247.81825
11.00000 57.00000 74257.76095
11.00000 58.00000 74271.23221
11.00000 59.00000 74276.67710
11.00000 60.00000 74281.64850
11.00000 61.00000 74277.84607
11.00000 62.00000 74271.69353
11.00000 63.00000 74260.59079
11.00000 64.00000 74251.46092
11.00000 65.00000 74248.97598
11.00000 66.00000 74259.00500
11.00000 67.00000 74263.86699
11.00000 68.00000 74271.73934
11.00000 69.00000 74282.39599
11.00000 70.00000 74279.23840
12.00000 25.00000 74236.58178
12.00000 26.00000 74253.41674
12.00000 27.00000 74266.00478
12.00000 28.00000 74272.09343
12.00000 29.00000 74275.86566
12.00000 30.00000 74277.64814
12.00000 31.00000 74274.45062
12.00000 32.00000 74263.58575
12.00000 33.00000 74263.65116
12.00000 34.00000 74275.21227
12.00000 35.00000 74276.59410
12.00000 36.00000 74266.52344
12.00000 37.00000 74255.68226
12.00000 38.00000 74254.94232
12.00000 39.00000 74259.13643
12.00000 40.00000 74264.52953
12.00000 41.00000 74270.72249
12.00000 42.00000 74277.13805
12.00000 43.00000 74273.04480
12.00000 44.00000 74257.65763
12.00000 45.00000 74243.60016
12.00000 46.00000 74241.55113
12.00000 47.00000 74236.36104
12.00000 48.00000 74227.68971
12.00000 49.00000 74224.18704
12.00000 50.00000 74225.89519
12.00000 51.00000 74227.67754
12.00000 52.00000 74233.45522
12.00000 53.00000 74235.90870
12.00000 54.00000 74237.65933
12.00000 55.00000 74239.52477
12.00000 56.00000 74245.61088
12.00000 57.00000 74255.98807
12.00000 58.00000 74269.37291
12.00000 59.00000 74274.79378
12.00000 60.00000 74280.00038
12.00000 61.00000 74275.80317
12.00000 62.00000 74268.04162
12.00000 63.00000 74256.84619
12.00000 64.00000 74248.10407
12.00000 65.00000 74246.62359
12.00000 66.00000 74258.43952
12.00000 67.00000 74263.94220
12.00000 68.00000 74271.50222
12.00000 69.00000 74281.95956
12.00000 70.00000 74279.69665
13.00000 25.00000 74246.85738
13.00000 26.00000 74264.72633
13.00000 27.00000 74275.77528
13.00000 28.00000 74279.23614
13.00000 29.00000 74282.62871
13.00000 30.00000 74284.52487
13.00000 31.00000 74279.46297
13.00000 32.00000 74269.46034
13.00000 33.00000 74272.38162
13.00000 34.00000 74286.11172
13.00000 35.00000 74285.49369
13.00000 36.00000 74272.62393
13.00000 37.00000 74261.11403
13.00000 38.00000 74261.18561
13.00000 39.00000 74264.98714
13.00000 40.00000 74269.42775
13.00000 41.00000 74276.37746
13.00000 42.00000 74284.16517
13.00000 43.00000 74279.32640
13.00000 44.00000 74262.58058
13.00000 45.00000 74249.02548
13.00000 46.00000 74249.22493
13.00000 47.00000 74244.33510
13.00000 48.00000 74234.44739
13.00000 49.00000 74229.73694
13.00000 50.00000 74230.53552
13.00000 51.00000 74230.63103
13.00000 52.00000 74234.98250
13.00000 53.00000 74238.09082
13.00000 54.00000 74243.72279
13.00000 55.00000 74246.77350
13.00000 56.00000 74252.64329
13.00000 57.00000 74262.52570
13.00000 58.00000 74276.13410
13.00000 59.00000 74280.95200
13.00000 60.00000 74285.13332
13.00000 61.00000 74279.87661
13.00000 62.00000 74272.52525
13.00000 63.00000 74260.71872
13.00000 64.00000 74251.62255
13.00000 65.00000 74250.37693
13.00000 66.00000 74264.29357
13.00000 67.00000 74269.10246
13.00000 68.00000 74275.67510
13.00000 69.00000 74285.76920
13.00000 70.00000 74282.56929
14.00000 25.00000 74256.86094
14.00000 26.00000 74273.40604
14.00000 27.00000 74282.45557
14.00000 28.00000 74284.85071
14.00000 29.00000 74288.99347
14.00000 30.00000 74292.77583
14.00000 31.00000 74287.51614
14.00000 32.00000 74277.46019
14.00000 33.00000 74281.85494
14.00000 34.00000 74296.52047
14.00000 35.00000 74294.78210
14.00000 36.00000 74279.93315
14.00000 37.00000 74267.77785
14.00000 38.00000 74267.80814
14.00000 39.00000 74270.02925
14.00000 40.00000 74272.28363
14.00000 41.00000 74279.05990
14.00000 42.00000 74289.22595
14.00000 43.00000 74285.35485
14.00000 44.00000 74268.78152
14.00000 45.00000 74255.84055
14.00000 46.00000 74256.42863
14.00000 47.00000 74250.13832
14.00000 48.00000 74237.96060
14.00000 49.00000 74232.23483
14.00000 50.00000 74233.52185
14.00000 51.00000 74232.50817
14.00000 52.00000 74234.96863
14.00000 53.00000 74237.56894
14.00000 54.00000 74244.97956
14.00000 55.00000 74248.73904
14.00000 56.00000 74254.91196
14.00000 57.00000 74264.81445
14.00000 58.00000 74278.71640
14.00000 59.00000 74283.47601
14.00000 60.00000 74287.27307
14.00000 61.00000 74281.41764
14.00000 62.00000 74275.75429
14.00000 63.00000 74263.68626
14.00000 64.00000 74254.44918
14.00000 65.00000 74253.18763
14.00000 66.00000 74267.65302
14.00000 67.00000 74270.63355
14.00000 68.00000 74275.47502
14.00000 69.00000 74284.53995
14.00000 70.00000 74279.57411
15.00000 25.00000 74247.56429
15.00000 26.00000 74260.11729
15.00000 27.00000 74266.99247
15.00000 28.00000 74269.53927
15.00000 29.00000 74274.01867
15.00000 30.00000 74279.92614
15.00000 31.00000 74277.37383
15.00000 32.00000 74268.10915
15.00000 33.00000 74272.45203
15.00000 34.00000 74286.68346
15.00000 35.00000 74285.48802
15.00000 36.00000 74270.85680
15.00000 37.00000 74258.38890
15.00000 38.00000 74257.79255
15.00000 39.00000 74259.28582
15.00000 40.00000 74260.26983
15.00000 41.00000 74265.88957
15.00000 42.00000 74276.55300
15.00000 43.00000 74274.17116
15.00000 44.00000 74259.42087
15.00000 45.00000 74247.21991
15.00000 46.00000 74246.84877
15.00000 47.00000 74238.85028
15.00000 48.00000 74225.48948
15.00000 49.00000 74219.61655
15.00000 50.00000 74221.37266
15.00000 51.00000 74220.34987
15.00000 52.00000 74222.25667
15.00000 53.00000 74224.06858
15.00000 54.00000 74229.80175
15.00000 55.00000 74232.86169
15.00000 56.00000 74239.52778
15.00000 57.00000 74249.96079
15.00000 58.00000 74263.82325
15.00000 59.00000 74269.26871
15.00000 60.00000 74273.66806
15.00000 61.00000 74268.62309
15.00000 62.00000 74264.72886
15.00000 63.00000 74253.09635
15.00000 64.00000 74244.56372
15.00000 65.00000 74243.70650
15.00000 66.00000 74257.05872
15.00000 67.00000 74258.07298
15.00000 68.00000 74261.19425
15.00000 69.00000 74269.06213
15.00000 70.00000 74262.10757
16.00000 25.00000 74237.62791
16.00000 26.00000 74246.42234
16.00000 27.00000 74251.80188
16.00000 28.00000 74255.29193
16.00000 29.00000 74259.36243
16.00000 30.00000 74265.33479
16.00000 31.00000 74265.79516
16.00000 32.00000 74259.15688
16.00000 33.00000 74263.05406
16.00000 34.00000 74275.80027
16.00000 35.00000 74274.91730
16.00000 36.00000 74261.71312
16.00000 37.00000 74249.05956
16.00000 38.00000 74247.50902
16.00000 39.00000 74249.20868
16.00000 40.00000 74250.74082
16.00000 41.00000 74255.73410
16.00000 42.00000 74265.72780
16.00000 43.00000 74264.51556
16.00000 44.00000 74251.75353
16.00000 45.00000 74239.63443
16.00000 46.00000 74237.18529
16.00000 47.00000 74227.84902
16.00000 48.00000 74214.54634
16.00000 49.00000 74209.30463
16.00000 50.00000 74211.24760
16.00000 51.00000 74210.96117
16.00000 52.00000 74213.19021
16.00000 53.00000 74214.51097
16.00000 54.00000 74217.81582
16.00000 55.00000 74219.99277
16.00000 56.00000 74226.62892
16.00000 57.00000 74237.24300
16.00000 58.00000 74251.01798
16.00000 59.00000 74257.60783
16.00000 60.00000 74263.09056
16.00000 61.00000 74259.40930
16.00000 62.00000 74256.32236
16.00000 63.00000 74245.00033
16.00000 64.00000 74236.70840
16.00000 65.00000 74235.91988
16.00000 66.00000 74247.11269
16.00000 67.00000 74247.87717
16.00000 68.00000 74250.43823
16.00000 69.00000 74257.43515
16.00000 70.00000 74249.04975
17.00000 25.00000 74231.83735
17.00000 26.00000 74242.43332
17.00000 27.00000 74248.65301
17.00000 28.00000 74253.34923
17.00000 29.00000 74257.61857
17.00000 30.00000 74262.28267
17.00000 31.00000 74261.82042
17.00000 32.00000 74255.21443
17.00000 33.00000 74259.66181
17.00000 34.00000 74273.76942
17.00000 35.00000 74272.83381
17.00000 36.00000 74259.37016
17.00000 37.00000 74246.73760
17.00000 38.00000 74245.61051
17.00000 39.00000 74247.42568
17.00000 40.00000 74249.22235
17.00000 41.00000 74254.70735
17.00000 42.00000 74265.28360
17.00000 43.00000 74265.03755
17.00000 44.00000 74253.51171
17.00000 45.00000 74241.27444
17.00000 46.00000 74237.36751
17.00000 47.00000 74227.31251
17.00000 48.00000 74214.02005
17.00000 49.00000 74208.78134
17.00000 50.00000 74211.52674
17.00000 51.00000 74212.59941
17.00000 52.00000 74215.80008
17.00000 53.00000 74216.71887
17.00000 54.00000 74218.40542
17.00000 55.00000 74219.95045
17.00000 56.00000 74226.10900
17.00000 57.00000 74236.40112
17.00000 58.00000 74251.12463
17.00000 59.00000 74259.13436
17.00000 60.00000 74265.98584
17.00000 61.00000 74263.42961
17.00000 62.00000 74259.85741
17.00000 63.00000 74248.14143
17.00000 64.00000 74238.83541
17.00000 65.00000 74236.98674
17.00000 66.00000 74246.83279
17.00000 67.00000 74248.24878
17.00000 68.00000 74251.41724
17.00000 69.00000 74258.01952
17.00000 70.00000 74249.50659
18.00000 25.00000 74219.69778
18.00000 26.00000 74231.72653
18.00000 27.00000 74239.37986
18.00000 28.00000 74245.84047
18.00000 29.00000 74250.85604
18.00000 30.00000 74255.35831
18.00000 31.00000 74254.72613
18.00000 32.00000 74246.82622
18.00000 33.00000 74250.21359
18.00000 34.00000 74264.88969
18.00000 35.00000 74266.03378
18.00000 36.00000 74253.40923
18.00000 37.00000 74241.42043
18.00000 38.00000 74241.02738
18.00000 39.00000 74242.53839
18.00000 40.00000 74243.94349
18.00000 41.00000 74249.49056
18.00000 42.00000 74260.19187
18.00000 43.00000 74260.48410
18.00000 44.00000 74250.01123
18.00000 45.00000 74238.11550
18.00000 46.00000 74234.34006
18.00000 47.00000 74224.66937
18.00000 48.00000 74211.73415
18.00000 49.00000 74205.82286
18.00000 50.00000 74207.75947
18.00000 51.00000 74209.21974
18.00000 52.00000 74213.44570
18.00000 53.00000 74214.12657
18.00000 54.00000 74214.33599
18.00000 55.00000 74214.96955
18.00000 56.00000 74220.96164
18.00000 57.00000 74231.58605
18.00000 58.00000 74247.90597
18.00000 59.00000 74257.14579
18.00000 60.00000 74265.70178
18.00000 61.00000 74264.76656
18.00000 62.00000 74260.61604
18.00000 63.00000 74248.99403
18.00000 64.00000 74239.41732
18.00000 65.00000 74236.77522
18.00000 66.00000 74245.16345
18.00000 67.00000 74246.15173
18.00000 68.00000 74248.82082
18.00000 69.00000 74254.48370
18.00000 70.00000 74246.82246
19.00000 25.00000 74202.36605
19.00000 26.00000 74212.52004
19.00000 27.00000 74220.19945
19.00000 28.00000 74228.82430
19.00000 29.00000 74234.95747
19.00000 30.00000 74240.77996
19.00000 31.00000 74242.07100
19.00000 32.00000 74233.51831
19.00000 33.00000 74234.34375
19.00000 34.00000 74246.11108
19.00000 35.00000 74249.03070
19.00000 36.00000 74238.83059
19.00000 37.00000 74227.50649
19.00000 38.00000 74226.32688
19.00000 39.00000 74227.13323
19.00000 40.00000 74228.34301
19.00000 41.00000 74234.02084
19.00000 42.00000 74244.98048
19.00000 43.00000 74246.18210
19.00000 44.00000 74237.27257
19.00000 45.00000 74226.04313
19.00000 46.00000 74222.38037
19.00000 47.00000 74213.33211
19.00000 48.00000 74200.85841
19.00000 49.00000 74194.28687
19.00000 50.00000 74194.37575
19.00000 51.00000 74195.12441
19.00000 52.00000 74199.84910
19.00000 53.00000 74200.37165
19.00000 54.00000 74199.17802
19.00000 55.00000 74199.01242
19.00000 56.00000 74205.33349
19.00000 57.00000 74216.85449
19.00000 58.00000 74233.81085
19.00000 59.00000 74243.64741
19.00000 60.00000 74254.04606
19.00000 61.00000 74255.15057
19.00000 62.00000 74251.33126
19.00000 63.00000 74240.39381
19.00000 64.00000 74231.18748
19.00000 65.00000 74228.00616
19.00000 66.00000 74234.03552
19.00000 67.00000 74233.92497
19.00000 68.00000 74235.46058
19.00000 69.00000 74239.97351
19.00000 70.00000 74233.33091
20.00000 25.00000 74189.77828
20.00000 26.00000 74198.25743
20.00000 27.00000 74204.60020
20.00000 28.00000 74214.12766
20.00000 29.00000 74221.55691
20.00000 30.00000 74228.98183
20.00000 31.00000 74232.27605
20.00000 32.00000 74225.55035
20.00000 33.00000 74225.62429
20.00000 34.00000 74233.98003
20.00000 35.00000 74235.33365
20.00000 36.00000 74227.19314
20.00000 37.00000 74216.48088
20.00000 38.00000 74213.76270
20.00000 39.00000 74214.14653
20.00000 40.00000 74215.53803
20.00000 41.00000 74221.58014
20.00000 42.00000 74232.38724
20.00000 43.00000 74233.99772
20.00000 44.00000 74226.93334
20.00000 45.00000 74217.07647
20.00000 46.00000 74213.33402
20.00000 47.00000 74203.97821
20.00000 48.00000 74191.25529
20.00000 49.00000 74184.88424
20.00000 50.00000 74184.16783
20.00000 51.00000 74184.31792
20.00000 52.00000 74189.23387
20.00000 53.00000 74190.82869
20.00000 54.00000 74188.86587
20.00000 55.00000 74187.45875
20.00000 56.00000 74192.53490
20.00000 57.00000 74204.99551
20.00000 58.00000 74222.68135
20.00000 59.00000 74232.64111
20.00000 60.00000 74243.49377
20.00000 61.00000 74246.09785
20.00000 62.00000 74242.22916
20.00000 63.00000 74232.15794
20.00000 64.00000 74223.49949
20.00000 65.00000 74221.08089
20.00000 66.00000 74225.31349
20.00000 67.00000 74223.37907
20.00000 68.00000 74222.41747
20.00000 69.00000 74225.55381
20.00000 70.00000 74219.40078
21.00000 25.00000 74197.98180
21.00000 26.00000 74209.73305
21.00000 27.00000 74215.25345
21.00000 28.00000 74223.31104
21.00000 29.00000 74231.27065
21.00000 30.00000 74239.28681
21.00000 31.00000 74241.46284
21.00000 32.00000 74234.25797
21.00000 33.00000 74235.48507
21.00000 34.00000 74244.84331
21.00000 35.00000 74244.34246
21.00000 36.00000 74235.37648
21.00000 37.00000 74225.41859
21.00000 38.00000 74223.85581
21.00000 39.00000 74224.05344
21.00000 40.00000 74224.29653
21.00000 41.00000 74229.94069
21.00000 42.00000 74240.37782
21.00000 43.00000 74241.32792
21.00000 44.00000 74234.24084
21.00000 45.00000 74225.44886
21.00000 46.00000 74224.38322
21.00000 47.00000 74216.38365
21.00000 48.00000 74203.60101
21.00000 49.00000 74196.39691
21.00000 50.00000 74195.31578
21.00000 51.00000 74195.51915
21.00000 52.00000 74200.33016
21.00000 53.00000 74202.52498
21.00000 54.00000 74201.60799
21.00000 55.00000 74199.81601
21.00000 56.00000 74202.95682
21.00000 57.00000 74213.89109
21.00000 58.00000 74232.86960
21.00000 59.00000 74243.93453
21.00000 60.00000 74255.05165
21.00000 61.00000 74257.07301
21.00000 62.00000 74251.75442
21.00000 63.00000 74241.20273
21.00000 64.00000 74231.34712
21.00000 65.00000 74228.28951
21.00000 66.00000 74234.00880
21.00000 67.00000 74232.56257
21.00000 68.00000 74231.10262
21.00000 69.00000 74233.29273
21.00000 70.00000 74227.37204
22.00000 25.00000 74213.12318
22.00000 26.00000 74231.28405
22.00000 27.00000 74238.63530
22.00000 28.00000 74244.99533
22.00000 29.00000 74253.91365
22.00000 30.00000 74263.10644
22.00000 31.00000 74263.84161
22.00000 32.00000 74254.62366
22.00000 33.00000 74256.30994
22.00000 34.00000 74267.49395
22.00000 35.00000 74264.78952
22.00000 36.00000 74253.31485
22.00000 37.00000 74243.54321
22.00000 38.00000 74244.37889
22.00000 39.00000 74245.86758
22.00000 40.00000 74245.96895
22.00000 41.00000 74250.72554
22.00000 42.00000 74259.44566
22.00000 43.00000 74258.58602
22.00000 44.00000 74249.98950
22.00000 45.00000 74241.49216
22.00000 46.00000 74243.07942
22.00000 47.00000 74236.86775
22.00000 48.00000 74225.10547
22.00000 49.00000 74218.06905
22.00000 50.00000 74217.36163
22.00000 51.00000 74217.45429
22.00000 52.00000 74222.65765
22.00000 53.00000 74226.14480
22.00000 54.00000 74228.56998
22.00000 55.00000 74227.36375
22.00000 56.00000 74229.21239
22.00000 57.00000 74237.37670
22.00000 58.00000 74254.08143
22.00000 59.00000 74265.99083
22.00000 60.00000 74278.24031
22.00000 61.00000 74279.66284
22.00000 62.00000 74273.63674
22.00000 63.00000 74262.15376
22.00000 64.00000 74250.54204
22.00000 65.00000 74245.57816
22.00000 66.00000 74253.20487
22.00000 67.00000 74252.36961
22.00000 68.00000 74251.44777
22.00000 69.00000 74253.62981
22.00000 70.00000 74247.54442
23.00000 25.00000 74228.09814
23.00000 26.00000 74245.33147
23.00000 27.00000 74256.98693
23.00000 28.00000 74264.13731
23.00000 29.00000 74272.74707
23.00000 30.00000 74281.74044
23.00000 31.00000 74282.68067
23.00000 32.00000 74273.09463
23.00000 33.00000 74273.98017
23.00000 34.00000 74284.60188
23.00000 35.00000 74280.48925
23.00000 36.00000 74267.32273
23.00000 37.00000 74256.38561
23.00000 38.00000 74256.22345
23.00000 39.00000 74258.58257
23.00000 40.00000 74261.11407
23.00000 41.00000 74265.67450
23.00000 42.00000 74272.40204
23.00000 43.00000 74270.10572
23.00000 44.00000 74260.09667
23.00000 45.00000 74250.80456
23.00000 46.00000 74251.39203
23.00000 47.00000 74246.46204
23.00000 48.00000 74237.17867
23.00000 49.00000 74231.98578
23.00000 50.00000 74231.96071
23.00000 51.00000 74232.27818
23.00000 52.00000 74238.20363
23.00000 53.00000 74242.83360
23.00000 54.00000 74248.37486
23.00000 55.00000 74249.47704
23.00000 56.00000 74252.16392
23.00000 57.00000 74258.62579
23.00000 58.00000 74270.26072
23.00000 59.00000 74281.33058
23.00000 60.00000 74293.85323
23.00000 61.00000 74294.48011
23.00000 62.00000 74287.96057
23.00000 63.00000 74276.36798
23.00000 64.00000 74264.55935
23.00000 65.00000 74258.41434
23.00000 66.00000 74265.61543
23.00000 67.00000 74264.58245
23.00000 68.00000 74264.42364
23.00000 69.00000 74267.07437
23.00000 70.00000 74260.47730
24.00000 25.00000 74233.46916
24.00000 26.00000 74249.83386
24.00000 27.00000 74262.27512
24.00000 28.00000 74267.66139
24.00000 29.00000 74274.97659
24.00000 30.00000 74283.63388
24.00000 31.00000 74285.74467
24.00000 32.00000 74279.05264
24.00000 33.00000 74280.27279
24.00000 34.00000 74289.33041
24.00000 35.00000 74283.32141
24.00000 36.00000 74268.46428
24.00000 37.00000 74256.00702
24.00000 38.00000 74253.32487
24.00000 39.00000 74254.27151
24.00000 40.00000 74258.40971
24.00000 41.00000 74264.38137
24.00000 42.00000 74270.65802
24.00000 43.00000 74267.87927
24.00000 44.00000 74258.45328
24.00000 45.00000 74249.96361
24.00000 46.00000 74248.87477
24.00000 47.00000 74243.41874
24.00000 48.00000 74234.72644
24.00000 49.00000 74231.65424
24.00000 50.00000 74233.22936
24.00000 51.00000 74234.36364
24.00000 52.00000 74240.95388
24.00000 53.00000 74246.32868
24.00000 54.00000 74251.99068
24.00000 55.00000 74253.25788
24.00000 56.00000 74257.32869
24.00000 57.00000 74265.18095
24.00000 58.00000 74275.31486
24.00000 59.00000 74282.58485
24.00000 60.00000 74294.09449
24.00000 61.00000 74296.01604
24.00000 62.00000 74288.74363
24.00000 63.00000 74276.40967
24.00000 64.00000 74265.25204
24.00000 65.00000 74260.45530
24.00000 66.00000 74266.47667
24.00000 67.00000 74264.24997
24.00000 68.00000 74264.14920
24.00000 69.00000 74267.67390
24.00000 70.00000 74260.14927
25.00000 25.00000 74241.61225
25.00000 26.00000 74261.51104
25.00000 27.00000 74273.68267
25.00000 28.00000 74275.02519
25.00000 29.00000 74280.36705
25.00000 30.00000 74288.86895
25.00000 31.00000 74290.84791
25.00000 32.00000 74284.16349
25.00000 33.00000 74286.69677
25.00000 34.00000 74297.19729
25.00000 35.00000 74290.13476
25.00000 36.00000 74273.13105
25.00000 37.00000 74259.49835
25.00000 38.00000 74257.11477
25.00000 39.00000 74257.99887
25.00000 40.00000 74261.72059
25.00000 41.00000 74269.05347
25.00000 42.00000 74276.75004
25.00000 43.00000 74273.40070
25.00000 44.00000 74262.74976
25.00000 45.00000 74253.50285
25.00000 46.00000 74252.81492
25.00000 47.00000 74247.77087
25.00000 48.00000 74239.00211
25.00000 49.00000 74235.84815
25.00000 50.00000 74239.40848
25.00000 51.00000 74242.35885
25.00000 52.00000 74249.79775
25.00000 53.00000 74254.97241
25.00000 54.00000 74260.10467
25.00000 55.00000 74259.20380
25.00000 56.00000 74262.14531
25.00000 57.00000 74270.31305
25.00000 58.00000 74282.70265
25.00000 59.00000 74289.81351
25.00000 60.00000 74300.66196
25.00000 61.00000 74301.98438
25.00000 62.00000 74294.62710
25.00000 63.00000 74281.26636
25.00000 64.00000 74268.94468
25.00000 65.00000 74264.20206
25.00000 66.00000 74271.46295
25.00000 67.00000 74269.94402
25.00000 68.00000 74271.11209
25.00000 69.00000 74275.54423
25.00000 70.00000 74268.12419
26.00000 25.00000 74257.23265
26.00000 26.00000 74280.50018
26.00000 27.00000 74287.44938
26.00000 28.00000 74285.03267
26.00000 29.00000 74290.16914
26.00000 30.00000 74299.95055
26.00000 31.00000 74300.89660
26.00000 32.00000 74290.95418
26.00000 33.00000 74292.29710
26.00000 34.00000 74302.99825
26.00000 35.00000 74296.13326
26.00000 36.00000 74278.18194
26.00000 37.00000 74264.31338
26.00000 38.00000 74263.65184
26.00000 39.00000 74265.32466
26.00000 40.00000 74267.36958
26.00000 41.00000 74274.46315
26.00000 42.00000 74284.75217
26.00000 43.00000 74281.74199
26.00000 44.00000 74268.64097
26.00000 45.00000 74256.97458
26.00000 46.00000 74257.09522
26.00000 47.00000 74252.82549
26.00000 48.00000 74244.08340
26.00000 49.00000 74239.36783
26.00000 50.00000 74243.99796
26.00000 51.00000 74248.56049
26.00000 52.00000 74257.28285
26.00000 53.00000 74262.60292
26.00000 54.00000 74267.71300
26.00000 55.00000 74264.70619
26.00000 56.00000 74266.01645
26.00000 57.00000 74273.14713
26.00000 58.00000 74287.47029
26.00000 59.00000 74295.29224
26.00000 60.00000 74305.67553
26.00000 61.00000 74305.60658
26.00000 62.00000 74300.30752
26.00000 63.00000 74286.85190
26.00000 64.00000 74273.25124
26.00000 65.00000 74267.37145
26.00000 66.00000 74275.73696
26.00000 67.00000 74275.21661
26.00000 68.00000 74277.79764
26.00000 69.00000 74282.87070
26.00000 70.00000 74276.84096
27.00000 25.00000 74267.06233
27.00000 26.00000 74285.99350
27.00000 27.00000 74293.30746
27.00000 28.00000 74291.98788
27.00000 29.00000 74297.77753
27.00000 30.00000 74308.17365
27.00000 31.00000 74308.62522
27.00000 32.00000 74295.12409
27.00000 33.00000 74292.59288
27.00000 34.00000 74300.51502
27.00000 35.00000 74295.46055
27.00000 36.00000 74279.29277
27.00000 37.00000 74265.91679
27.00000 38.00000 74265.16517
27.00000 39.00000 74266.89884
27.00000 40.00000 74267.52095
27.00000 41.00000 74272.65633
27.00000 42.00000 74283.72479
27.00000 43.00000 74282.65954
27.00000 44.00000 74268.67962
27.00000 45.00000 74254.46211
27.00000 46.00000 74253.21866
27.00000 47.00000 74249.30466
27.00000 48.00000 74241.11106
27.00000 49.00000 74235.70789
27.00000 50.00000 74240.73237
27.00000 51.00000 74246.48804
27.00000 52.00000 74256.70973
27.00000 53.00000 74262.64281
27.00000 54.00000 74267.00289
27.00000 55.00000 74263.51900
27.00000 56.00000 74265.28506
27.00000 57.00000 74272.07498
27.00000 58.00000 74285.80613
27.00000 59.00000 74293.24329
27.00000 60.00000 74302.65911
27.00000 61.00000 74301.40922
27.00000 62.00000 74298.29681
27.00000 63.00000 74285.97327
27.00000 64.00000 74273.11955
27.00000 65.00000 74266.89016
27.00000 66.00000 74274.61398
27.00000 67.00000 74273.64733
27.00000 68.00000 74276.25816
27.00000 69.00000 74281.65491
27.00000 70.00000 74276.76188
28.00000 25.00000 74273.34906
28.00000 26.00000 74291.23294
28.00000 27.00000 74300.22069
28.00000 28.00000 74300.90234
28.00000 29.00000 74305.41755
28.00000 30.00000 74315.07942
28.00000 31.00000 74315.89674
28.00000 32.00000 74303.54562
28.00000 33.00000 74299.39442
28.00000 34.00000 74303.44959
28.00000 35.00000 74297.07885
28.00000 36.00000 74282.96959
28.00000 37.00000 74270.36497
28.00000 38.00000 74268.87744
28.00000 39.00000 74270.31302
28.00000 40.00000 74270.94118
28.00000 41.00000 74275.27003
28.00000 42.00000 74285.02591
28.00000 43.00000 74284.79363
28.00000 44.00000 74271.54554
28.00000 45.00000 74256.08888
28.00000 46.00000 74253.30938
28.00000 47.00000 74249.43037
28.00000 48.00000 74242.39468
28.00000 49.00000 74238.42012
28.00000 50.00000 74244.13024
28.00000 51.00000 74250.07176
28.00000 52.00000 74260.14562
28.00000 53.00000 74266.75948
28.00000 54.00000 74270.54226
28.00000 55.00000 74267.56609
28.00000 56.00000 74267.64627
28.00000 57.00000 74274.04185
28.00000 58.00000 74288.13341
28.00000 59.00000 74296.51781
28.00000 60.00000 74305.79777
28.00000 61.00000 74304.66923
28.00000 62.00000 74302.64829
28.00000 63.00000 74291.08937
28.00000 64.00000 74278.78825
28.00000 65.00000 74272.76720
28.00000 66.00000 74280.15256
28.00000 67.00000 74277.93683
28.00000 68.00000 74277.49369
28.00000 69.00000 74281.33714
28.00000 70.00000 74276.16896
29.00000 25.00000 74275.93994
29.00000 26.00000 74294.52551
29.00000 27.00000 74301.66060
29.00000 28.00000 74301.38574
29.00000 29.00000 74307.34846
29.00000 30.00000 74316.22802
29.00000 31.00000 74315.70533
29.00000 32.00000 74304.67325
29.00000 33.00000 74302.47793
29.00000 34.00000 74306.26264
29.00000 35.00000 74296.52555
29.00000 36.00000 74281.22420
29.00000 37.00000 74268.96931
29.00000 38.00000 74268.51983
29.00000 39.00000 74270.62083
29.00000 40.00000 74272.08598
29.00000 41.00000 74276.84675
29.00000 42.00000 74285.67988
29.00000 43.00000 74283.73671
29.00000 44.00000 74269.65949
29.00000 45.00000 74254.33942
29.00000 46.00000 74252.44588
29.00000 47.00000 74249.04384
29.00000 48.00000 74242.95335
29.00000 49.00000 74240.75253
29.00000 50.00000 74247.51637
29.00000 51.00000 74253.33445
29.00000 52.00000 74262.46367
29.00000 53.00000 74267.98878
29.00000 54.00000 74270.98312
29.00000 55.00000 74269.73774
29.00000 56.00000 74270.34239
29.00000 57.00000 74275.71113
29.00000 58.00000 74289.23204
29.00000 59.00000 74298.60719
29.00000 60.00000 74308.31793
29.00000 61.00000 74307.62152
29.00000 62.00000 74306.57529
29.00000 63.00000 74295.67692
29.00000 64.00000 74283.75843
29.00000 65.00000 74277.36169
29.00000 66.00000 74284.58732
29.00000 67.00000 74283.00930
29.00000 68.00000 74281.71041
29.00000 69.00000 74283.78106
29.00000 70.00000 74277.07365
30.00000 25.00000 74274.16467
30.00000 26.00000 74295.58414
30.00000 27.00000 74302.43923
30.00000 28.00000 74301.36368
30.00000 29.00000 74306.58179
30.00000 30.00000 74315.10301
30.00000 31.00000 74311.28887
30.00000 32.00000 74299.42920
30.00000 33.00000 74300.25757
30.00000 34.00000 74308.27942
30.00000 35.00000 74295.69250
30.00000 36.00000 74277.70547
30.00000 37.00000 74265.71716
30.00000 38.00000 74266.97733
30.00000 39.00000 74269.62527
30.00000 40.00000 74271.75634
30.00000 41.00000 74277.17520
30.00000 42.00000 74285.27760
30.00000 43.00000 74280.57704
30.00000 44.00000 74264.89354
30.00000 45.00000 74251.42948
30.00000 46.00000 74252.77187
30.00000 47.00000 74250.00981
30.00000 48.00000 74244.42704
30.00000 49.00000 74244.15002
30.00000 50.00000 74252.03549
30.00000 51.00000 74256.92903
30.00000 52.00000 74264.80506
30.00000 53.00000 74268.87362
30.00000 54.00000 74271.22784
30.00000 55.00000 74271.36991
30.00000 56.00000 74274.22699
30.00000 57.00000 74280.64644
30.00000 58.00000 74293.19767
30.00000 59.00000 74301.50325
30.00000 60.00000 74310.68319
30.00000 61.00000 74310.56215
30.00000 62.00000 74310.36965
30.00000 63.00000 74300.09001
30.00000 64.00000 74289.12815
30.00000 65.00000 74282.82272
30.00000 66.00000 74289.48710
30.00000 67.00000 74287.71996
30.00000 68.00000 74286.56394
30.00000 69.00000 74288.50201
30.00000 70.00000 74280.62462
31.00000 25.00000 74264.56278
31.00000 26.00000 74284.21701
31.00000 27.00000 74295.09307
31.00000 28.00000 74296.50174
31.00000 29.00000 74299.51244
31.00000 30.00000 74303.53550
31.00000 31.00000 74299.09185
31.00000 32.00000 74285.77547
31.00000 33.00000 74286.41354
31.00000 34.00000 74298.58586
31.00000 35.00000 74289.70184
31.00000 36.00000 74271.34824
31.00000 37.00000 74258.47873
31.00000 38.00000 74258.41530
31.00000 39.00000 74260.07569
31.00000 40.00000 74261.73837
31.00000 41.00000 74266.36637
31.00000 42.00000 74273.29829
31.00000 43.00000 74268.08854
31.00000 44.00000 74253.09829
31.00000 45.00000 74242.01337
31.00000 46.00000 74246.14801
31.00000 47.00000 74244.74458
31.00000 48.00000 74239.26571
31.00000 49.00000 74239.71186
31.00000 50.00000 74247.37595
31.00000 51.00000 74252.17371
31.00000 52.00000 74259.10595
31.00000 53.00000 74261.56501
31.00000 54.00000 74262.31926
31.00000 55.00000 74263.17442
31.00000 56.00000 74268.09820
31.00000 57.00000 74276.21657
31.00000 58.00000 74289.20420
31.00000 59.00000 74296.57712
31.00000 60.00000 74304.53121
31.00000 61.00000 74304.06178
31.00000 62.00000 74302.85389
31.00000 63.00000 74293.30410
31.00000 64.00000 74283.98256
31.00000 65.00000 74278.49355
31.00000 66.00000 74284.59574
31.00000 67.00000 74282.37950
31.00000 68.00000 74281.33196
31.00000 69.00000 74283.45748
31.00000 70.00000 74274.90899
32.00000 25.00000 74253.11335
32.00000 26.00000 74269.85282
32.00000 27.00000 74281.23029
32.00000 28.00000 74285.55913
32.00000 29.00000 74286.85958
32.00000 30.00000 74287.67257
32.00000 31.00000 74283.85133
32.00000 32.00000 74272.76074
32.00000 33.00000 74273.15786
32.00000 34.00000 74284.86158
32.00000 35.00000 74279.06628
32.00000 36.00000 74262.58755
32.00000 37.00000 74249.69881
32.00000 38.00000 74247.25755
32.00000 39.00000 74247.13410
32.00000 40.00000 74249.58711
32.00000 41.00000 74254.85749
32.00000 42.00000 74261.80523
32.00000 43.00000 74257.59871
32.00000 44.00000 74244.14408
32.00000 45.00000 74233.67938
32.00000 46.00000 74236.69870
32.00000 47.00000 74235.02338
32.00000 48.00000 74228.38384
32.00000 49.00000 74228.21652
32.00000 50.00000 74234.17781
32.00000 51.00000 74238.99938
32.00000 52.00000 74246.55256
32.00000 53.00000 74249.85044
32.00000 54.00000 74249.64336
32.00000 55.00000 74250.45735
32.00000 56.00000 74256.93973
32.00000 57.00000 74267.92117
32.00000 58.00000 74282.68527
32.00000 59.00000 74289.67102
32.00000 60.00000 74296.79188
32.00000 61.00000 74295.72513
32.00000 62.00000 74291.21819
32.00000 63.00000 74279.61779
32.00000 64.00000 74269.68238
32.00000 65.00000 74265.15489
32.00000 66.00000 74270.40722
32.00000 67.00000 74268.99542
32.00000 68.00000 74269.71501
32.00000 69.00000 74273.62810
32.00000 70.00000 74264.02225
33.00000 25.00000 74246.18586
33.00000 26.00000 74261.38453
33.00000 27.00000 74271.39146
33.00000 28.00000 74276.80781
33.00000 29.00000 74278.17605
33.00000 30.00000 74276.23184
33.00000 31.00000 74269.04042
33.00000 32.00000 74258.46146
33.00000 33.00000 74259.49980
33.00000 34.00000 74272.30367
33.00000 35.00000 74268.46882
33.00000 36.00000 74253.89816
33.00000 37.00000 74241.57073
33.00000 38.00000 74239.05769
33.00000 39.00000 74238.28566
33.00000 40.00000 74240.84823
33.00000 41.00000 74246.92459
33.00000 42.00000 74254.92134
33.00000 43.00000 74252.00078
33.00000 44.00000 74240.46723
33.00000 45.00000 74230.27342
33.00000 46.00000 74231.24093
33.00000 47.00000 74228.66560
33.00000 48.00000 74220.84333
33.00000 49.00000 74218.57785
33.00000 50.00000 74222.33830
33.00000 51.00000 74227.32665
33.00000 52.00000 74236.19226
33.00000 53.00000 74241.05626
33.00000 54.00000 74241.34225
33.00000 55.00000 74242.56771
33.00000 56.00000 74249.19780
33.00000 57.00000 74260.57214
33.00000 58.00000 74276.22594
33.00000 59.00000 74284.89212
33.00000 60.00000 74292.71426
33.00000 61.00000 74291.03139
33.00000 62.00000 74284.51661
33.00000 63.00000 74272.13830
33.00000 64.00000 74260.95904
33.00000 65.00000 74255.10764
33.00000 66.00000 74259.02391
33.00000 67.00000 74258.89144
33.00000 68.00000 74261.33541
33.00000 69.00000 74266.73226
33.00000 70.00000 74257.71657
34.00000 25.00000 74244.16461
34.00000 26.00000 74258.02643
34.00000 27.00000 74265.47515
34.00000 28.00000 74270.35411
34.00000 29.00000 74273.30698
34.00000 30.00000 74273.17078
34.00000 31.00000 74262.54058
34.00000 32.00000 74248.96065
34.00000 33.00000 74247.85070
34.00000 34.00000 74262.12400
34.00000 35.00000 74259.24196
34.00000 36.00000 74244.48446
34.00000 37.00000 74231.05530
34.00000 38.00000 74230.40634
34.00000 39.00000 74232.08311
34.00000 40.00000 74235.43812
34.00000 41.00000 74242.14503
34.00000 42.00000 74252.01154
34.00000 43.00000 74250.73298
34.00000 44.00000 74240.41984
34.00000 45.00000 74229.71224
34.00000 46.00000 74228.05663
34.00000 47.00000 74223.21331
34.00000 48.00000 74215.80347
34.00000 49.00000 74212.78753
34.00000 50.00000 74214.86911
34.00000 51.00000 74219.32396
34.00000 52.00000 74229.57121
34.00000 53.00000 74235.51031
34.00000 54.00000 74237.67427
34.00000 55.00000 74239.90121
34.00000 56.00000 74246.61214
34.00000 57.00000 74257.24746
34.00000 58.00000 74272.12464
34.00000 59.00000 74281.36506
34.00000 60.00000 74289.42052
34.00000 61.00000 74287.40436
34.00000 62.00000 74281.27616
34.00000 63.00000 74269.32427
34.00000 64.00000 74258.16289
34.00000 65.00000 74251.46303
34.00000 66.00000 74254.99430
34.00000 67.00000 74255.23504
34.00000 68.00000 74257.99891
34.00000 69.00000 74263.73770
34.00000 70.00000 74257.62962
35.00000 25.00000 74242.78887
35.00000 26.00000 74253.24795
35.00000 27.00000 74258.37727
35.00000 28.00000 74263.60140
35.00000 29.00000 74267.22070
35.00000 30.00000 74268.73405
35.00000 31.00000 74260.53284
35.00000 32.00000 74246.30374
35.00000 33.00000 74242.51545
35.00000 34.00000 74251.12971
35.00000 35.00000 74249.21243
35.00000 36.00000 74236.56267
35.00000 37.00000 74222.15281
35.00000 38.00000 74218.30056
35.00000 39.00000 74221.92059
35.00000 40.00000 74227.91252
35.00000 41.00000 74235.89098
35.00000 42.00000 74247.49031
35.00000 43.00000 74248.13403
35.00000 44.00000 74239.21899
35.00000 45.00000 74228.19922
35.00000 46.00000 74223.86971
35.00000 47.00000 74217.05235
35.00000 48.00000 74210.66107
35.00000 49.00000 74208.77885
35.00000 50.00000 74210.00770
35.00000 51.00000 74213.40260
35.00000 52.00000 74223.69884
35.00000 53.00000 74229.58611
35.00000 54.00000 74232.74478
35.00000 55.00000 74235.97170
35.00000 56.00000 74243.76063
35.00000 57.00000 74254.66939
35.00000 58.00000 74267.89248
35.00000 59.00000 74276.57072
35.00000 60.00000 74284.45833
35.00000 61.00000 74282.27026
35.00000 62.00000 74276.45104
35.00000 63.00000 74265.38960
35.00000 64.00000 74255.64097
35.00000 65.00000 74249.72809
35.00000 66.00000 74253.21976
35.00000 67.00000 74253.13710
35.00000 68.00000 74254.62295
35.00000 69.00000 74259.58476
35.00000 70.00000 74255.72065
36.00000 25.00000 74228.87837
36.00000 26.00000 74237.31289
36.00000 27.00000 74240.18696
36.00000 28.00000 74243.98099
36.00000 29.00000 74247.16984
36.00000 30.00000 74248.52210
36.00000 31.00000 74241.81488
36.00000 32.00000 74230.36800
36.00000 33.00000 74227.57317
36.00000 34.00000 74234.68417
36.00000 35.00000 74231.06264
36.00000 36.00000 74220.56326
36.00000 37.00000 74208.55812
36.00000 38.00000 74203.68722
36.00000 39.00000 74205.82179
36.00000 40.00000 74209.54555
36.00000 41.00000 74218.34733
36.00000 42.00000 74231.21851
36.00000 43.00000 74233.45293
36.00000 44.00000 74226.96158
36.00000 45.00000 74217.86126
36.00000 46.00000 74212.36936
36.00000 47.00000 74203.83461
36.00000 48.00000 74194.96937
36.00000 49.00000 74194.43920
36.00000 50.00000 74197.69248
36.00000 51.00000 74201.31435
36.00000 52.00000 74210.18333
36.00000 53.00000 74216.27891
36.00000 54.00000 74219.91991
36.00000 55.00000 74222.34944
36.00000 56.00000 74229.92262
36.00000 57.00000 74242.22433
36.00000 58.00000 74256.23716
36.00000 59.00000 74263.57216
36.00000 60.00000 74269.92280
36.00000 61.00000 74267.82750
36.00000 62.00000 74261.08367
36.00000 63.00000 74249.92965
36.00000 64.00000 74240.48699
36.00000 65.00000 74236.89252
36.00000 66.00000 74241.57542
36.00000 67.00000 74241.74395
36.00000 68.00000 74241.89716
36.00000 69.00000 74245.87746
36.00000 70.00000 74242.17865
37.00000 25.00000 74214.33352
37.00000 26.00000 74224.39605
37.00000 27.00000 74226.15384
37.00000 28.00000 74227.61234
37.00000 29.00000 74230.73610
37.00000 30.00000 74232.50020
37.00000 31.00000 74225.30892
37.00000 32.00000 74214.33171
37.00000 33.00000 74213.71210
37.00000 34.00000 74223.36197
37.00000 35.00000 74218.43132
37.00000 36.00000 74208.01764
37.00000 37.00000 74198.12138
37.00000 38.00000 74195.15016
37.00000 39.00000 74198.12100
37.00000 40.00000 74200.15850
37.00000 41.00000 74206.01999
37.00000 42.00000 74217.89096
37.00000 43.00000 74221.11093
37.00000 44.00000 74215.92894
37.00000 45.00000 74208.08699
37.00000 46.00000 74203.54537
37.00000 47.00000 74195.60778
37.00000 48.00000 74185.51343
37.00000 49.00000 74183.83874
37.00000 50.00000 74187.72463
37.00000 51.00000 74192.18051
37.00000 52.00000 74200.95791
37.00000 53.00000 74207.28988
37.00000 54.00000 74211.47285
37.00000 55.00000 74212.31347
37.00000 56.00000 74218.07038
37.00000 57.00000 74229.51371
37.00000 58.00000 74244.94233
37.00000 59.00000 74253.45058
37.00000 60.00000 74259.76613
37.00000 61.00000 74257.15081
37.00000 62.00000 74249.21105
37.00000 63.00000 74237.92597
37.00000 64.00000 74227.78610
37.00000 65.00000 74224.18464
37.00000 66.00000 74230.92916
37.00000 67.00000 74232.40389
37.00000 68.00000 74233.99570
37.00000 69.00000 74238.28887
37.00000 70.00000 74233.89404
38.00000 25.00000 74206.42491
38.00000 26.00000 74220.01211
38.00000 27.00000 74222.74206
38.00000 28.00000 74221.57228
38.00000 29.00000 74225.15095
38.00000 30.00000 74228.87773
38.00000 31.00000 74221.10367
38.00000 32.00000 74206.56484
38.00000 33.00000 74205.81942
38.00000 34.00000 74220.37222
38.00000 35.00000 74218.05508
38.00000 36.00000 74207.56998
38.00000 37.00000 74200.65498
38.00000 38.00000 74203.38538
38.00000 39.00000 74206.21030
38.00000 40.00000 74207.96601
38.00000 41.00000 74213.15172
38.00000 42.00000 74219.36328
38.00000 43.00000 74219.48243
38.00000 44.00000 74214.41013
38.00000 45.00000 74206.94188
38.00000 46.00000 74205.05616
38.00000 47.00000 74197.45123
38.00000 48.00000 74186.68600
38.00000 49.00000 74183.58284
38.00000 50.00000 74188.25236
38.00000 51.00000 74193.18332
38.00000 52.00000 74202.44571
38.00000 53.00000 74209.07280
38.00000 54.00000 74214.02059
38.00000 55.00000 74211.34131
38.00000 56.00000 74213.03706
38.00000 57.00000 74221.30798
38.00000 58.00000 74237.48542
38.00000 59.00000 74248.65387
38.00000 60.00000 74257.58929
38.00000 61.00000 74255.16508
38.00000 62.00000 74248.14543
38.00000 63.00000 74236.62992
38.00000 64.00000 74224.96132
38.00000 65.00000 74219.70100
38.00000 66.00000 74229.73005
38.00000 67.00000 74231.19282
38.00000 68.00000 74234.12876
38.00000 69.00000 74240.07339
38.00000 70.00000 74235.12153
39.00000 25.00000 74192.94894
39.00000 26.00000 74207.54727
39.00000 27.00000 74213.16697
39.00000 28.00000 74211.35639
39.00000 29.00000 74214.58769
39.00000 30.00000 74219.93969
39.00000 31.00000 74213.66413
39.00000 32.00000 74196.65815
39.00000 33.00000 74194.11883
39.00000 34.00000 74208.08380
39.00000 35.00000 74209.12630
39.00000 36.00000 74200.21656
39.00000 37.00000 74194.36831
39.00000 38.00000 74200.76668
39.00000 39.00000 74206.72184
39.00000 40.00000 74206.72016
39.00000 41.00000 74210.90044
39.00000 42.00000 74217.58410
39.00000 43.00000 74213.94771
39.00000 44.00000 74207.44551
39.00000 45.00000 74199.49518
39.00000 46.00000 74199.20258
39.00000 47.00000 74191.81612
39.00000 48.00000 74180.24136
39.00000 49.00000 74175.83105
39.00000 50.00000 74181.52826
39.00000 51.00000 74186.79195
39.00000 52.00000 74196.16854
39.00000 53.00000 74202.68642
39.00000 54.00000 74207.53339
39.00000 55.00000 74201.69895
39.00000 56.00000 74200.38517
39.00000 57.00000 74206.29401
39.00000 58.00000 74220.70471
39.00000 59.00000 74232.48248
39.00000 60.00000 74244.96561
39.00000 61.00000 74244.03012
39.00000 62.00000 74239.20537
39.00000 63.00000 74228.59969
39.00000 64.00000 74216.54295
39.00000 65.00000 74210.13548
39.00000 66.00000 74222.26505
39.00000 67.00000 74222.52147
39.00000 68.00000 74225.38745
39.00000 69.00000 74232.59276
39.00000 70.00000 74228.04855
40.00000 25.00000 74182.68838
40.00000 26.00000 74196.70792
40.00000 27.00000 74205.24590
40.00000 28.00000 74204.32047
40.00000 29.00000 74206.05508
40.00000 30.00000 74211.55481
40.00000 31.00000 74207.74156
40.00000 32.00000 74191.86464
40.00000 33.00000 74187.69329
40.00000 34.00000 74199.25741
40.00000 35.00000 74200.35865
40.00000 36.00000 74192.35359
40.00000 37.00000 74185.65774
40.00000 38.00000 74191.01632
40.00000 39.00000 74197.73784
40.00000 40.00000 74200.22700
40.00000 41.00000 74204.30121
40.00000 42.00000 74211.03065
40.00000 43.00000 74207.96272
40.00000 44.00000 74197.61149
40.00000 45.00000 74190.41254
40.00000 46.00000 74192.36100
40.00000 47.00000 74185.74024
40.00000 48.00000 74172.42519
40.00000 49.00000 74165.98399
40.00000 50.00000 74171.51626
40.00000 51.00000 74176.95688
40.00000 52.00000 74186.41792
40.00000 53.00000 74192.69796
40.00000 54.00000 74195.64712
40.00000 55.00000 74186.67830
40.00000 56.00000 74182.00609
40.00000 57.00000 74186.93225
40.00000 58.00000 74200.38573
40.00000 59.00000 74211.45215
40.00000 60.00000 74228.62817
40.00000 61.00000 74231.57188
40.00000 62.00000 74228.04770
40.00000 63.00000 74217.88526
40.00000 64.00000 74206.81734
40.00000 65.00000 74201.25138
40.00000 66.00000 74215.46470
40.00000 67.00000 74214.86289
40.00000 68.00000 74214.77164
40.00000 69.00000 74221.30110
40.00000 70.00000 74216.25167
41.00000 25.00000 74182.33115
41.00000 26.00000 74195.88587
41.00000 27.00000 74204.32287
41.00000 28.00000 74203.11322
41.00000 29.00000 74203.40499
41.00000 30.00000 74207.85905
41.00000 31.00000 74204.51376
41.00000 32.00000 74190.49048
41.00000 33.00000 74186.77857
41.00000 34.00000 74197.80862
41.00000 35.00000 74199.14373
41.00000 36.00000 74191.57892
41.00000 37.00000 74184.43534
41.00000 38.00000 74189.06132
41.00000 39.00000 74194.40899
41.00000 40.00000 74197.61616
41.00000 41.00000 74203.55244
41.00000 42.00000 74209.50208
41.00000 43.00000 74206.60692
41.00000 44.00000 74194.10993
41.00000 45.00000 74184.75619
41.00000 46.00000 74189.19189
41.00000 47.00000 74184.16872
41.00000 48.00000 74170.89228
41.00000 49.00000 74163.53459
41.00000 50.00000 74168.73966
41.00000 51.00000 74174.55319
41.00000 52.00000 74184.30537
41.00000 53.00000 74190.19900
41.00000 54.00000 74191.35704
41.00000 55.00000 74181.41553
41.00000 56.00000 74176.92181
41.00000 57.00000 74180.28125
41.00000 58.00000 74192.24691
41.00000 59.00000 74203.76400
41.00000 60.00000 74222.30649
41.00000 61.00000 74226.96247
41.00000 62.00000 74224.54247
41.00000 63.00000 74214.84048
41.00000 64.00000 74204.30157
41.00000 65.00000 74199.06594
41.00000 66.00000 74214.17345
41.00000 67.00000 74214.85416
41.00000 68.00000 74214.75798
41.00000 69.00000 74220.25418
41.00000 70.00000 74214.41895
42.00000 25.00000 74185.44313
42.00000 26.00000 74199.59774
42.00000 27.00000 74205.22019
42.00000 28.00000 74202.38789
42.00000 29.00000 74201.58683
42.00000 30.00000 74204.48739
42.00000 31.00000 74200.64330
42.00000 32.00000 74187.68944
42.00000 33.00000 74185.50875
42.00000 34.00000 74197.91427
42.00000 35.00000 74200.46047
42.00000 36.00000 74193.37481
42.00000 37.00000 74186.45546
42.00000 38.00000 74191.52645
42.00000 39.00000 74194.53968
42.00000 40.00000 74196.94353
42.00000 41.00000 74203.87563
42.00000 42.00000 74211.82447
42.00000 43.00000 74205.82480
42.00000 44.00000 74191.70391
42.00000 45.00000 74178.99349
42.00000 46.00000 74185.15267
42.00000 47.00000 74182.98321
42.00000 48.00000 74171.18055
42.00000 49.00000 74164.05522
42.00000 50.00000 74168.70278
42.00000 51.00000 74174.76509
42.00000 52.00000 74184.87519
42.00000 53.00000 74190.36358
42.00000 54.00000 74192.03784
42.00000 55.00000 74183.24664
42.00000 56.00000 74180.46232
42.00000 57.00000 74183.79124
42.00000 58.00000 74193.61126
42.00000 59.00000 74203.80629
42.00000 60.00000 74220.67264
42.00000 61.00000 74224.86406
42.00000 62.00000 74224.58608
42.00000 63.00000 74216.08065
42.00000 64.00000 74205.57108
42.00000 65.00000 74200.29845
42.00000 66.00000 74215.78926
42.00000 67.00000 74218.99553
42.00000 68.00000 74221.25005
42.00000 69.00000 74226.09617
42.00000 70.00000 74219.53658
43.00000 25.00000 74188.85096
43.00000 26.00000 74202.65807
43.00000 27.00000 74205.18591
43.00000 28.00000 74201.02125
43.00000 29.00000 74200.33916
43.00000 30.00000 74202.83001
43.00000 31.00000 74198.96217
43.00000 32.00000 74187.21064
43.00000 33.00000 74186.12635
43.00000 34.00000 74198.75721
43.00000 35.00000 74201.83496
43.00000 36.00000 74195.72926
43.00000 37.00000 74189.53480
43.00000 38.00000 74193.75484
43.00000 39.00000 74195.48872
43.00000 40.00000 74195.28203
43.00000 41.00000 74202.64970
43.00000 42.00000 74210.39309
43.00000 43.00000 74207.88240
43.00000 44.00000 74192.02451
43.00000 45.00000 74178.45465
43.00000 46.00000 74183.42627
43.00000 47.00000 74182.66093
43.00000 48.00000 74173.14013
43.00000 49.00000 74166.47782
43.00000 50.00000 74169.21253
43.00000 51.00000 74173.92376
43.00000 52.00000 74184.04851
43.00000 53.00000 74189.77254
43.00000 54.00000 74192.37047
43.00000 55.00000 74184.85276
43.00000 56.00000 74182.12072
43.00000 57.00000 74186.20011
43.00000 58.00000 74196.29398
43.00000 59.00000 74204.65041
43.00000 60.00000 74219.27783
43.00000 61.00000 74223.56068
43.00000 62.00000 74224.82555
43.00000 63.00000 74217.41589
43.00000 64.00000 74207.44346
43.00000 65.00000 74202.56635
43.00000 66.00000 74217.15811
43.00000 67.00000 74220.83835
43.00000 68.00000 74224.01857
43.00000 69.00000 74228.97603
43.00000 70.00000 74222.68205
44.00000 25.00000 74186.52075
44.00000 26.00000 74198.35749
44.00000 27.00000 74198.19348
44.00000 28.00000 74192.98344
44.00000 29.00000 74193.05837
44.00000 30.00000 74196.54181
44.00000 31.00000 74193.33388
44.00000 32.00000 74183.66486
44.00000 33.00000 74183.63381
44.00000 34.00000 74195.10044
44.00000 35.00000 74197.50294
44.00000 36.00000 74192.56838
44.00000 37.00000 74187.65755
44.00000 38.00000 74191.33573
44.00000 39.00000 74193.43905
44.00000 40.00000 74190.38513
44.00000 41.00000 74196.18931
44.00000 42.00000 74206.15954
44.00000 43.00000 74203.31040
44.00000 44.00000 74190.39668
44.00000 45.00000 74178.22177
44.00000 46.00000 74182.90391
44.00000 47.00000 74180.51231
44.00000 48.00000 74171.56956
44.00000 49.00000 74165.30170
44.00000 50.00000 74165.88432
44.00000 51.00000 74168.68065
44.00000 52.00000 74177.86511
44.00000 53.00000 74184.45511
44.00000 54.00000 74189.05758
44.00000 55.00000 74184.61352
44.00000 56.00000 74181.07275
44.00000 57.00000 74184.56434
44.00000 58.00000 74196.98519
44.00000 59.00000 74205.38776
44.00000 60.00000 74216.36060
44.00000 61.00000 74219.73664
44.00000 62.00000 74221.88249
44.00000 63.00000 74215.00149
44.00000 64.00000 74204.83244
44.00000 65.00000 74199.49198
44.00000 66.00000 74212.56221
44.00000 67.00000 74215.83550
44.00000 68.00000 74219.45302
44.00000 69.00000 74225.01589
44.00000 70.00000 74219.65143
45.00000 25.00000 74184.25910
45.00000 26.00000 74194.06079
45.00000 27.00000 74191.61524
45.00000 28.00000 74186.06412
45.00000 29.00000 74187.77590
45.00000 30.00000 74193.48449
45.00000 31.00000 74190.45849
45.00000 32.00000 74181.83704
45.00000 33.00000 74182.47827
45.00000 34.00000 74192.53305
45.00000 35.00000 74192.26012
45.00000 36.00000 74186.54563
45.00000 37.00000 74181.30254
45.00000 38.00000 74183.71592
45.00000 39.00000 74185.26011
45.00000 40.00000 74182.32589
45.00000 41.00000 74186.79865
45.00000 42.00000 74198.74769
45.00000 43.00000 74197.42533
45.00000 44.00000 74186.54481
45.00000 45.00000 74177.27948
45.00000 46.00000 74182.54310
45.00000 47.00000 74179.13455
45.00000 48.00000 74170.32570
45.00000 49.00000 74163.61242
45.00000 50.00000 74162.59263
45.00000 51.00000 74163.52271
45.00000 52.00000 74170.58496
45.00000 53.00000 74175.88379
45.00000 54.00000 74180.93781
45.00000 55.00000 74178.59977
45.00000 56.00000 74176.25694
45.00000 57.00000 74178.75801
45.00000 58.00000 74192.04937
45.00000 59.00000 74202.14099
45.00000 60.00000 74212.49442
45.00000 61.00000 74214.80247
45.00000 62.00000 74217.47165
45.00000 63.00000 74210.24478
45.00000 64.00000 74199.60599
45.00000 65.00000 74193.50182
45.00000 66.00000 74205.49632
45.00000 67.00000 74208.90774
45.00000 68.00000 74213.11040
45.00000 69.00000 74219.26890
45.00000 70.00000 74215.25069
46.00000 25.00000 74176.12899
46.00000 26.00000 74182.91504
46.00000 27.00000 74179.73116
46.00000 28.00000 74174.60708
46.00000 29.00000 74179.10140
46.00000 30.00000 74189.99509
46.00000 31.00000 74189.90794
46.00000 32.00000 74180.38841
46.00000 33.00000 74179.07796
46.00000 34.00000 74186.34673
46.00000 35.00000 74181.93404
46.00000 36.00000 74174.06836
46.00000 37.00000 74166.57861
46.00000 38.00000 74167.60783
46.00000 39.00000 74169.10486
46.00000 40.00000 74166.27921
46.00000 41.00000 74168.77121
46.00000 42.00000 74179.95781
46.00000 43.00000 74182.27727
46.00000 44.00000 74175.26226
46.00000 45.00000 74167.50642
46.00000 46.00000 74174.38991
46.00000 47.00000 74170.95286
46.00000 48.00000 74163.00874
46.00000 49.00000 74154.98820
46.00000 50.00000 74155.17784
46.00000 51.00000 74154.87829
46.00000 52.00000 74159.44961
46.00000 53.00000 74161.20401
46.00000 54.00000 74165.07643
46.00000 55.00000 74163.28765
46.00000 56.00000 74161.89260
46.00000 57.00000 74163.41725
46.00000 58.00000 74174.00558
46.00000 59.00000 74185.40827
46.00000 60.00000 74198.77966
46.00000 61.00000 74201.81792
46.00000 62.00000 74205.06752
46.00000 63.00000 74198.66769
46.00000 64.00000 74188.89344
46.00000 65.00000 74182.17346
46.00000 66.00000 74193.12390
46.00000 67.00000 74197.08508
46.00000 68.00000 74201.77226
46.00000 69.00000 74208.26105
46.00000 70.00000 74206.27475
47.00000 25.00000 74162.59255
47.00000 26.00000 74167.69857
47.00000 27.00000 74166.48875
47.00000 28.00000 74162.85262
47.00000 29.00000 74168.56753
47.00000 30.00000 74181.83060
47.00000 31.00000 74184.70212
47.00000 32.00000 74175.53155
47.00000 33.00000 74171.71563
47.00000 34.00000 74175.56224
47.00000 35.00000 74167.65068
47.00000 36.00000 74157.67078
47.00000 37.00000 74148.47407
47.00000 38.00000 74147.76874
47.00000 39.00000 74149.43170
47.00000 40.00000 74148.52605
47.00000 41.00000 74151.47647
47.00000 42.00000 74159.78495
47.00000 43.00000 74162.16660
47.00000 44.00000 74158.88832
47.00000 45.00000 74152.88677
47.00000 46.00000 74158.00525
47.00000 47.00000 74154.29043
47.00000 48.00000 74147.97358
47.00000 49.00000 74140.58285
47.00000 50.00000 74141.13731
47.00000 51.00000 74141.57159
47.00000 52.00000 74145.62753
47.00000 53.00000 74145.84788
47.00000 54.00000 74148.12805
47.00000 55.00000 74146.25488
47.00000 56.00000 74146.09580
47.00000 57.00000 74148.68799
47.00000 58.00000 74157.41442
47.00000 59.00000 74167.13924
47.00000 60.00000 74182.09551
47.00000 61.00000 74187.45889
47.00000 62.00000 74188.39557
47.00000 63.00000 74181.78345
47.00000 64.00000 74174.16628
47.00000 65.00000 74169.45665
47.00000 66.00000 74178.99761
47.00000 67.00000 74182.56872
47.00000 68.00000 74186.91252
47.00000 69.00000 74193.45199
47.00000 70.00000 74192.20346
48.00000 25.00000 74131.92634
48.00000 26.00000 74137.05629
48.00000 27.00000 74139.04216
48.00000 28.00000 74136.25272
48.00000 29.00000 74141.52866
48.00000 30.00000 74155.40293
48.00000 31.00000 74160.56131
48.00000 32.00000 74154.11174
48.00000 33.00000 74148.77630
48.00000 34.00000 74148.93922
48.00000 35.00000 74138.52728
48.00000 36.00000 74124.55489
48.00000 37.00000 74112.78447
48.00000 38.00000 74109.96662
48.00000 39.00000 74110.99734
48.00000 40.00000 74112.38258
48.00000 41.00000 74118.06685
48.00000 42.00000 74124.92323
48.00000 43.00000 74124.86043
48.00000 44.00000 74120.18400
48.00000 45.00000 74116.30516
48.00000 46.00000 74120.55244
48.00000 47.00000 74117.68757
48.00000 48.00000 74115.66452
48.00000 49.00000 74112.97124
48.00000 50.00000 74115.21305
48.00000 51.00000 74114.64115
48.00000 52.00000 74115.98935
48.00000 53.00000 74115.18334
48.00000 54.00000 74115.79127
48.00000 55.00000 74113.53354
48.00000 56.00000 74115.36774
48.00000 57.00000 74121.40348
48.00000 58.00000 74130.10905
48.00000 59.00000 74136.12578
48.00000 60.00000 74148.05677
48.00000 61.00000 74155.28874
48.00000 62.00000 74155.50824
48.00000 63.00000 74146.99828
48.00000 64.00000 74140.60154
48.00000 65.00000 74140.50842
48.00000 66.00000 74150.57585
48.00000 67.00000 74154.48971
48.00000 68.00000 74158.65180
48.00000 69.00000 74164.89579
48.00000 70.00000 74163.31369
49.00000 25.00000 74121.05458
49.00000 26.00000 74128.95730
49.00000 27.00000 74133.78802
49.00000 28.00000 74131.59990
49.00000 29.00000 74134.85481
49.00000 30.00000 74146.29642
49.00000 31.00000 74149.99479
49.00000 32.00000 74145.14040
49.00000 33.00000 74140.43459
49.00000 34.00000 74139.77550
49.00000 35.00000 74129.21021
49.00000 36.00000 74114.36385
49.00000 37.00000 74100.42874
49.00000 38.00000 74095.81708
49.00000 39.00000 74096.10319
49.00000 40.00000 74098.77308
49.00000 41.00000 74106.53853
49.00000 42.00000 74114.58956
49.00000 43.00000 74114.75575
49.00000 44.00000 74108.00502
49.00000 45.00000 74102.57848
49.00000 46.00000 74104.31497
49.00000 47.00000 74101.43164
49.00000 48.00000 74100.26122
49.00000 49.00000 74100.90047
49.00000 50.00000 74104.75603
49.00000 51.00000 74105.08004
49.00000 52.00000 74105.72199
49.00000 53.00000 74104.32889
49.00000 54.00000 74103.39956
49.00000 55.00000 74102.33467
49.00000 56.00000 74106.13229
49.00000 57.00000 74114.15892
49.00000 58.00000 74124.35411
49.00000 59.00000 74131.33947
49.00000 60.00000 74141.53704
49.00000 61.00000 74146.11817
49.00000 62.00000 74144.11480
49.00000 63.00000 74134.79119
49.00000 64.00000 74127.61984
49.00000 65.00000 74127.71507
49.00000 66.00000 74138.03952
49.00000 67.00000 74144.01983
49.00000 68.00000 74149.61139
49.00000 69.00000 74155.69164
49.00000 70.00000 74152.95730
50.00000 25.00000 74136.19349
50.00000 26.00000 74151.29805
50.00000 27.00000 74159.17817
50.00000 28.00000 74156.79383
50.00000 29.00000 74157.77109
50.00000 30.00000 74164.74419
50.00000 31.00000 74162.57809
50.00000 32.00000 74154.59023
50.00000 33.00000 74152.03663
50.00000 34.00000 74155.92176
50.00000 35.00000 74146.41691
50.00000 36.00000 74132.49209
50.00000 37.00000 74120.17006
50.00000 38.00000 74116.31612
50.00000 39.00000 74114.72249
50.00000 40.00000 74116.41163
50.00000 41.00000 74124.99408
50.00000 42.00000 74135.64779
50.00000 43.00000 74136.38429
50.00000 44.00000 74128.79429
50.00000 45.00000 74121.08841
50.00000 46.00000 74121.28843
50.00000 47.00000 74116.97290
50.00000 48.00000 74113.93140
50.00000 49.00000 74113.96220
50.00000 50.00000 74119.92316
50.00000 51.00000 74120.84607
50.00000 52.00000 74123.60050
50.00000 53.00000 74124.39348
50.00000 54.00000 74124.29571
50.00000 55.00000 74122.89955
50.00000 56.00000 74126.61336
50.00000 57.00000 74134.17448
50.00000 58.00000 74146.62975
50.00000 59.00000 74156.34489
50.00000 60.00000 74167.50368
50.00000 61.00000 74170.06785
50.00000 62.00000 74165.88556
50.00000 63.00000 74155.28877
50.00000 64.00000 74145.99718
50.00000 65.00000 74143.23842
50.00000 66.00000 74152.98907
50.00000 67.00000 74158.41207
50.00000 68.00000 74165.90008
50.00000 69.00000 74174.18882
50.00000 70.00000 74171.91166
51.00000 25.00000 74162.38863
51.00000 26.00000 74182.04986
51.00000 27.00000 74192.36671
51.00000 28.00000 74190.26873
51.00000 29.00000 74189.41873
51.00000 30.00000 74192.85985
51.00000 31.00000 74187.29823
51.00000 32.00000 74175.34329
51.00000 33.00000 74173.38435
51.00000 34.00000 74180.65750
51.00000 35.00000 74173.54699
51.00000 36.00000 74160.46087
51.00000 37.00000 74151.16065
51.00000 38.00000 74151.38386
51.00000 39.00000 74150.38160
51.00000 40.00000 74148.19180
51.00000 41.00000 74155.24268
51.00000 42.00000 74166.16628
51.00000 43.00000 74165.29080
51.00000 44.00000 74155.70506
51.00000 45.00000 74147.21837
51.00000 46.00000 74148.54207
51.00000 47.00000 74143.75189
51.00000 48.00000 74137.20464
51.00000 49.00000 74137.38027
51.00000 50.00000 74144.75494
51.00000 51.00000 74146.13795
51.00000 52.00000 74148.75476
51.00000 53.00000 74151.84442
51.00000 54.00000 74157.77197
51.00000 55.00000 74157.44377
51.00000 56.00000 74160.26893
51.00000 57.00000 74167.30464
51.00000 58.00000 74181.16769
51.00000 59.00000 74189.74019
51.00000 60.00000 74198.40665
51.00000 61.00000 74199.10695
51.00000 62.00000 74196.33502
51.00000 63.00000 74185.28445
51.00000 64.00000 74174.82701
51.00000 65.00000 74171.37953
51.00000 66.00000 74182.95119
51.00000 67.00000 74185.65120
51.00000 68.00000 74190.21193
51.00000 69.00000 74198.22074
51.00000 70.00000 74197.42191
52.00000 25.00000 74191.62369
52.00000 26.00000 74212.96481
52.00000 27.00000 74224.74529
52.00000 28.00000 74223.69739
52.00000 29.00000 74221.38575
52.00000 30.00000 74222.13110
52.00000 31.00000 74215.13436
52.00000 32.00000 74200.71629
52.00000 33.00000 74197.96133
52.00000 34.00000 74206.92707
52.00000 35.00000 74203.69384
52.00000 36.00000 74191.23763
52.00000 37.00000 74183.00920
52.00000 38.00000 74186.67720
52.00000 39.00000 74189.56085
52.00000 40.00000 74187.13978
52.00000 41.00000 74191.52002
52.00000 42.00000 74200.81901
52.00000 43.00000 74197.80685
52.00000 44.00000 74185.61523
52.00000 45.00000 74175.60509
52.00000 46.00000 74177.45160
52.00000 47.00000 74172.13086
52.00000 48.00000 74161.33147
52.00000 49.00000 74160.14385
52.00000 50.00000 74168.40600
52.00000 51.00000 74172.70025
52.00000 52.00000 74176.67832
52.00000 53.00000 74180.49883
52.00000 54.00000 74191.52665
52.00000 55.00000 74194.57799
52.00000 56.00000 74197.17547
52.00000 57.00000 74203.98333
52.00000 58.00000 74219.11362
52.00000 59.00000 74226.07283
52.00000 60.00000 74230.56592
52.00000 61.00000 74227.97690
52.00000 62.00000 74226.39693
52.00000 63.00000 74215.89406
52.00000 64.00000 74204.99627
52.00000 65.00000 74201.08817
52.00000 66.00000 74214.21717
52.00000 67.00000 74216.54443
52.00000 68.00000 74217.07474
52.00000 69.00000 74221.93189
52.00000 70.00000 74221.93655
53.00000 25.00000 74213.82479
53.00000 26.00000 74235.89146
53.00000 27.00000 74247.65822
53.00000 28.00000 74246.81674
53.00000 29.00000 74243.96861
53.00000 30.00000 74242.73154
53.00000 31.00000 74234.00346
53.00000 32.00000 74220.03621
53.00000 33.00000 74217.77064
53.00000 34.00000 74227.95860
53.00000 35.00000 74226.14540
53.00000 36.00000 74214.88964
53.00000 37.00000 74206.27064
53.00000 38.00000 74209.96709
53.00000 39.00000 74214.08558
53.00000 40.00000 74213.69101
53.00000 41.00000 74217.56226
53.00000 42.00000 74225.90051
53.00000 43.00000 74221.64250
53.00000 44.00000 74208.57776
53.00000 45.00000 74197.70522
53.00000 46.00000 74199.37713
53.00000 47.00000 74194.25007
53.00000 48.00000 74182.42278
53.00000 49.00000 74179.71708
53.00000 50.00000 74186.90204
53.00000 51.00000 74193.55165
53.00000 52.00000 74201.06721
53.00000 53.00000 74205.32891
53.00000 54.00000 74216.16465
53.00000 55.00000 74220.64964
53.00000 56.00000 74224.74884
53.00000 57.00000 74231.72622
53.00000 58.00000 74246.97168
53.00000 59.00000 74253.80700
53.00000 60.00000 74257.11242
53.00000 61.00000 74252.71287
53.00000 62.00000 74249.68261
53.00000 63.00000 74239.62334
53.00000 64.00000 74229.17168
53.00000 65.00000 74225.03781
53.00000 66.00000 74237.01315
53.00000 67.00000 74239.79090
53.00000 68.00000 74240.59043
53.00000 69.00000 74243.82226
53.00000 70.00000 74242.27999
54.00000 25.00000 74229.27595
54.00000 26.00000 74251.59723
54.00000 27.00000 74263.36365
54.00000 28.00000 74262.17680
54.00000 29.00000 74259.49739
54.00000 30.00000 74257.26583
54.00000 31.00000 74246.98994
54.00000 32.00000 74232.80994
54.00000 33.00000 74232.00693
54.00000 34.00000 74244.02215
54.00000 35.00000 74242.80157
54.00000 36.00000 74231.43777
54.00000 37.00000 74222.07954
54.00000 38.00000 74223.30633
54.00000 39.00000 74226.42211
54.00000 40.00000 74225.97068
54.00000 41.00000 74229.52643
54.00000 42.00000 74237.81143
54.00000 43.00000 74233.44300
54.00000 44.00000 74220.45962
54.00000 45.00000 74210.58418
54.00000 46.00000 74214.67069
54.00000 47.00000 74211.69294
54.00000 48.00000 74201.56705
54.00000 49.00000 74199.30255
54.00000 50.00000 74206.73283
54.00000 51.00000 74214.01672
54.00000 52.00000 74223.78243
54.00000 53.00000 74228.93611
54.00000 54.00000 74237.17222
54.00000 55.00000 74239.84048
54.00000 56.00000 74243.30469
54.00000 57.00000 74248.91973
54.00000 58.00000 74265.05856
54.00000 59.00000 74272.23993
54.00000 60.00000 74276.35790
54.00000 61.00000 74272.32235
54.00000 62.00000 74267.67061
54.00000 63.00000 74257.57583
54.00000 64.00000 74247.50179
54.00000 65.00000 74243.62945
54.00000 66.00000 74256.62074
54.00000 67.00000 74261.40171
54.00000 68.00000 74265.09245
54.00000 69.00000 74269.18255
54.00000 70.00000 74264.35595
55.00000 25.00000 74242.76755
55.00000 26.00000 74264.21574
55.00000 27.00000 74276.15935
55.00000 28.00000 74275.88227
55.00000 29.00000 74273.54702
55.00000 30.00000 74271.50988
55.00000 31.00000 74262.09517
55.00000 32.00000 74247.73787
55.00000 33.00000 74248.70945
55.00000 34.00000 74262.65908
55.00000 35.00000 74261.43007
55.00000 36.00000 74249.14889
55.00000 37.00000 74238.69645
55.00000 38.00000 74237.92374
55.00000 39.00000 74239.18023
55.00000 40.00000 74237.43726
55.00000 41.00000 74240.44424
55.00000 42.00000 74248.70044
55.00000 43.00000 74245.43111
55.00000 44.00000 74233.28680
55.00000 45.00000 74223.95364
55.00000 46.00000 74228.94421
55.00000 47.00000 74227.81791
55.00000 48.00000 74219.43616
55.00000 49.00000 74218.18845
55.00000 50.00000 74225.98738
55.00000 51.00000 74233.78420
55.00000 52.00000 74244.56118
55.00000 53.00000 74250.58876
55.00000 54.00000 74256.33380
55.00000 55.00000 74254.54971
55.00000 56.00000 74256.90655
55.00000 57.00000 74263.80438
55.00000 58.00000 74280.84514
55.00000 59.00000 74289.21745
55.00000 60.00000 74295.25894
55.00000 61.00000 74292.38700
55.00000 62.00000 74287.36088
55.00000 63.00000 74277.93548
55.00000 64.00000 74268.59319
55.00000 65.00000 74265.39659
55.00000 66.00000 74278.96492
55.00000 67.00000 74283.61042
55.00000 68.00000 74288.37266
55.00000 69.00000 74294.60481
55.00000 70.00000 74288.40154
