k1 k2 chisq 
11.00000 25.00000 107274.17692
11.00000 26.00000 107264.77688
11.00000 27.00000 107259.58133
11.00000 28.00000 107276.79758
11.00000 29.00000 107309.27088
11.00000 30.00000 107333.49759
11.00000 31.00000 107350.15951
11.00000 32.00000 107345.10246
11.00000 33.00000 107344.72434
11.00000 34.00000 107331.64209
11.00000 35.00000 107323.07443
11.00000 36.00000 107329.73884
11.00000 37.00000 107335.84990
11.00000 38.00000 107342.66906
11.00000 39.00000 107347.87388
11.00000 40.00000 107344.65232
11.00000 41.00000 107354.98061
11.00000 42.00000 107368.55467
11.00000 43.00000 107383.47019
11.00000 44.00000 107397.73264
11.00000 45.00000 107408.70273
11.00000 46.00000 107418.42136
11.00000 47.00000 107414.05304
11.00000 48.00000 107398.84443
11.00000 49.00000 107391.33225
11.00000 50.00000 107382.30002
11.00000 51.00000 107382.78823
11.00000 52.00000 107391.53229
11.00000 53.00000 107401.39491
11.00000 54.00000 107407.32109
11.00000 55.00000 107408.56867
11.00000 56.00000 107413.34605
11.00000 57.00000 107427.95690
11.00000 58.00000 107434.24200
11.00000 59.00000 107435.35977
11.00000 60.00000 107445.17369
11.00000 61.00000 107454.57420
11.00000 62.00000 107463.98220
11.00000 63.00000 107461.97427
11.00000 64.00000 107464.78949
11.00000 65.00000 107478.39209
11.00000 66.00000 107479.80773
11.00000 67.00000 107471.81536
11.00000 68.00000 107466.24271
11.00000 69.00000 107469.01337
11.00000 70.00000 107466.76787
12.00000 25.00000 107268.12317
12.00000 26.00000 107259.85239
12.00000 27.00000 107256.16152
12.00000 28.00000 107273.51634
12.00000 29.00000 107306.58065
12.00000 30.00000 107331.65718
12.00000 31.00000 107348.25897
12.00000 32.00000 107343.36683
12.00000 33.00000 107341.69892
12.00000 34.00000 107327.16380
12.00000 35.00000 107317.45014
12.00000 36.00000 107324.45899
12.00000 37.00000 107331.65224
12.00000 38.00000 107339.10641
12.00000 39.00000 107343.81228
12.00000 40.00000 107339.41570
12.00000 41.00000 107349.43770
12.00000 42.00000 107363.24075
12.00000 43.00000 107378.58267
12.00000 44.00000 107393.27427
12.00000 45.00000 107403.73107
12.00000 46.00000 107412.21759
12.00000 47.00000 107406.64690
12.00000 48.00000 107389.56493
12.00000 49.00000 107381.00958
12.00000 50.00000 107372.57648
12.00000 51.00000 107373.73748
12.00000 52.00000 107382.66163
12.00000 53.00000 107391.26456
12.00000 54.00000 107395.43691
12.00000 55.00000 107395.32700
12.00000 56.00000 107399.47861
12.00000 57.00000 107414.91965
12.00000 58.00000 107423.36167
12.00000 59.00000 107425.82220
12.00000 60.00000 107436.39059
12.00000 61.00000 107446.14901
12.00000 62.00000 107455.76301
12.00000 63.00000 107453.20260
12.00000 64.00000 107455.05020
12.00000 65.00000 107467.45164
12.00000 66.00000 107467.47157
12.00000 67.00000 107458.69076
12.00000 68.00000 107451.87634
12.00000 69.00000 107454.39828
12.00000 70.00000 107453.35215
13.00000 25.00000 107259.28798
13.00000 26.00000 107255.15245
13.00000 27.00000 107255.12361
13.00000 28.00000 107270.76089
13.00000 29.00000 107297.17019
13.00000 30.00000 107315.60108
13.00000 31.00000 107329.65506
13.00000 32.00000 107327.56093
13.00000 33.00000 107328.82930
13.00000 34.00000 107315.53101
13.00000 35.00000 107306.12032
13.00000 36.00000 107313.54148
13.00000 37.00000 107321.33787
13.00000 38.00000 107330.25875
13.00000 39.00000 107337.01145
13.00000 40.00000 107332.61458
13.00000 41.00000 107339.70992
13.00000 42.00000 107350.01818
13.00000 43.00000 107363.47013
13.00000 44.00000 107379.15509
13.00000 45.00000 107391.26563
13.00000 46.00000 107401.99810
13.00000 47.00000 107397.11027
13.00000 48.00000 107378.56821
13.00000 49.00000 107365.72074
13.00000 50.00000 107351.94609
13.00000 51.00000 107351.27464
13.00000 52.00000 107360.96429
13.00000 53.00000 107370.70300
13.00000 54.00000 107376.42343
13.00000 55.00000 107376.58375
13.00000 56.00000 107381.36470
13.00000 57.00000 107397.49159
13.00000 58.00000 107406.96109
13.00000 59.00000 107409.58909
13.00000 60.00000 107420.79862
13.00000 61.00000 107431.04442
13.00000 62.00000 107440.48909
13.00000 63.00000 107436.61922
13.00000 64.00000 107436.75158
13.00000 65.00000 107447.37069
13.00000 66.00000 107446.44332
13.00000 67.00000 107437.98042
13.00000 68.00000 107430.61587
13.00000 69.00000 107432.42956
13.00000 70.00000 107431.66515
14.00000 25.00000 107260.73345
14.00000 26.00000 107261.74397
14.00000 27.00000 107265.54119
14.00000 28.00000 107280.54676
14.00000 29.00000 107300.49574
14.00000 30.00000 107310.76544
14.00000 31.00000 107320.04186
14.00000 32.00000 107319.71850
14.00000 33.00000 107324.23760
14.00000 34.00000 107313.26484
14.00000 35.00000 107304.54746
14.00000 36.00000 107312.03585
14.00000 37.00000 107319.47356
14.00000 38.00000 107328.79880
14.00000 39.00000 107337.30435
14.00000 40.00000 107334.49439
14.00000 41.00000 107340.76153
14.00000 42.00000 107348.65530
14.00000 43.00000 107360.21660
14.00000 44.00000 107376.05573
14.00000 45.00000 107388.71920
14.00000 46.00000 107400.73656
14.00000 47.00000 107396.16744
14.00000 48.00000 107377.02341
14.00000 49.00000 107361.22985
14.00000 50.00000 107342.43126
14.00000 51.00000 107340.09042
14.00000 52.00000 107350.51113
14.00000 53.00000 107361.33545
14.00000 54.00000 107368.77436
14.00000 55.00000 107369.49549
14.00000 56.00000 107374.72246
14.00000 57.00000 107390.87269
14.00000 58.00000 107400.08207
14.00000 59.00000 107403.14778
14.00000 60.00000 107415.14332
14.00000 61.00000 107425.93122
14.00000 62.00000 107435.04052
14.00000 63.00000 107430.01063
14.00000 64.00000 107428.12080
14.00000 65.00000 107436.12854
14.00000 66.00000 107433.13519
14.00000 67.00000 107425.74431
14.00000 68.00000 107419.73576
14.00000 69.00000 107422.10667
14.00000 70.00000 107421.81341
15.00000 25.00000 107268.72242
15.00000 26.00000 107275.14651
15.00000 27.00000 107281.83001
15.00000 28.00000 107296.64041
15.00000 29.00000 107312.99030
15.00000 30.00000 107317.44256
15.00000 31.00000 107320.90413
15.00000 32.00000 107320.82830
15.00000 33.00000 107327.05811
15.00000 34.00000 107317.38586
15.00000 35.00000 107308.96986
15.00000 36.00000 107316.16933
15.00000 37.00000 107323.21751
15.00000 38.00000 107332.73188
15.00000 39.00000 107342.90815
15.00000 40.00000 107342.93944
15.00000 41.00000 107350.58820
15.00000 42.00000 107358.20569
15.00000 43.00000 107368.66016
15.00000 44.00000 107384.17616
15.00000 45.00000 107396.41810
15.00000 46.00000 107408.33853
15.00000 47.00000 107404.06997
15.00000 48.00000 107385.15526
15.00000 49.00000 107367.97563
15.00000 50.00000 107345.65273
15.00000 51.00000 107342.23083
15.00000 52.00000 107353.69349
15.00000 53.00000 107366.34777
15.00000 54.00000 107375.85894
15.00000 55.00000 107378.74325
15.00000 56.00000 107385.80841
15.00000 57.00000 107402.03812
15.00000 58.00000 107410.21505
15.00000 59.00000 107413.10131
15.00000 60.00000 107424.40015
15.00000 61.00000 107434.36149
15.00000 62.00000 107442.32555
15.00000 63.00000 107436.58191
15.00000 64.00000 107433.04055
15.00000 65.00000 107438.54796
15.00000 66.00000 107433.50877
15.00000 67.00000 107428.75136
15.00000 68.00000 107427.30149
15.00000 69.00000 107432.85595
15.00000 70.00000 107434.48907
16.00000 25.00000 107266.36740
16.00000 26.00000 107273.70376
16.00000 27.00000 107280.70878
16.00000 28.00000 107296.03717
16.00000 29.00000 107311.86010
16.00000 30.00000 107315.18798
16.00000 31.00000 107316.68735
16.00000 32.00000 107314.96032
16.00000 33.00000 107320.87540
16.00000 34.00000 107311.57863
16.00000 35.00000 107303.67471
16.00000 36.00000 107310.82882
16.00000 37.00000 107318.19169
16.00000 38.00000 107328.33509
16.00000 39.00000 107339.38723
16.00000 40.00000 107340.65186
16.00000 41.00000 107349.04466
16.00000 42.00000 107356.73716
16.00000 43.00000 107366.47882
16.00000 44.00000 107380.94518
16.00000 45.00000 107392.50773
16.00000 46.00000 107404.16992
16.00000 47.00000 107400.15236
16.00000 48.00000 107381.84891
16.00000 49.00000 107364.75620
16.00000 50.00000 107341.62832
16.00000 51.00000 107337.31983
16.00000 52.00000 107348.59741
16.00000 53.00000 107362.66880
16.00000 54.00000 107374.23794
16.00000 55.00000 107378.63500
16.00000 56.00000 107386.72472
16.00000 57.00000 107403.11510
16.00000 58.00000 107411.13843
16.00000 59.00000 107413.27383
16.00000 60.00000 107422.80923
16.00000 61.00000 107430.90828
16.00000 62.00000 107437.19078
16.00000 63.00000 107431.59317
16.00000 64.00000 107428.29160
16.00000 65.00000 107433.63476
16.00000 66.00000 107428.48163
16.00000 67.00000 107424.03863
16.00000 68.00000 107424.29262
16.00000 69.00000 107431.54140
16.00000 70.00000 107434.91279
17.00000 25.00000 107261.59228
17.00000 26.00000 107265.94280
17.00000 27.00000 107271.00994
17.00000 28.00000 107285.45419
17.00000 29.00000 107302.58483
17.00000 30.00000 107307.92637
17.00000 31.00000 107310.50361
17.00000 32.00000 107307.85652
17.00000 33.00000 107312.03573
17.00000 34.00000 107301.39655
17.00000 35.00000 107293.59627
17.00000 36.00000 107299.98289
17.00000 37.00000 107307.20362
17.00000 38.00000 107317.88561
17.00000 39.00000 107329.32599
17.00000 40.00000 107330.32925
17.00000 41.00000 107338.33365
17.00000 42.00000 107346.23350
17.00000 43.00000 107355.99491
17.00000 44.00000 107369.08302
17.00000 45.00000 107379.66286
17.00000 46.00000 107390.87337
17.00000 47.00000 107386.84524
17.00000 48.00000 107368.45811
17.00000 49.00000 107351.59228
17.00000 50.00000 107329.89331
17.00000 51.00000 107326.17743
17.00000 52.00000 107336.48915
17.00000 53.00000 107350.37086
17.00000 54.00000 107362.82868
17.00000 55.00000 107367.84023
17.00000 56.00000 107376.23072
17.00000 57.00000 107392.58015
17.00000 58.00000 107400.70278
17.00000 59.00000 107401.72080
17.00000 60.00000 107408.35922
17.00000 61.00000 107413.25853
17.00000 62.00000 107417.05348
17.00000 63.00000 107412.25443
17.00000 64.00000 107411.20919
17.00000 65.00000 107419.39924
17.00000 66.00000 107416.97494
17.00000 67.00000 107412.21971
17.00000 68.00000 107411.79303
17.00000 69.00000 107418.51405
17.00000 70.00000 107422.32595
18.00000 25.00000 107252.72483
18.00000 26.00000 107253.54523
18.00000 27.00000 107256.93248
18.00000 28.00000 107271.44317
18.00000 29.00000 107291.37770
18.00000 30.00000 107300.65701
18.00000 31.00000 107305.37823
18.00000 32.00000 107301.36883
18.00000 33.00000 107303.41793
18.00000 34.00000 107291.07296
18.00000 35.00000 107283.03379
18.00000 36.00000 107289.48735
18.00000 37.00000 107296.90473
18.00000 38.00000 107307.77993
18.00000 39.00000 107318.71094
18.00000 40.00000 107319.28233
18.00000 41.00000 107327.52087
18.00000 42.00000 107336.71812
18.00000 43.00000 107347.38476
18.00000 44.00000 107359.51812
18.00000 45.00000 107368.95866
18.00000 46.00000 107378.82904
18.00000 47.00000 107374.50693
18.00000 48.00000 107356.04163
18.00000 49.00000 107339.89985
18.00000 50.00000 107320.27478
18.00000 51.00000 107316.78446
18.00000 52.00000 107325.47295
18.00000 53.00000 107339.04018
18.00000 54.00000 107352.42510
18.00000 55.00000 107358.45366
18.00000 56.00000 107367.55987
18.00000 57.00000 107383.42197
18.00000 58.00000 107390.47795
18.00000 59.00000 107390.24592
18.00000 60.00000 107394.35246
18.00000 61.00000 107396.88934
18.00000 62.00000 107399.18545
18.00000 63.00000 107396.00316
18.00000 64.00000 107397.84216
18.00000 65.00000 107409.12392
18.00000 66.00000 107408.96708
18.00000 67.00000 107404.15958
18.00000 68.00000 107403.37835
18.00000 69.00000 107409.96348
18.00000 70.00000 107413.88448
19.00000 25.00000 107238.46992
19.00000 26.00000 107235.99573
19.00000 27.00000 107238.55371
19.00000 28.00000 107254.26031
19.00000 29.00000 107277.23572
19.00000 30.00000 107290.54196
19.00000 31.00000 107297.32888
19.00000 32.00000 107291.43883
19.00000 33.00000 107292.12177
19.00000 34.00000 107279.46872
19.00000 35.00000 107271.63367
19.00000 36.00000 107279.61389
19.00000 37.00000 107288.18189
19.00000 38.00000 107298.97898
19.00000 39.00000 107308.28398
19.00000 40.00000 107308.23222
19.00000 41.00000 107317.43488
19.00000 42.00000 107328.76061
19.00000 43.00000 107340.93063
19.00000 44.00000 107352.64191
19.00000 45.00000 107361.01261
19.00000 46.00000 107368.77003
19.00000 47.00000 107363.62352
19.00000 48.00000 107345.32279
19.00000 49.00000 107331.01028
19.00000 50.00000 107314.35853
19.00000 51.00000 107311.25051
19.00000 52.00000 107318.35509
19.00000 53.00000 107331.48932
19.00000 54.00000 107345.35850
19.00000 55.00000 107352.33116
19.00000 56.00000 107362.25213
19.00000 57.00000 107377.44087
19.00000 58.00000 107382.74165
19.00000 59.00000 107381.28858
19.00000 60.00000 107383.58948
19.00000 61.00000 107385.00893
19.00000 62.00000 107386.89996
19.00000 63.00000 107385.69826
19.00000 64.00000 107390.45687
19.00000 65.00000 107404.53698
19.00000 66.00000 107405.86694
19.00000 67.00000 107401.27669
19.00000 68.00000 107400.59549
19.00000 69.00000 107407.51455
19.00000 70.00000 107411.31375
20.00000 25.00000 107230.94639
20.00000 26.00000 107228.65285
20.00000 27.00000 107231.49952
20.00000 28.00000 107247.37675
20.00000 29.00000 107270.63343
20.00000 30.00000 107284.57617
20.00000 31.00000 107291.27400
20.00000 32.00000 107284.79797
20.00000 33.00000 107285.28763
20.00000 34.00000 107273.57495
20.00000 35.00000 107266.10143
20.00000 36.00000 107272.64096
20.00000 37.00000 107280.83694
20.00000 38.00000 107291.63132
20.00000 39.00000 107300.77542
20.00000 40.00000 107300.90661
20.00000 41.00000 107310.47970
20.00000 42.00000 107322.50280
20.00000 43.00000 107334.86600
20.00000 44.00000 107346.43907
20.00000 45.00000 107354.77413
20.00000 46.00000 107361.80335
20.00000 47.00000 107355.49939
20.00000 48.00000 107336.04806
20.00000 49.00000 107322.25587
20.00000 50.00000 107307.85994
20.00000 51.00000 107306.14894
20.00000 52.00000 107313.63890
20.00000 53.00000 107326.55749
20.00000 54.00000 107340.58580
20.00000 55.00000 107347.48425
20.00000 56.00000 107357.75702
20.00000 57.00000 107372.32464
20.00000 58.00000 107375.97185
20.00000 59.00000 107373.13716
20.00000 60.00000 107374.37902
20.00000 61.00000 107376.50287
20.00000 62.00000 107380.42062
20.00000 63.00000 107379.97463
20.00000 64.00000 107385.54593
20.00000 65.00000 107400.56185
20.00000 66.00000 107402.85583
20.00000 67.00000 107398.39000
20.00000 68.00000 107398.00726
20.00000 69.00000 107405.92598
20.00000 70.00000 107410.39362
21.00000 25.00000 107228.91300
21.00000 26.00000 107230.00766
21.00000 27.00000 107234.05603
21.00000 28.00000 107251.30237
21.00000 29.00000 107273.31266
21.00000 30.00000 107285.52187
21.00000 31.00000 107290.96299
21.00000 32.00000 107284.87927
21.00000 33.00000 107285.56438
21.00000 34.00000 107275.65224
21.00000 35.00000 107269.79104
21.00000 36.00000 107274.97905
21.00000 37.00000 107280.12939
21.00000 38.00000 107288.14144
21.00000 39.00000 107296.91398
21.00000 40.00000 107298.21485
21.00000 41.00000 107307.76293
21.00000 42.00000 107318.90586
21.00000 43.00000 107330.12256
21.00000 44.00000 107341.26693
21.00000 45.00000 107349.92155
21.00000 46.00000 107357.70436
21.00000 47.00000 107351.86919
21.00000 48.00000 107332.71055
21.00000 49.00000 107318.59445
21.00000 50.00000 107304.29237
21.00000 51.00000 107304.06760
21.00000 52.00000 107312.85579
21.00000 53.00000 107325.33092
21.00000 54.00000 107337.89169
21.00000 55.00000 107343.85360
21.00000 56.00000 107354.17484
21.00000 57.00000 107368.42928
21.00000 58.00000 107371.26820
21.00000 59.00000 107367.69245
21.00000 60.00000 107368.61288
21.00000 61.00000 107371.41508
21.00000 62.00000 107377.81024
21.00000 63.00000 107378.71708
21.00000 64.00000 107384.61482
21.00000 65.00000 107398.52272
21.00000 66.00000 107399.77281
21.00000 67.00000 107395.86964
21.00000 68.00000 107396.83512
21.00000 69.00000 107406.01021
21.00000 70.00000 107411.33515
22.00000 25.00000 107239.42974
22.00000 26.00000 107238.93527
22.00000 27.00000 107240.67815
22.00000 28.00000 107260.47832
22.00000 29.00000 107282.65717
22.00000 30.00000 107293.65650
22.00000 31.00000 107297.85588
22.00000 32.00000 107292.06907
22.00000 33.00000 107292.29031
22.00000 34.00000 107282.82451
22.00000 35.00000 107277.73259
22.00000 36.00000 107283.22286
22.00000 37.00000 107286.92187
22.00000 38.00000 107292.01191
22.00000 39.00000 107299.33242
22.00000 40.00000 107301.72500
22.00000 41.00000 107311.33165
22.00000 42.00000 107321.00507
22.00000 43.00000 107330.84879
22.00000 44.00000 107341.68872
22.00000 45.00000 107350.69146
22.00000 46.00000 107359.26926
22.00000 47.00000 107354.09021
22.00000 48.00000 107336.16784
22.00000 49.00000 107322.48651
22.00000 50.00000 107307.57697
22.00000 51.00000 107308.84422
22.00000 52.00000 107319.85874
22.00000 53.00000 107332.57765
22.00000 54.00000 107343.03375
22.00000 55.00000 107347.60220
22.00000 56.00000 107357.41930
22.00000 57.00000 107371.03008
22.00000 58.00000 107372.97939
22.00000 59.00000 107369.60635
22.00000 60.00000 107371.76681
22.00000 61.00000 107376.23842
22.00000 62.00000 107384.76221
22.00000 63.00000 107386.80720
22.00000 64.00000 107392.07300
22.00000 65.00000 107403.73273
22.00000 66.00000 107402.70121
22.00000 67.00000 107400.37787
22.00000 68.00000 107403.93656
22.00000 69.00000 107414.72867
22.00000 70.00000 107420.48424
23.00000 25.00000 107258.15248
23.00000 26.00000 107256.89721
23.00000 27.00000 107253.35507
23.00000 28.00000 107273.70085
23.00000 29.00000 107295.49138
23.00000 30.00000 107305.67937
23.00000 31.00000 107309.54998
23.00000 32.00000 107303.85232
23.00000 33.00000 107303.34902
23.00000 34.00000 107293.18492
23.00000 35.00000 107287.53686
23.00000 36.00000 107293.76270
23.00000 37.00000 107297.13133
23.00000 38.00000 107300.78024
23.00000 39.00000 107306.80136
23.00000 40.00000 107309.85348
23.00000 41.00000 107320.21360
23.00000 42.00000 107329.13926
23.00000 43.00000 107338.37184
23.00000 44.00000 107348.95739
23.00000 45.00000 107357.66114
23.00000 46.00000 107366.05359
23.00000 47.00000 107361.09850
23.00000 48.00000 107344.23291
23.00000 49.00000 107330.94356
23.00000 50.00000 107315.22544
23.00000 51.00000 107317.23536
23.00000 52.00000 107330.03315
23.00000 53.00000 107343.65510
23.00000 54.00000 107353.23471
23.00000 55.00000 107356.70707
23.00000 56.00000 107364.98153
23.00000 57.00000 107377.37206
23.00000 58.00000 107378.46634
23.00000 59.00000 107376.45531
23.00000 60.00000 107381.14494
23.00000 61.00000 107387.82402
23.00000 62.00000 107397.77225
23.00000 63.00000 107399.85325
23.00000 64.00000 107403.37227
23.00000 65.00000 107412.87252
23.00000 66.00000 107410.51268
23.00000 67.00000 107410.46656
23.00000 68.00000 107416.67276
23.00000 69.00000 107428.52667
23.00000 70.00000 107434.18024
24.00000 25.00000 107262.66012
24.00000 26.00000 107260.59969
24.00000 27.00000 107255.39598
24.00000 28.00000 107275.88996
24.00000 29.00000 107298.78470
24.00000 30.00000 107310.36854
24.00000 31.00000 107315.55444
24.00000 32.00000 107306.94903
24.00000 33.00000 107304.02903
24.00000 34.00000 107292.32347
24.00000 35.00000 107286.35567
24.00000 36.00000 107294.10361
24.00000 37.00000 107299.16050
24.00000 38.00000 107304.54273
24.00000 39.00000 107310.53313
24.00000 40.00000 107310.84014
24.00000 41.00000 107319.39037
24.00000 42.00000 107327.57005
24.00000 43.00000 107336.99760
24.00000 44.00000 107347.74829
24.00000 45.00000 107357.22745
24.00000 46.00000 107366.85571
24.00000 47.00000 107362.01188
24.00000 48.00000 107344.11920
24.00000 49.00000 107329.94318
24.00000 50.00000 107313.63879
24.00000 51.00000 107314.67516
24.00000 52.00000 107326.91238
24.00000 53.00000 107340.62693
24.00000 54.00000 107350.68533
24.00000 55.00000 107353.99565
24.00000 56.00000 107362.34242
24.00000 57.00000 107375.38695
24.00000 58.00000 107378.02204
24.00000 59.00000 107375.94597
24.00000 60.00000 107380.97092
24.00000 61.00000 107387.79356
24.00000 62.00000 107397.64124
24.00000 63.00000 107399.74223
24.00000 64.00000 107403.63920
24.00000 65.00000 107413.92948
24.00000 66.00000 107412.49595
24.00000 67.00000 107411.55417
24.00000 68.00000 107417.35243
24.00000 69.00000 107429.22702
24.00000 70.00000 107435.47504
25.00000 25.00000 107258.70366
25.00000 26.00000 107250.38564
25.00000 27.00000 107246.93441
25.00000 28.00000 107268.47575
25.00000 29.00000 107292.86388
25.00000 30.00000 107306.97517
25.00000 31.00000 107314.38903
25.00000 32.00000 107304.16668
25.00000 33.00000 107300.75852
25.00000 34.00000 107289.14867
25.00000 35.00000 107283.65607
25.00000 36.00000 107291.86423
25.00000 37.00000 107297.91105
25.00000 38.00000 107304.87212
25.00000 39.00000 107310.93903
25.00000 40.00000 107308.40392
25.00000 41.00000 107314.63471
25.00000 42.00000 107321.63825
25.00000 43.00000 107331.15648
25.00000 44.00000 107342.56115
25.00000 45.00000 107353.39195
25.00000 46.00000 107364.94251
25.00000 47.00000 107360.82854
25.00000 48.00000 107342.25355
25.00000 49.00000 107327.43836
25.00000 50.00000 107310.50867
25.00000 51.00000 107309.87663
25.00000 52.00000 107319.29517
25.00000 53.00000 107330.46994
25.00000 54.00000 107339.05770
25.00000 55.00000 107342.49223
25.00000 56.00000 107352.99964
25.00000 57.00000 107369.27933
25.00000 58.00000 107375.65260
25.00000 59.00000 107373.41555
25.00000 60.00000 107377.43422
25.00000 61.00000 107382.74367
25.00000 62.00000 107390.37116
25.00000 63.00000 107391.85545
25.00000 64.00000 107396.79426
25.00000 65.00000 107409.77717
25.00000 66.00000 107410.80045
25.00000 67.00000 107409.41363
25.00000 68.00000 107413.60855
25.00000 69.00000 107424.18003
25.00000 70.00000 107430.56189
26.00000 25.00000 107247.74272
26.00000 26.00000 107238.53144
26.00000 27.00000 107238.30560
26.00000 28.00000 107262.87672
26.00000 29.00000 107286.84518
26.00000 30.00000 107299.73990
26.00000 31.00000 107308.25368
26.00000 32.00000 107296.37094
26.00000 33.00000 107294.64427
26.00000 34.00000 107285.14889
26.00000 35.00000 107280.74007
26.00000 36.00000 107289.07054
26.00000 37.00000 107295.15173
26.00000 38.00000 107302.33196
26.00000 39.00000 107307.52055
26.00000 40.00000 107302.68732
26.00000 41.00000 107309.21174
26.00000 42.00000 107317.44280
26.00000 43.00000 107327.86698
26.00000 44.00000 107339.46404
26.00000 45.00000 107350.67200
26.00000 46.00000 107362.61573
26.00000 47.00000 107358.90360
26.00000 48.00000 107340.18430
26.00000 49.00000 107325.69735
26.00000 50.00000 107308.92281
26.00000 51.00000 107306.81621
26.00000 52.00000 107313.38140
26.00000 53.00000 107322.07285
26.00000 54.00000 107328.88498
26.00000 55.00000 107332.60977
26.00000 56.00000 107344.44715
26.00000 57.00000 107362.72563
26.00000 58.00000 107371.42838
26.00000 59.00000 107369.59930
26.00000 60.00000 107373.80605
26.00000 61.00000 107378.73565
26.00000 62.00000 107384.31545
26.00000 63.00000 107384.39681
26.00000 64.00000 107389.08111
26.00000 65.00000 107404.01421
26.00000 66.00000 107407.49054
26.00000 67.00000 107406.61851
26.00000 68.00000 107409.70053
26.00000 69.00000 107419.25779
26.00000 70.00000 107425.37363
27.00000 25.00000 107235.37155
27.00000 26.00000 107230.82595
27.00000 27.00000 107229.46649
27.00000 28.00000 107256.29523
27.00000 29.00000 107280.60892
27.00000 30.00000 107295.21328
27.00000 31.00000 107303.82002
27.00000 32.00000 107289.75823
27.00000 33.00000 107289.22124
27.00000 34.00000 107281.80059
27.00000 35.00000 107278.64346
27.00000 36.00000 107286.86552
27.00000 37.00000 107292.40263
27.00000 38.00000 107298.82542
27.00000 39.00000 107302.52493
27.00000 40.00000 107295.96653
27.00000 41.00000 107304.19087
27.00000 42.00000 107315.17396
27.00000 43.00000 107327.44173
27.00000 44.00000 107338.56892
27.00000 45.00000 107348.79017
27.00000 46.00000 107359.89512
27.00000 47.00000 107356.37371
27.00000 48.00000 107337.79490
27.00000 49.00000 107324.00339
27.00000 50.00000 107308.27353
27.00000 51.00000 107305.49068
27.00000 52.00000 107309.95122
27.00000 53.00000 107317.06238
27.00000 54.00000 107322.90629
27.00000 55.00000 107327.19747
27.00000 56.00000 107338.94420
27.00000 57.00000 107357.34906
27.00000 58.00000 107366.71834
27.00000 59.00000 107365.81875
27.00000 60.00000 107371.19049
27.00000 61.00000 107376.68690
27.00000 62.00000 107381.60491
27.00000 63.00000 107380.14901
27.00000 64.00000 107383.37557
27.00000 65.00000 107398.42339
27.00000 66.00000 107403.26449
27.00000 67.00000 107403.45433
27.00000 68.00000 107406.54314
27.00000 69.00000 107416.41771
27.00000 70.00000 107422.79771
28.00000 25.00000 107237.16726
28.00000 26.00000 107237.70092
28.00000 27.00000 107239.20350
28.00000 28.00000 107259.27682
28.00000 29.00000 107288.39172
28.00000 30.00000 107306.74810
28.00000 31.00000 107317.32490
28.00000 32.00000 107301.68665
28.00000 33.00000 107297.65873
28.00000 34.00000 107288.41780
28.00000 35.00000 107284.70200
28.00000 36.00000 107293.72310
28.00000 37.00000 107299.97563
28.00000 38.00000 107307.50013
28.00000 39.00000 107311.92302
28.00000 40.00000 107303.70106
28.00000 41.00000 107310.89724
28.00000 42.00000 107321.82943
28.00000 43.00000 107336.01848
28.00000 44.00000 107349.89305
28.00000 45.00000 107360.22064
28.00000 46.00000 107370.70279
28.00000 47.00000 107366.18432
28.00000 48.00000 107346.04419
28.00000 49.00000 107330.19334
28.00000 50.00000 107312.84200
28.00000 51.00000 107309.90057
28.00000 52.00000 107314.78368
28.00000 53.00000 107321.92930
28.00000 54.00000 107328.08264
28.00000 55.00000 107333.74521
28.00000 56.00000 107346.64838
28.00000 57.00000 107365.64734
28.00000 58.00000 107374.51042
28.00000 59.00000 107371.96131
28.00000 60.00000 107376.16593
28.00000 61.00000 107381.44548
28.00000 62.00000 107387.04840
28.00000 63.00000 107385.76699
28.00000 64.00000 107388.86472
28.00000 65.00000 107403.16981
28.00000 66.00000 107407.38593
28.00000 67.00000 107406.85471
28.00000 68.00000 107408.87817
28.00000 69.00000 107417.63732
28.00000 70.00000 107423.38915
29.00000 25.00000 107241.81843
29.00000 26.00000 107241.27293
29.00000 27.00000 107243.38553
29.00000 28.00000 107259.59859
29.00000 29.00000 107291.61264
29.00000 30.00000 107312.23048
29.00000 31.00000 107323.24419
29.00000 32.00000 107310.25636
29.00000 33.00000 107304.38944
29.00000 34.00000 107291.99675
29.00000 35.00000 107286.49377
29.00000 36.00000 107295.32421
29.00000 37.00000 107301.30260
29.00000 38.00000 107308.85089
29.00000 39.00000 107314.16316
29.00000 40.00000 107307.65277
29.00000 41.00000 107314.68349
29.00000 42.00000 107323.88313
29.00000 43.00000 107337.37532
29.00000 44.00000 107353.65628
29.00000 45.00000 107365.04763
29.00000 46.00000 107375.62618
29.00000 47.00000 107370.58111
29.00000 48.00000 107350.54028
29.00000 49.00000 107333.99285
29.00000 50.00000 107314.38863
29.00000 51.00000 107310.81811
29.00000 52.00000 107317.09089
29.00000 53.00000 107325.64374
29.00000 54.00000 107332.70807
29.00000 55.00000 107339.50280
29.00000 56.00000 107353.55314
29.00000 57.00000 107373.68520
29.00000 58.00000 107382.46517
29.00000 59.00000 107378.95162
29.00000 60.00000 107381.67082
29.00000 61.00000 107385.72697
29.00000 62.00000 107391.16427
29.00000 63.00000 107390.67839
29.00000 64.00000 107394.75455
29.00000 65.00000 107408.47024
29.00000 66.00000 107410.68627
29.00000 67.00000 107408.31243
29.00000 68.00000 107409.29446
29.00000 69.00000 107416.63019
29.00000 70.00000 107420.92339
30.00000 25.00000 107229.96775
30.00000 26.00000 107228.79661
30.00000 27.00000 107230.34924
30.00000 28.00000 107244.11903
30.00000 29.00000 107269.55881
30.00000 30.00000 107292.28537
30.00000 31.00000 107308.18074
30.00000 32.00000 107300.53241
30.00000 33.00000 107295.49032
30.00000 34.00000 107280.66000
30.00000 35.00000 107273.80732
30.00000 36.00000 107281.93266
30.00000 37.00000 107286.65925
30.00000 38.00000 107293.50460
30.00000 39.00000 107299.98868
30.00000 40.00000 107297.37286
30.00000 41.00000 107306.32425
30.00000 42.00000 107314.78967
30.00000 43.00000 107326.69157
30.00000 44.00000 107342.52547
30.00000 45.00000 107352.82797
30.00000 46.00000 107362.23086
30.00000 47.00000 107356.99995
30.00000 48.00000 107338.41502
30.00000 49.00000 107323.17706
30.00000 50.00000 107302.60688
30.00000 51.00000 107298.53066
30.00000 52.00000 107306.80546
30.00000 53.00000 107318.06316
30.00000 54.00000 107327.64231
30.00000 55.00000 107335.28821
30.00000 56.00000 107348.78718
30.00000 57.00000 107368.49404
30.00000 58.00000 107376.86883
30.00000 59.00000 107374.10412
30.00000 60.00000 107376.77573
30.00000 61.00000 107380.78518
30.00000 62.00000 107386.61132
30.00000 63.00000 107386.49465
30.00000 64.00000 107390.97788
30.00000 65.00000 107404.04985
30.00000 66.00000 107404.69690
30.00000 67.00000 107400.46057
30.00000 68.00000 107400.53861
30.00000 69.00000 107407.14343
30.00000 70.00000 107409.97082
31.00000 25.00000 107215.91791
31.00000 26.00000 107220.07559
31.00000 27.00000 107223.45307
31.00000 28.00000 107237.23752
31.00000 29.00000 107260.94461
31.00000 30.00000 107276.96501
31.00000 31.00000 107291.25196
31.00000 32.00000 107287.38361
31.00000 33.00000 107285.32373
31.00000 34.00000 107271.49369
31.00000 35.00000 107263.67814
31.00000 36.00000 107269.93335
31.00000 37.00000 107271.97438
31.00000 38.00000 107276.45681
31.00000 39.00000 107282.74493
31.00000 40.00000 107283.10718
31.00000 41.00000 107294.52885
31.00000 42.00000 107304.41141
31.00000 43.00000 107315.96894
31.00000 44.00000 107329.78403
31.00000 45.00000 107337.83057
31.00000 46.00000 107345.32106
31.00000 47.00000 107339.94606
31.00000 48.00000 107322.67504
31.00000 49.00000 107309.16025
31.00000 50.00000 107289.38533
31.00000 51.00000 107285.29267
31.00000 52.00000 107295.32595
31.00000 53.00000 107309.00628
31.00000 54.00000 107321.18974
31.00000 55.00000 107329.07387
31.00000 56.00000 107340.41641
31.00000 57.00000 107358.33735
31.00000 58.00000 107365.85783
31.00000 59.00000 107364.57195
31.00000 60.00000 107368.86689
31.00000 61.00000 107374.10900
31.00000 62.00000 107380.89176
31.00000 63.00000 107380.26963
31.00000 64.00000 107384.03905
31.00000 65.00000 107396.64923
31.00000 66.00000 107397.18406
31.00000 67.00000 107392.09595
31.00000 68.00000 107391.34551
31.00000 69.00000 107397.06909
31.00000 70.00000 107398.43482
32.00000 25.00000 107214.99226
32.00000 26.00000 107220.16663
32.00000 27.00000 107224.17795
32.00000 28.00000 107238.10919
32.00000 29.00000 107260.44300
32.00000 30.00000 107275.60719
32.00000 31.00000 107286.62991
32.00000 32.00000 107282.07006
32.00000 33.00000 107276.39580
32.00000 34.00000 107260.33844
32.00000 35.00000 107252.48830
32.00000 36.00000 107258.87571
32.00000 37.00000 107261.87556
32.00000 38.00000 107267.92813
32.00000 39.00000 107275.11650
32.00000 40.00000 107275.62367
32.00000 41.00000 107287.41222
32.00000 42.00000 107297.52359
32.00000 43.00000 107308.08125
32.00000 44.00000 107319.51794
32.00000 45.00000 107326.32400
32.00000 46.00000 107333.75736
32.00000 47.00000 107328.52766
32.00000 48.00000 107310.77592
32.00000 49.00000 107296.71893
32.00000 50.00000 107277.27992
32.00000 51.00000 107273.85162
32.00000 52.00000 107285.42575
32.00000 53.00000 107300.88130
32.00000 54.00000 107315.26496
32.00000 55.00000 107323.77241
32.00000 56.00000 107334.31868
32.00000 57.00000 107350.82432
32.00000 58.00000 107356.90405
32.00000 59.00000 107355.92575
32.00000 60.00000 107361.09417
32.00000 61.00000 107367.00147
32.00000 62.00000 107375.18931
32.00000 63.00000 107375.08882
32.00000 64.00000 107378.11753
32.00000 65.00000 107389.57549
32.00000 66.00000 107389.76658
32.00000 67.00000 107384.04877
32.00000 68.00000 107382.44545
32.00000 69.00000 107387.56964
32.00000 70.00000 107389.04421
33.00000 25.00000 107216.36736
33.00000 26.00000 107219.96952
33.00000 27.00000 107223.52389
33.00000 28.00000 107237.85140
33.00000 29.00000 107260.09729
33.00000 30.00000 107275.68086
33.00000 31.00000 107285.36945
33.00000 32.00000 107281.47882
33.00000 33.00000 107280.91500
33.00000 34.00000 107259.16029
33.00000 35.00000 107248.20959
33.00000 36.00000 107252.02800
33.00000 37.00000 107254.06346
33.00000 38.00000 107260.75741
33.00000 39.00000 107269.33524
33.00000 40.00000 107271.82590
33.00000 41.00000 107284.96354
33.00000 42.00000 107296.26468
33.00000 43.00000 107306.82209
33.00000 44.00000 107315.97712
33.00000 45.00000 107320.62790
33.00000 46.00000 107326.14158
33.00000 47.00000 107320.05128
33.00000 48.00000 107302.56877
33.00000 49.00000 107288.70877
33.00000 50.00000 107270.00627
33.00000 51.00000 107267.03308
33.00000 52.00000 107278.26589
33.00000 53.00000 107292.91286
33.00000 54.00000 107307.63395
33.00000 55.00000 107316.84223
33.00000 56.00000 107327.74177
33.00000 57.00000 107344.46690
33.00000 58.00000 107350.10429
33.00000 59.00000 107348.58814
33.00000 60.00000 107353.45144
33.00000 61.00000 107359.10205
33.00000 62.00000 107368.13768
33.00000 63.00000 107369.60504
33.00000 64.00000 107374.29783
33.00000 65.00000 107386.49274
33.00000 66.00000 107386.72185
33.00000 67.00000 107380.52421
33.00000 68.00000 107377.83507
33.00000 69.00000 107382.14399
33.00000 70.00000 107384.24964
34.00000 25.00000 107208.78235
34.00000 26.00000 107211.83431
34.00000 27.00000 107216.22855
34.00000 28.00000 107231.17254
34.00000 29.00000 107252.58908
34.00000 30.00000 107266.48009
34.00000 31.00000 107276.12337
34.00000 32.00000 107271.87042
34.00000 33.00000 107271.10441
34.00000 34.00000 107254.69511
34.00000 35.00000 107237.59853
34.00000 36.00000 107241.11648
34.00000 37.00000 107242.53112
34.00000 38.00000 107248.41302
34.00000 39.00000 107257.66898
34.00000 40.00000 107263.35475
34.00000 41.00000 107278.64563
34.00000 42.00000 107291.23241
34.00000 43.00000 107301.13167
34.00000 44.00000 107306.67302
34.00000 45.00000 107308.43132
34.00000 46.00000 107311.30590
34.00000 47.00000 107304.86153
34.00000 48.00000 107288.60141
34.00000 49.00000 107275.91951
34.00000 50.00000 107259.30620
34.00000 51.00000 107256.25434
34.00000 52.00000 107264.55726
34.00000 53.00000 107276.75451
34.00000 54.00000 107290.66187
34.00000 55.00000 107300.83848
34.00000 56.00000 107312.81775
34.00000 57.00000 107330.27723
34.00000 58.00000 107336.49441
34.00000 59.00000 107334.78143
34.00000 60.00000 107339.30204
34.00000 61.00000 107345.00020
34.00000 62.00000 107354.73458
34.00000 63.00000 107357.38228
34.00000 64.00000 107363.47410
34.00000 65.00000 107376.69068
34.00000 66.00000 107376.84608
34.00000 67.00000 107371.25468
34.00000 68.00000 107368.79284
34.00000 69.00000 107373.50132
34.00000 70.00000 107376.71190
35.00000 25.00000 107200.97444
35.00000 26.00000 107205.09613
35.00000 27.00000 107211.05009
35.00000 28.00000 107226.09341
35.00000 29.00000 107245.77281
35.00000 30.00000 107257.62355
35.00000 31.00000 107266.68032
35.00000 32.00000 107262.23688
35.00000 33.00000 107260.42363
35.00000 34.00000 107245.96100
35.00000 35.00000 107233.80379
35.00000 36.00000 107234.75651
35.00000 37.00000 107236.08677
35.00000 38.00000 107240.10259
35.00000 39.00000 107248.83453
35.00000 40.00000 107256.42854
35.00000 41.00000 107273.22772
35.00000 42.00000 107287.05414
35.00000 43.00000 107296.20626
35.00000 44.00000 107298.47332
35.00000 45.00000 107297.71710
35.00000 46.00000 107298.25020
35.00000 47.00000 107291.65375
35.00000 48.00000 107276.42023
35.00000 49.00000 107264.73243
35.00000 50.00000 107250.20910
35.00000 51.00000 107246.55596
35.00000 52.00000 107251.56422
35.00000 53.00000 107261.71599
35.00000 54.00000 107274.77346
35.00000 55.00000 107285.73439
35.00000 56.00000 107298.80739
35.00000 57.00000 107316.38921
35.00000 58.00000 107323.38589
35.00000 59.00000 107322.12866
35.00000 60.00000 107326.88298
35.00000 61.00000 107333.38850
35.00000 62.00000 107343.63931
35.00000 63.00000 107346.38711
35.00000 64.00000 107352.35757
35.00000 65.00000 107365.43452
35.00000 66.00000 107365.88180
35.00000 67.00000 107361.92500
35.00000 68.00000 107360.82509
35.00000 69.00000 107366.89045
35.00000 70.00000 107370.99897
36.00000 25.00000 107194.98488
36.00000 26.00000 107198.09073
36.00000 27.00000 107203.04506
36.00000 28.00000 107218.60292
36.00000 29.00000 107238.55200
36.00000 30.00000 107250.80048
36.00000 31.00000 107260.30682
36.00000 32.00000 107257.70361
36.00000 33.00000 107257.77821
36.00000 34.00000 107244.56127
36.00000 35.00000 107231.29315
36.00000 36.00000 107230.64120
36.00000 37.00000 107233.45121
36.00000 38.00000 107239.64139
36.00000 39.00000 107250.17455
36.00000 40.00000 107258.03585
36.00000 41.00000 107272.17228
36.00000 42.00000 107283.55072
36.00000 43.00000 107290.53696
36.00000 44.00000 107292.59988
36.00000 45.00000 107293.04959
36.00000 46.00000 107294.95511
36.00000 47.00000 107288.98673
36.00000 48.00000 107273.98949
36.00000 49.00000 107260.48196
36.00000 50.00000 107243.97671
36.00000 51.00000 107238.66505
36.00000 52.00000 107243.01155
36.00000 53.00000 107253.76495
36.00000 54.00000 107267.79088
36.00000 55.00000 107279.12999
36.00000 56.00000 107292.71442
36.00000 57.00000 107308.99319
36.00000 58.00000 107313.94348
36.00000 59.00000 107311.57506
36.00000 60.00000 107317.04705
36.00000 61.00000 107325.22188
36.00000 62.00000 107336.70456
36.00000 63.00000 107339.33075
36.00000 64.00000 107344.78253
36.00000 65.00000 107356.76212
36.00000 66.00000 107356.70025
36.00000 67.00000 107355.04684
36.00000 68.00000 107356.06042
36.00000 69.00000 107363.91382
36.00000 70.00000 107368.80679
37.00000 25.00000 107191.99454
37.00000 26.00000 107192.79716
37.00000 27.00000 107195.56922
37.00000 28.00000 107211.77122
37.00000 29.00000 107232.31873
37.00000 30.00000 107244.96665
37.00000 31.00000 107254.15582
37.00000 32.00000 107251.81312
37.00000 33.00000 107253.37297
37.00000 34.00000 107242.45680
37.00000 35.00000 107231.32001
37.00000 36.00000 107229.13327
37.00000 37.00000 107231.39873
37.00000 38.00000 107236.89726
37.00000 39.00000 107248.45820
37.00000 40.00000 107257.63084
37.00000 41.00000 107269.31970
37.00000 42.00000 107277.67734
37.00000 43.00000 107282.06282
37.00000 44.00000 107284.69399
37.00000 45.00000 107288.74927
37.00000 46.00000 107293.99302
37.00000 47.00000 107289.62785
37.00000 48.00000 107276.53264
37.00000 49.00000 107262.55278
37.00000 50.00000 107242.90866
37.00000 51.00000 107236.27985
37.00000 52.00000 107241.68129
37.00000 53.00000 107254.97403
37.00000 54.00000 107269.43028
37.00000 55.00000 107281.21540
37.00000 56.00000 107294.55875
37.00000 57.00000 107308.60226
37.00000 58.00000 107309.71424
37.00000 59.00000 107305.75556
37.00000 60.00000 107311.43768
37.00000 61.00000 107320.55972
37.00000 62.00000 107332.34756
37.00000 63.00000 107335.28918
37.00000 64.00000 107340.45833
37.00000 65.00000 107351.22961
37.00000 66.00000 107349.82253
37.00000 67.00000 107349.66547
37.00000 68.00000 107352.72036
37.00000 69.00000 107363.06856
37.00000 70.00000 107369.85471
38.00000 25.00000 107187.96877
38.00000 26.00000 107186.04586
38.00000 27.00000 107186.37396
38.00000 28.00000 107203.62154
38.00000 29.00000 107225.03549
38.00000 30.00000 107237.72920
38.00000 31.00000 107245.70139
38.00000 32.00000 107242.91354
38.00000 33.00000 107244.47837
38.00000 34.00000 107234.30650
38.00000 35.00000 107225.49059
38.00000 36.00000 107225.98479
38.00000 37.00000 107228.84428
38.00000 38.00000 107230.52165
38.00000 39.00000 107238.42373
38.00000 40.00000 107245.30108
38.00000 41.00000 107255.44829
38.00000 42.00000 107263.25401
38.00000 43.00000 107266.80885
38.00000 44.00000 107271.66835
38.00000 45.00000 107281.26044
38.00000 46.00000 107291.09028
38.00000 47.00000 107288.46284
38.00000 48.00000 107276.91842
38.00000 49.00000 107263.29944
38.00000 50.00000 107240.78117
38.00000 51.00000 107233.27657
38.00000 52.00000 107241.17266
38.00000 53.00000 107258.87818
38.00000 54.00000 107274.36698
38.00000 55.00000 107285.94719
38.00000 56.00000 107297.38497
38.00000 57.00000 107308.14859
38.00000 58.00000 107304.13940
38.00000 59.00000 107298.73715
38.00000 60.00000 107304.92256
38.00000 61.00000 107314.78426
38.00000 62.00000 107326.31491
38.00000 63.00000 107329.14048
38.00000 64.00000 107333.44743
38.00000 65.00000 107343.15160
38.00000 66.00000 107340.90043
38.00000 67.00000 107342.45375
38.00000 68.00000 107347.70452
38.00000 69.00000 107360.55733
38.00000 70.00000 107369.41501
39.00000 25.00000 107181.32777
39.00000 26.00000 107177.25646
39.00000 27.00000 107175.43906
39.00000 28.00000 107193.17070
39.00000 29.00000 107215.67984
39.00000 30.00000 107228.66438
39.00000 31.00000 107235.47619
39.00000 32.00000 107231.40381
39.00000 33.00000 107232.11037
39.00000 34.00000 107222.05763
39.00000 35.00000 107215.44929
39.00000 36.00000 107219.33576
39.00000 37.00000 107224.19785
39.00000 38.00000 107225.17552
39.00000 39.00000 107227.30721
39.00000 40.00000 107228.99476
39.00000 41.00000 107237.93523
39.00000 42.00000 107246.75454
39.00000 43.00000 107251.11293
39.00000 44.00000 107258.16361
39.00000 45.00000 107272.43993
39.00000 46.00000 107285.53267
39.00000 47.00000 107283.85906
39.00000 48.00000 107272.22938
39.00000 49.00000 107258.09731
39.00000 50.00000 107234.43613
39.00000 51.00000 107227.05594
39.00000 52.00000 107236.75186
39.00000 53.00000 107257.43758
39.00000 54.00000 107274.43170
39.00000 55.00000 107285.03956
39.00000 56.00000 107294.24776
39.00000 57.00000 107302.50914
39.00000 58.00000 107295.46262
39.00000 59.00000 107289.10553
39.00000 60.00000 107296.00364
39.00000 61.00000 107306.63724
39.00000 62.00000 107318.12428
39.00000 63.00000 107319.88748
39.00000 64.00000 107323.03668
39.00000 65.00000 107332.22746
39.00000 66.00000 107330.25447
39.00000 67.00000 107332.40477
39.00000 68.00000 107339.10632
39.00000 69.00000 107354.12469
39.00000 70.00000 107365.10625
40.00000 25.00000 107167.44627
40.00000 26.00000 107162.86869
40.00000 27.00000 107160.54653
40.00000 28.00000 107176.59212
40.00000 29.00000 107199.72738
40.00000 30.00000 107213.95494
40.00000 31.00000 107221.54008
40.00000 32.00000 107215.85045
40.00000 33.00000 107215.83797
40.00000 34.00000 107206.88725
40.00000 35.00000 107202.07542
40.00000 36.00000 107207.01927
40.00000 37.00000 107212.30969
40.00000 38.00000 107213.74975
40.00000 39.00000 107215.20032
40.00000 40.00000 107217.88009
40.00000 41.00000 107226.32308
40.00000 42.00000 107236.90799
40.00000 43.00000 107242.43319
40.00000 44.00000 107247.70228
40.00000 45.00000 107262.12640
40.00000 46.00000 107275.02438
40.00000 47.00000 107272.83532
40.00000 48.00000 107260.83762
40.00000 49.00000 107246.33513
40.00000 50.00000 107223.72774
40.00000 51.00000 107215.81737
40.00000 52.00000 107222.66509
40.00000 53.00000 107242.70055
40.00000 54.00000 107260.92928
40.00000 55.00000 107270.85383
40.00000 56.00000 107280.22187
40.00000 57.00000 107287.96637
40.00000 58.00000 107280.19222
40.00000 59.00000 107271.84943
40.00000 60.00000 107278.59979
40.00000 61.00000 107291.26289
40.00000 62.00000 107304.83929
40.00000 63.00000 107305.44005
40.00000 64.00000 107308.74181
40.00000 65.00000 107318.85166
40.00000 66.00000 107318.02056
40.00000 67.00000 107316.89530
40.00000 68.00000 107321.55707
40.00000 69.00000 107336.85148
40.00000 70.00000 107349.76960
41.00000 25.00000 107161.87466
41.00000 26.00000 107159.18777
41.00000 27.00000 107159.18622
41.00000 28.00000 107173.17906
41.00000 29.00000 107194.30022
41.00000 30.00000 107207.53556
41.00000 31.00000 107215.36689
41.00000 32.00000 107208.67810
41.00000 33.00000 107208.18596
41.00000 34.00000 107200.22546
41.00000 35.00000 107196.32944
41.00000 36.00000 107200.66869
41.00000 37.00000 107204.29617
41.00000 38.00000 107204.70878
41.00000 39.00000 107206.27981
41.00000 40.00000 107209.46579
41.00000 41.00000 107224.71207
41.00000 42.00000 107234.67601
41.00000 43.00000 107240.57143
41.00000 44.00000 107245.22818
41.00000 45.00000 107256.34312
41.00000 46.00000 107267.54093
41.00000 47.00000 107264.72432
41.00000 48.00000 107252.16400
41.00000 49.00000 107237.30272
41.00000 50.00000 107216.02811
41.00000 51.00000 107208.36563
41.00000 52.00000 107213.36959
41.00000 53.00000 107231.20569
41.00000 54.00000 107249.19190
41.00000 55.00000 107257.62242
41.00000 56.00000 107266.64248
41.00000 57.00000 107276.04347
41.00000 58.00000 107270.90202
41.00000 59.00000 107262.01386
41.00000 60.00000 107268.17144
41.00000 61.00000 107281.31233
41.00000 62.00000 107295.84276
41.00000 63.00000 107296.19016
41.00000 64.00000 107300.86623
41.00000 65.00000 107313.88867
41.00000 66.00000 107315.84716
41.00000 67.00000 107312.47866
41.00000 68.00000 107314.45367
41.00000 69.00000 107327.62465
41.00000 70.00000 107340.45785
42.00000 25.00000 107154.13663
42.00000 26.00000 107155.36949
42.00000 27.00000 107159.16756
42.00000 28.00000 107171.27413
42.00000 29.00000 107188.61713
42.00000 30.00000 107198.52331
42.00000 31.00000 107205.24407
42.00000 32.00000 107198.15907
42.00000 33.00000 107197.92160
42.00000 34.00000 107191.29848
42.00000 35.00000 107188.43215
42.00000 36.00000 107191.36294
42.00000 37.00000 107191.59990
42.00000 38.00000 107189.39713
42.00000 39.00000 107190.50238
42.00000 40.00000 107192.82023
42.00000 41.00000 107210.87177
42.00000 42.00000 107227.49417
42.00000 43.00000 107237.51392
42.00000 44.00000 107244.61157
42.00000 45.00000 107250.61171
42.00000 46.00000 107256.49502
42.00000 47.00000 107252.93696
42.00000 48.00000 107241.28157
42.00000 49.00000 107227.80645
42.00000 50.00000 107209.20939
42.00000 51.00000 107202.47880
42.00000 52.00000 107206.22340
42.00000 53.00000 107221.05901
42.00000 54.00000 107236.24199
42.00000 55.00000 107242.06797
42.00000 56.00000 107249.16310
42.00000 57.00000 107259.88546
42.00000 58.00000 107258.38206
42.00000 59.00000 107250.74993
42.00000 60.00000 107257.21598
42.00000 61.00000 107270.19057
42.00000 62.00000 107284.73208
42.00000 63.00000 107285.18626
42.00000 64.00000 107291.34380
42.00000 65.00000 107307.57450
42.00000 66.00000 107312.69810
42.00000 67.00000 107308.51436
42.00000 68.00000 107308.57875
42.00000 69.00000 107318.80184
42.00000 70.00000 107329.44134
43.00000 25.00000 107151.23721
43.00000 26.00000 107155.79860
43.00000 27.00000 107162.02549
43.00000 28.00000 107174.53674
43.00000 29.00000 107190.06626
43.00000 30.00000 107197.45188
43.00000 31.00000 107202.53148
43.00000 32.00000 107194.20918
43.00000 33.00000 107193.85024
43.00000 34.00000 107186.70022
43.00000 35.00000 107182.60887
43.00000 36.00000 107184.45472
43.00000 37.00000 107182.52100
43.00000 38.00000 107178.92578
43.00000 39.00000 107179.05792
43.00000 40.00000 107179.15582
43.00000 41.00000 107198.39252
43.00000 42.00000 107219.39708
43.00000 43.00000 107235.01536
43.00000 44.00000 107245.32743
43.00000 45.00000 107249.35840
43.00000 46.00000 107251.02084
43.00000 47.00000 107246.37610
43.00000 48.00000 107234.99060
43.00000 49.00000 107223.33496
43.00000 50.00000 107207.50080
43.00000 51.00000 107202.49925
43.00000 52.00000 107206.46873
43.00000 53.00000 107219.76720
43.00000 54.00000 107232.48275
43.00000 55.00000 107236.70504
43.00000 56.00000 107241.98177
43.00000 57.00000 107252.61152
43.00000 58.00000 107252.93436
43.00000 59.00000 107247.28027
43.00000 60.00000 107255.10726
43.00000 61.00000 107268.22716
43.00000 62.00000 107281.84433
43.00000 63.00000 107281.54221
43.00000 64.00000 107287.03312
43.00000 65.00000 107303.79702
43.00000 66.00000 107310.62102
43.00000 67.00000 107308.21996
43.00000 68.00000 107308.77824
43.00000 69.00000 107317.08241
43.00000 70.00000 107324.64450
44.00000 25.00000 107141.51875
44.00000 26.00000 107146.84846
44.00000 27.00000 107153.10987
44.00000 28.00000 107168.72512
44.00000 29.00000 107185.81213
44.00000 30.00000 107192.95772
44.00000 31.00000 107197.11709
44.00000 32.00000 107186.21727
44.00000 33.00000 107183.58060
44.00000 34.00000 107173.40444
44.00000 35.00000 107166.26556
44.00000 36.00000 107169.01485
44.00000 37.00000 107168.94038
44.00000 38.00000 107168.85981
44.00000 39.00000 107171.08914
44.00000 40.00000 107168.11428
44.00000 41.00000 107183.59144
44.00000 42.00000 107201.92618
44.00000 43.00000 107217.85298
44.00000 44.00000 107233.26226
44.00000 45.00000 107240.23923
44.00000 46.00000 107242.85283
44.00000 47.00000 107238.02508
44.00000 48.00000 107224.44816
44.00000 49.00000 107211.62368
44.00000 50.00000 107195.67814
44.00000 51.00000 107192.11832
44.00000 52.00000 107197.51626
44.00000 53.00000 107210.84538
44.00000 54.00000 107222.59968
44.00000 55.00000 107227.96514
44.00000 56.00000 107235.11313
44.00000 57.00000 107246.52624
44.00000 58.00000 107247.08125
44.00000 59.00000 107241.47842
44.00000 60.00000 107248.74462
44.00000 61.00000 107261.80251
44.00000 62.00000 107275.32660
44.00000 63.00000 107275.42608
44.00000 64.00000 107279.36040
44.00000 65.00000 107293.37767
44.00000 66.00000 107298.80790
44.00000 67.00000 107299.00475
44.00000 68.00000 107302.05851
44.00000 69.00000 107310.64540
44.00000 70.00000 107316.71196
45.00000 25.00000 107129.66954
45.00000 26.00000 107132.27026
45.00000 27.00000 107136.26020
45.00000 28.00000 107154.35517
45.00000 29.00000 107175.29936
45.00000 30.00000 107185.31733
45.00000 31.00000 107190.58459
45.00000 32.00000 107179.31198
45.00000 33.00000 107174.45143
45.00000 34.00000 107160.50360
45.00000 35.00000 107150.11891
45.00000 36.00000 107153.01937
45.00000 37.00000 107153.99755
45.00000 38.00000 107155.98755
45.00000 39.00000 107159.61107
45.00000 40.00000 107155.24995
45.00000 41.00000 107167.36085
45.00000 42.00000 107183.51755
45.00000 43.00000 107199.66703
45.00000 44.00000 107215.60488
45.00000 45.00000 107224.82440
45.00000 46.00000 107231.43682
45.00000 47.00000 107227.69806
45.00000 48.00000 107213.41815
45.00000 49.00000 107200.30809
45.00000 50.00000 107184.00585
45.00000 51.00000 107181.33620
45.00000 52.00000 107187.83607
45.00000 53.00000 107200.87571
45.00000 54.00000 107211.40905
45.00000 55.00000 107217.76809
45.00000 56.00000 107226.55370
45.00000 57.00000 107239.45164
45.00000 58.00000 107240.11074
45.00000 59.00000 107234.85262
45.00000 60.00000 107241.23650
45.00000 61.00000 107252.78744
45.00000 62.00000 107265.91995
45.00000 63.00000 107267.84233
45.00000 64.00000 107272.03784
45.00000 65.00000 107283.52048
45.00000 66.00000 107285.80497
45.00000 67.00000 107286.42422
45.00000 68.00000 107290.02619
45.00000 69.00000 107298.75819
45.00000 70.00000 107304.49173
46.00000 25.00000 107115.49485
46.00000 26.00000 107114.11852
46.00000 27.00000 107115.24696
46.00000 28.00000 107134.86057
46.00000 29.00000 107159.14303
46.00000 30.00000 107173.16029
46.00000 31.00000 107180.86816
46.00000 32.00000 107170.44879
46.00000 33.00000 107163.88449
46.00000 34.00000 107145.84368
46.00000 35.00000 107132.20782
46.00000 36.00000 107135.52542
46.00000 37.00000 107137.75580
46.00000 38.00000 107141.95932
46.00000 39.00000 107147.18824
46.00000 40.00000 107141.77519
46.00000 41.00000 107150.98382
46.00000 42.00000 107163.23216
46.00000 43.00000 107179.02570
46.00000 44.00000 107195.65420
46.00000 45.00000 107205.30962
46.00000 46.00000 107213.55115
46.00000 47.00000 107212.14056
46.00000 48.00000 107198.50460
46.00000 49.00000 107187.22520
46.00000 50.00000 107171.91353
46.00000 51.00000 107170.81359
46.00000 52.00000 107178.17433
46.00000 53.00000 107189.91867
46.00000 54.00000 107198.62171
46.00000 55.00000 107205.06432
46.00000 56.00000 107214.02824
46.00000 57.00000 107228.07661
46.00000 58.00000 107230.32929
46.00000 59.00000 107226.82466
46.00000 60.00000 107233.23559
46.00000 61.00000 107242.80462
46.00000 62.00000 107254.09033
46.00000 63.00000 107257.34637
46.00000 64.00000 107262.54291
46.00000 65.00000 107273.70769
46.00000 66.00000 107273.82167
46.00000 67.00000 107274.41148
46.00000 68.00000 107277.49756
46.00000 69.00000 107285.41762
46.00000 70.00000 107290.59932
47.00000 25.00000 107107.60170
47.00000 26.00000 107104.32068
47.00000 27.00000 107104.18666
47.00000 28.00000 107122.96848
47.00000 29.00000 107148.35611
47.00000 30.00000 107164.60333
47.00000 31.00000 107174.06954
47.00000 32.00000 107165.42483
47.00000 33.00000 107158.67029
47.00000 34.00000 107139.14447
47.00000 35.00000 107124.40395
47.00000 36.00000 107127.35071
47.00000 37.00000 107130.30972
47.00000 38.00000 107135.75218
47.00000 39.00000 107142.12276
47.00000 40.00000 107136.77529
47.00000 41.00000 107144.83712
47.00000 42.00000 107155.00029
47.00000 43.00000 107169.58648
47.00000 44.00000 107186.81838
47.00000 45.00000 107198.05240
47.00000 46.00000 107206.95169
47.00000 47.00000 107203.04633
47.00000 48.00000 107187.61668
47.00000 49.00000 107176.18872
47.00000 50.00000 107160.67391
47.00000 51.00000 107161.68596
47.00000 52.00000 107171.30031
47.00000 53.00000 107183.30937
47.00000 54.00000 107192.18507
47.00000 55.00000 107197.54683
47.00000 56.00000 107204.81961
47.00000 57.00000 107218.27551
47.00000 58.00000 107221.29517
47.00000 59.00000 107219.22468
47.00000 60.00000 107226.59661
47.00000 61.00000 107235.29983
47.00000 62.00000 107245.07412
47.00000 63.00000 107247.59182
47.00000 64.00000 107252.85666
47.00000 65.00000 107265.40505
47.00000 66.00000 107265.99093
47.00000 67.00000 107266.03434
47.00000 68.00000 107268.54182
47.00000 69.00000 107275.89209
47.00000 70.00000 107280.44315
48.00000 25.00000 107095.38211
48.00000 26.00000 107092.50124
48.00000 27.00000 107093.06623
48.00000 28.00000 107108.57905
48.00000 29.00000 107132.75510
48.00000 30.00000 107149.35621
48.00000 31.00000 107159.66307
48.00000 32.00000 107154.09971
48.00000 33.00000 107149.66611
48.00000 34.00000 107132.17162
48.00000 35.00000 107118.73787
48.00000 36.00000 107118.99580
48.00000 37.00000 107120.48114
48.00000 38.00000 107124.75091
48.00000 39.00000 107130.85901
48.00000 40.00000 107128.24010
48.00000 41.00000 107136.82071
48.00000 42.00000 107146.68630
48.00000 43.00000 107159.25209
48.00000 44.00000 107173.93796
48.00000 45.00000 107185.09819
48.00000 46.00000 107195.39177
48.00000 47.00000 107191.15100
48.00000 48.00000 107171.83377
48.00000 49.00000 107159.08175
48.00000 50.00000 107142.18005
48.00000 51.00000 107144.77277
48.00000 52.00000 107158.43846
48.00000 53.00000 107171.84889
48.00000 54.00000 107182.26442
48.00000 55.00000 107186.10989
48.00000 56.00000 107190.55373
48.00000 57.00000 107202.22717
48.00000 58.00000 107205.06175
48.00000 59.00000 107203.09830
48.00000 60.00000 107212.20943
48.00000 61.00000 107223.09752
48.00000 62.00000 107234.30928
48.00000 63.00000 107235.24804
48.00000 64.00000 107238.69283
48.00000 65.00000 107251.13121
48.00000 66.00000 107252.25396
48.00000 67.00000 107251.10635
48.00000 68.00000 107253.42056
48.00000 69.00000 107261.55005
48.00000 70.00000 107266.67328
49.00000 25.00000 107089.94183
49.00000 26.00000 107090.84756
49.00000 27.00000 107095.39289
49.00000 28.00000 107108.45152
49.00000 29.00000 107128.45041
49.00000 30.00000 107141.75265
49.00000 31.00000 107150.34511
49.00000 32.00000 107146.36855
49.00000 33.00000 107145.71784
49.00000 34.00000 107132.91329
49.00000 35.00000 107123.14359
49.00000 36.00000 107121.87874
49.00000 37.00000 107120.43315
49.00000 38.00000 107121.59763
49.00000 39.00000 107126.40501
49.00000 40.00000 107128.10558
49.00000 41.00000 107140.63878
49.00000 42.00000 107153.20607
49.00000 43.00000 107165.19133
49.00000 44.00000 107176.26294
49.00000 45.00000 107184.44633
49.00000 46.00000 107192.25275
49.00000 47.00000 107186.54692
49.00000 48.00000 107167.26938
49.00000 49.00000 107153.18866
49.00000 50.00000 107135.88282
49.00000 51.00000 107138.04512
49.00000 52.00000 107152.94555
49.00000 53.00000 107166.56730
49.00000 54.00000 107177.77786
49.00000 55.00000 107180.79145
49.00000 56.00000 107184.00018
49.00000 57.00000 107195.41050
49.00000 58.00000 107199.34835
49.00000 59.00000 107197.85295
49.00000 60.00000 107207.03156
49.00000 61.00000 107218.36042
49.00000 62.00000 107230.16776
49.00000 63.00000 107230.25279
49.00000 64.00000 107232.42409
49.00000 65.00000 107244.42038
49.00000 66.00000 107246.69929
49.00000 67.00000 107245.25429
49.00000 68.00000 107247.76143
49.00000 69.00000 107256.80514
49.00000 70.00000 107263.02899
50.00000 25.00000 107084.89657
50.00000 26.00000 107090.26796
50.00000 27.00000 107099.39989
50.00000 28.00000 107111.60760
50.00000 29.00000 107127.53752
50.00000 30.00000 107136.33863
50.00000 31.00000 107142.21101
50.00000 32.00000 107139.04633
50.00000 33.00000 107142.20265
50.00000 34.00000 107134.48947
50.00000 35.00000 107128.62000
50.00000 36.00000 107127.65790
50.00000 37.00000 107124.00168
50.00000 38.00000 107121.06103
50.00000 39.00000 107123.53519
50.00000 40.00000 107128.79002
50.00000 41.00000 107145.30201
50.00000 42.00000 107161.14320
50.00000 43.00000 107173.25512
50.00000 44.00000 107181.57357
50.00000 45.00000 107187.64751
50.00000 46.00000 107191.95085
50.00000 47.00000 107184.36316
50.00000 48.00000 107165.17111
50.00000 49.00000 107151.94567
50.00000 50.00000 107135.61985
50.00000 51.00000 107136.08346
50.00000 52.00000 107150.89867
50.00000 53.00000 107164.01591
50.00000 54.00000 107174.37103
50.00000 55.00000 107176.48481
50.00000 56.00000 107179.27619
50.00000 57.00000 107191.29183
50.00000 58.00000 107196.07266
50.00000 59.00000 107195.68348
50.00000 60.00000 107204.95592
50.00000 61.00000 107215.88211
50.00000 62.00000 107227.32408
50.00000 63.00000 107227.40887
50.00000 64.00000 107229.56924
50.00000 65.00000 107241.62981
50.00000 66.00000 107244.10693
50.00000 67.00000 107243.46662
50.00000 68.00000 107247.08056
50.00000 69.00000 107257.32010
50.00000 70.00000 107264.05866
51.00000 25.00000 107092.82706
51.00000 26.00000 107098.56578
51.00000 27.00000 107108.45937
51.00000 28.00000 107121.39487
51.00000 29.00000 107136.80157
51.00000 30.00000 107145.08415
51.00000 31.00000 107150.81965
51.00000 32.00000 107147.78832
51.00000 33.00000 107152.40692
51.00000 34.00000 107145.83058
51.00000 35.00000 107139.72515
51.00000 36.00000 107139.86155
51.00000 37.00000 107136.65715
51.00000 38.00000 107133.51564
51.00000 39.00000 107134.99014
51.00000 40.00000 107139.46564
51.00000 41.00000 107156.40485
51.00000 42.00000 107173.27113
51.00000 43.00000 107186.00670
51.00000 44.00000 107193.72223
51.00000 45.00000 107199.71647
51.00000 46.00000 107203.68456
51.00000 47.00000 107195.74959
51.00000 48.00000 107176.87270
51.00000 49.00000 107163.45241
51.00000 50.00000 107146.75864
51.00000 51.00000 107148.13551
51.00000 52.00000 107162.42579
51.00000 53.00000 107173.60658
51.00000 54.00000 107181.77373
51.00000 55.00000 107182.57217
51.00000 56.00000 107185.45992
51.00000 57.00000 107198.53027
51.00000 58.00000 107204.17558
51.00000 59.00000 107204.87412
51.00000 60.00000 107214.94208
51.00000 61.00000 107226.63244
51.00000 62.00000 107238.13266
51.00000 63.00000 107238.14345
51.00000 64.00000 107240.87971
51.00000 65.00000 107253.19066
51.00000 66.00000 107255.46916
51.00000 67.00000 107255.14837
51.00000 68.00000 107257.88898
51.00000 69.00000 107267.74396
51.00000 70.00000 107274.08972
52.00000 25.00000 107109.28029
52.00000 26.00000 107112.62758
52.00000 27.00000 107120.45569
52.00000 28.00000 107134.44588
52.00000 29.00000 107151.10509
52.00000 30.00000 107160.86713
52.00000 31.00000 107167.73835
52.00000 32.00000 107165.33265
52.00000 33.00000 107169.49761
52.00000 34.00000 107161.34323
52.00000 35.00000 107152.71581
52.00000 36.00000 107154.16221
52.00000 37.00000 107152.97776
52.00000 38.00000 107152.10447
52.00000 39.00000 107154.15420
52.00000 40.00000 107155.34874
52.00000 41.00000 107169.27092
52.00000 42.00000 107184.42849
52.00000 43.00000 107197.61753
52.00000 44.00000 107206.98041
52.00000 45.00000 107214.25677
52.00000 46.00000 107219.35592
52.00000 47.00000 107212.52768
52.00000 48.00000 107194.94230
52.00000 49.00000 107181.10844
52.00000 50.00000 107163.63649
52.00000 51.00000 107164.63857
52.00000 52.00000 107179.45816
52.00000 53.00000 107188.78073
52.00000 54.00000 107194.76929
52.00000 55.00000 107194.42103
52.00000 56.00000 107198.52196
52.00000 57.00000 107212.91438
52.00000 58.00000 107218.90905
52.00000 59.00000 107219.78455
52.00000 60.00000 107229.76266
52.00000 61.00000 107241.69287
52.00000 62.00000 107253.18842
52.00000 63.00000 107253.23246
52.00000 64.00000 107256.70226
52.00000 65.00000 107268.99130
52.00000 66.00000 107270.66376
52.00000 67.00000 107271.81171
52.00000 68.00000 107273.06756
52.00000 69.00000 107280.69398
52.00000 70.00000 107286.27939
53.00000 25.00000 107123.68044
53.00000 26.00000 107123.80326
53.00000 27.00000 107127.92520
53.00000 28.00000 107142.33498
53.00000 29.00000 107159.99735
53.00000 30.00000 107170.67299
53.00000 31.00000 107178.12044
53.00000 32.00000 107176.95524
53.00000 33.00000 107181.70275
53.00000 34.00000 107173.77085
53.00000 35.00000 107164.31495
53.00000 36.00000 107166.43009
53.00000 37.00000 107167.39695
53.00000 38.00000 107168.88643
53.00000 39.00000 107171.70842
53.00000 40.00000 107171.78559
53.00000 41.00000 107182.23663
53.00000 42.00000 107193.13753
53.00000 43.00000 107204.61227
53.00000 44.00000 107214.63664
53.00000 45.00000 107222.71106
53.00000 46.00000 107228.13177
53.00000 47.00000 107222.19416
53.00000 48.00000 107205.33051
53.00000 49.00000 107190.98575
53.00000 50.00000 107173.55918
53.00000 51.00000 107175.30074
53.00000 52.00000 107188.32844
53.00000 53.00000 107197.92682
53.00000 54.00000 107201.73962
53.00000 55.00000 107201.79892
53.00000 56.00000 107208.27205
53.00000 57.00000 107223.92571
53.00000 58.00000 107229.94309
53.00000 59.00000 107231.46695
53.00000 60.00000 107240.99157
53.00000 61.00000 107251.80573
53.00000 62.00000 107262.36167
53.00000 63.00000 107262.52905
53.00000 64.00000 107266.55188
53.00000 65.00000 107279.42487
53.00000 66.00000 107281.10576
53.00000 67.00000 107284.56481
53.00000 68.00000 107285.93853
53.00000 69.00000 107291.14352
53.00000 70.00000 107295.16752
54.00000 25.00000 107128.33371
54.00000 26.00000 107125.94445
54.00000 27.00000 107125.93491
54.00000 28.00000 107140.99747
54.00000 29.00000 107159.63586
54.00000 30.00000 107170.43490
54.00000 31.00000 107177.51649
54.00000 32.00000 107176.10010
54.00000 33.00000 107179.61674
54.00000 34.00000 107171.27395
54.00000 35.00000 107162.65545
54.00000 36.00000 107166.34696
54.00000 37.00000 107169.23338
54.00000 38.00000 107173.33642
54.00000 39.00000 107177.34279
54.00000 40.00000 107176.39093
54.00000 41.00000 107184.74279
54.00000 42.00000 107191.09449
54.00000 43.00000 107200.49147
54.00000 44.00000 107210.99602
54.00000 45.00000 107219.58251
54.00000 46.00000 107225.40582
54.00000 47.00000 107220.53548
54.00000 48.00000 107204.83420
54.00000 49.00000 107191.43406
54.00000 50.00000 107174.97160
54.00000 51.00000 107177.34133
54.00000 52.00000 107187.97912
54.00000 53.00000 107196.30204
54.00000 54.00000 107199.97368
54.00000 55.00000 107201.77363
54.00000 56.00000 107211.37290
54.00000 57.00000 107227.62354
54.00000 58.00000 107233.07896
54.00000 59.00000 107235.44583
54.00000 60.00000 107244.12001
54.00000 61.00000 107253.52348
54.00000 62.00000 107262.83626
54.00000 63.00000 107263.05682
54.00000 64.00000 107266.51011
54.00000 65.00000 107278.98225
54.00000 66.00000 107280.77586
54.00000 67.00000 107285.78546
54.00000 68.00000 107288.19437
54.00000 69.00000 107293.41024
54.00000 70.00000 107296.31234
55.00000 25.00000 107112.86280
55.00000 26.00000 107110.51840
55.00000 27.00000 107110.55932
55.00000 28.00000 107124.66935
55.00000 29.00000 107143.15833
55.00000 30.00000 107154.62411
55.00000 31.00000 107162.48019
55.00000 32.00000 107159.70880
55.00000 33.00000 107162.54342
55.00000 34.00000 107155.35237
55.00000 35.00000 107148.97964
55.00000 36.00000 107154.40010
55.00000 37.00000 107158.74547
55.00000 38.00000 107164.07968
55.00000 39.00000 107168.65212
55.00000 40.00000 107167.35372
55.00000 41.00000 107174.10704
55.00000 42.00000 107176.97915
55.00000 43.00000 107183.27777
55.00000 44.00000 107192.98420
55.00000 45.00000 107203.02370
55.00000 46.00000 107210.75520
55.00000 47.00000 107206.31336
55.00000 48.00000 107189.10831
55.00000 49.00000 107174.41709
55.00000 50.00000 107157.79238
55.00000 51.00000 107159.89998
55.00000 52.00000 107171.27034
55.00000 53.00000 107180.85093
55.00000 54.00000 107186.79734
55.00000 55.00000 107187.35126
55.00000 56.00000 107195.84696
55.00000 57.00000 107211.01619
55.00000 58.00000 107216.26064
55.00000 59.00000 107218.76595
55.00000 60.00000 107227.11135
55.00000 61.00000 107235.93109
55.00000 62.00000 107245.19140
55.00000 63.00000 107245.51845
55.00000 64.00000 107249.13793
55.00000 65.00000 107262.18602
55.00000 66.00000 107265.52180
55.00000 67.00000 107270.55063
55.00000 68.00000 107273.43191
55.00000 69.00000 107279.49128
55.00000 70.00000 107282.13381
