k1 k2 chisq 
11.00000 25.00000 194181.09950
11.00000 26.00000 194212.48035
11.00000 27.00000 194221.23345
11.00000 28.00000 194258.06880
11.00000 29.00000 194280.24111
11.00000 30.00000 194247.05817
11.00000 31.00000 194206.96819
11.00000 32.00000 194232.65351
11.00000 33.00000 194249.35441
11.00000 34.00000 194247.85419
11.00000 35.00000 194238.39729
11.00000 36.00000 194237.84043
11.00000 37.00000 194242.23437
11.00000 38.00000 194248.72447
11.00000 39.00000 194252.79611
11.00000 40.00000 194278.78978
11.00000 41.00000 194299.73413
11.00000 42.00000 194314.09899
11.00000 43.00000 194326.26608
11.00000 44.00000 194327.98837
11.00000 45.00000 194322.85281
11.00000 46.00000 194310.72136
11.00000 47.00000 194317.15823
11.00000 48.00000 194339.21309
11.00000 49.00000 194350.00510
11.00000 50.00000 194362.19820
11.00000 51.00000 194385.30490
11.00000 52.00000 194403.94149
11.00000 53.00000 194409.03328
11.00000 54.00000 194404.57843
11.00000 55.00000 194423.31746
11.00000 56.00000 194441.08714
11.00000 57.00000 194444.02859
11.00000 58.00000 194443.77297
11.00000 59.00000 194449.23483
11.00000 60.00000 194448.92793
11.00000 61.00000 194435.32672
11.00000 62.00000 194417.62932
11.00000 63.00000 194437.10756
11.00000 64.00000 194448.69518
11.00000 65.00000 194455.35166
11.00000 66.00000 194469.25652
11.00000 67.00000 194491.35531
11.00000 68.00000 194504.08784
11.00000 69.00000 194511.99524
11.00000 70.00000 194519.31710
12.00000 25.00000 194191.29692
12.00000 26.00000 194223.44931
12.00000 27.00000 194235.16870
12.00000 28.00000 194273.58861
12.00000 29.00000 194294.57106
12.00000 30.00000 194260.75910
12.00000 31.00000 194220.34048
12.00000 32.00000 194244.72050
12.00000 33.00000 194259.15792
12.00000 34.00000 194255.74890
12.00000 35.00000 194245.91871
12.00000 36.00000 194245.24759
12.00000 37.00000 194249.53359
12.00000 38.00000 194256.50235
12.00000 39.00000 194261.55524
12.00000 40.00000 194287.64461
12.00000 41.00000 194307.09750
12.00000 42.00000 194320.03523
12.00000 43.00000 194331.79419
12.00000 44.00000 194333.07367
12.00000 45.00000 194326.99384
12.00000 46.00000 194314.41252
12.00000 47.00000 194321.55165
12.00000 48.00000 194344.39143
12.00000 49.00000 194355.38469
12.00000 50.00000 194367.57714
12.00000 51.00000 194391.04585
12.00000 52.00000 194409.35087
12.00000 53.00000 194413.51730
12.00000 54.00000 194407.90892
12.00000 55.00000 194425.84940
12.00000 56.00000 194443.27384
12.00000 57.00000 194445.68197
12.00000 58.00000 194444.63698
12.00000 59.00000 194450.24675
12.00000 60.00000 194450.21311
12.00000 61.00000 194436.92611
12.00000 62.00000 194419.97310
12.00000 63.00000 194439.10217
12.00000 64.00000 194450.26496
12.00000 65.00000 194456.12822
12.00000 66.00000 194469.03175
12.00000 67.00000 194491.24914
12.00000 68.00000 194504.45480
12.00000 69.00000 194512.71795
12.00000 70.00000 194520.52002
13.00000 25.00000 194210.81523
13.00000 26.00000 194246.28131
13.00000 27.00000 194257.82413
13.00000 28.00000 194294.87772
13.00000 29.00000 194313.13997
13.00000 30.00000 194274.56050
13.00000 31.00000 194228.86641
13.00000 32.00000 194255.00372
13.00000 33.00000 194271.68271
13.00000 34.00000 194268.63666
13.00000 35.00000 194258.26974
13.00000 36.00000 194258.92467
13.00000 37.00000 194263.26157
13.00000 38.00000 194269.01900
13.00000 39.00000 194272.73469
13.00000 40.00000 194298.81329
13.00000 41.00000 194318.25274
13.00000 42.00000 194329.96458
13.00000 43.00000 194341.04753
13.00000 44.00000 194343.45781
13.00000 45.00000 194337.68316
13.00000 46.00000 194322.44504
13.00000 47.00000 194327.99242
13.00000 48.00000 194351.83500
13.00000 49.00000 194364.96124
13.00000 50.00000 194378.67233
13.00000 51.00000 194401.33009
13.00000 52.00000 194416.79064
13.00000 53.00000 194416.95572
13.00000 54.00000 194406.53650
13.00000 55.00000 194424.97736
13.00000 56.00000 194445.44447
13.00000 57.00000 194450.93868
13.00000 58.00000 194451.42274
13.00000 59.00000 194457.72913
13.00000 60.00000 194457.58665
13.00000 61.00000 194443.04177
13.00000 62.00000 194423.34767
13.00000 63.00000 194442.37392
13.00000 64.00000 194453.69879
13.00000 65.00000 194460.07224
13.00000 66.00000 194472.64874
13.00000 67.00000 194496.86091
13.00000 68.00000 194511.35250
13.00000 69.00000 194519.25518
13.00000 70.00000 194526.70306
14.00000 25.00000 194223.07807
14.00000 26.00000 194257.99561
14.00000 27.00000 194269.38817
14.00000 28.00000 194303.87402
14.00000 29.00000 194319.20649
14.00000 30.00000 194278.15653
14.00000 31.00000 194231.18656
14.00000 32.00000 194257.05855
14.00000 33.00000 194275.00243
14.00000 34.00000 194273.88364
14.00000 35.00000 194265.33528
14.00000 36.00000 194266.58517
14.00000 37.00000 194270.25743
14.00000 38.00000 194274.76276
14.00000 39.00000 194277.64576
14.00000 40.00000 194302.34699
14.00000 41.00000 194321.08732
14.00000 42.00000 194332.95851
14.00000 43.00000 194344.61387
14.00000 44.00000 194347.88441
14.00000 45.00000 194342.60033
14.00000 46.00000 194326.63103
14.00000 47.00000 194330.91415
14.00000 48.00000 194353.63946
14.00000 49.00000 194367.00509
14.00000 50.00000 194382.46276
14.00000 51.00000 194403.94244
14.00000 52.00000 194415.98231
14.00000 53.00000 194412.94137
14.00000 54.00000 194399.97862
14.00000 55.00000 194417.75814
14.00000 56.00000 194439.08142
14.00000 57.00000 194447.08452
14.00000 58.00000 194451.16684
14.00000 59.00000 194458.05065
14.00000 60.00000 194457.91712
14.00000 61.00000 194443.44077
14.00000 62.00000 194423.68459
14.00000 63.00000 194442.41013
14.00000 64.00000 194452.84513
14.00000 65.00000 194458.80507
14.00000 66.00000 194470.92364
14.00000 67.00000 194495.14564
14.00000 68.00000 194509.62653
14.00000 69.00000 194517.22628
14.00000 70.00000 194525.78255
15.00000 25.00000 194129.97730
15.00000 26.00000 194161.76982
15.00000 27.00000 194174.26581
15.00000 28.00000 194207.33914
15.00000 29.00000 194222.10165
15.00000 30.00000 194183.70510
15.00000 31.00000 194142.63323
15.00000 32.00000 194170.75325
15.00000 33.00000 194192.29344
15.00000 34.00000 194196.89273
15.00000 35.00000 194193.69171
15.00000 36.00000 194196.82903
15.00000 37.00000 194201.70998
15.00000 38.00000 194207.59319
15.00000 39.00000 194211.99840
15.00000 40.00000 194236.78063
15.00000 41.00000 194256.17337
15.00000 42.00000 194269.73065
15.00000 43.00000 194283.52438
15.00000 44.00000 194287.99412
15.00000 45.00000 194284.12794
15.00000 46.00000 194270.71748
15.00000 47.00000 194276.15687
15.00000 48.00000 194298.10862
15.00000 49.00000 194311.65316
15.00000 50.00000 194329.57104
15.00000 51.00000 194351.63692
15.00000 52.00000 194362.83918
15.00000 53.00000 194360.05796
15.00000 54.00000 194348.54526
15.00000 55.00000 194365.73265
15.00000 56.00000 194385.50846
15.00000 57.00000 194394.81609
15.00000 58.00000 194403.51369
15.00000 59.00000 194413.01483
15.00000 60.00000 194414.92402
15.00000 61.00000 194402.50989
15.00000 62.00000 194384.66042
15.00000 63.00000 194403.49421
15.00000 64.00000 194413.07272
15.00000 65.00000 194418.74023
15.00000 66.00000 194431.33712
15.00000 67.00000 194455.98107
15.00000 68.00000 194471.27177
15.00000 69.00000 194479.98345
15.00000 70.00000 194490.02352
16.00000 25.00000 194049.17416
16.00000 26.00000 194077.63037
16.00000 27.00000 194089.84557
16.00000 28.00000 194123.88802
16.00000 29.00000 194138.73810
16.00000 30.00000 194101.29427
16.00000 31.00000 194063.42560
16.00000 32.00000 194093.94143
16.00000 33.00000 194118.97122
16.00000 34.00000 194128.62304
16.00000 35.00000 194130.49479
16.00000 36.00000 194137.26377
16.00000 37.00000 194143.72652
16.00000 38.00000 194150.31142
16.00000 39.00000 194156.17464
16.00000 40.00000 194183.04852
16.00000 41.00000 194203.59727
16.00000 42.00000 194217.18697
16.00000 43.00000 194231.69411
16.00000 44.00000 194238.13781
16.00000 45.00000 194234.99909
16.00000 46.00000 194222.08342
16.00000 47.00000 194228.79162
16.00000 48.00000 194251.30602
16.00000 49.00000 194264.13856
16.00000 50.00000 194281.56289
16.00000 51.00000 194305.54418
16.00000 52.00000 194319.41529
16.00000 53.00000 194318.63634
16.00000 54.00000 194308.93244
16.00000 55.00000 194327.34330
16.00000 56.00000 194346.44124
16.00000 57.00000 194355.39687
16.00000 58.00000 194365.83756
16.00000 59.00000 194378.15306
16.00000 60.00000 194382.23474
16.00000 61.00000 194370.69122
16.00000 62.00000 194352.59588
16.00000 63.00000 194372.63711
16.00000 64.00000 194383.21087
16.00000 65.00000 194389.20868
16.00000 66.00000 194402.20646
16.00000 67.00000 194427.06027
16.00000 68.00000 194441.97316
16.00000 69.00000 194450.28610
16.00000 70.00000 194460.42968
17.00000 25.00000 194029.01229
17.00000 26.00000 194052.55953
17.00000 27.00000 194060.37964
17.00000 28.00000 194094.74871
17.00000 29.00000 194113.16309
17.00000 30.00000 194079.47952
17.00000 31.00000 194043.75371
17.00000 32.00000 194075.95305
17.00000 33.00000 194102.26253
17.00000 34.00000 194111.34045
17.00000 35.00000 194111.94619
17.00000 36.00000 194120.22204
17.00000 37.00000 194128.64661
17.00000 38.00000 194136.47154
17.00000 39.00000 194143.01096
17.00000 40.00000 194171.41974
17.00000 41.00000 194192.04559
17.00000 42.00000 194203.44474
17.00000 43.00000 194216.47663
17.00000 44.00000 194224.09677
17.00000 45.00000 194222.49850
17.00000 46.00000 194209.83895
17.00000 47.00000 194216.66392
17.00000 48.00000 194240.46368
17.00000 49.00000 194252.91651
17.00000 50.00000 194267.55333
17.00000 51.00000 194292.18181
17.00000 52.00000 194310.17785
17.00000 53.00000 194312.53100
17.00000 54.00000 194304.28603
17.00000 55.00000 194324.16329
17.00000 56.00000 194343.46252
17.00000 57.00000 194351.49678
17.00000 58.00000 194360.90291
17.00000 59.00000 194374.59752
17.00000 60.00000 194380.41171
17.00000 61.00000 194369.69536
17.00000 62.00000 194349.35358
17.00000 63.00000 194368.90945
17.00000 64.00000 194379.46978
17.00000 65.00000 194385.40794
17.00000 66.00000 194398.76364
17.00000 67.00000 194424.35418
17.00000 68.00000 194439.80243
17.00000 69.00000 194448.04945
17.00000 70.00000 194456.90331
18.00000 25.00000 194002.64921
18.00000 26.00000 194023.36653
18.00000 27.00000 194028.29016
18.00000 28.00000 194062.03335
18.00000 29.00000 194083.67714
18.00000 30.00000 194055.52125
18.00000 31.00000 194025.01775
18.00000 32.00000 194057.63380
18.00000 33.00000 194083.85863
18.00000 34.00000 194091.99625
18.00000 35.00000 194091.49136
18.00000 36.00000 194099.88656
18.00000 37.00000 194111.02044
18.00000 38.00000 194122.22299
18.00000 39.00000 194130.34304
18.00000 40.00000 194158.75593
18.00000 41.00000 194178.47002
18.00000 42.00000 194188.40568
18.00000 43.00000 194200.57540
18.00000 44.00000 194209.04770
18.00000 45.00000 194210.17298
18.00000 46.00000 194200.74987
18.00000 47.00000 194208.55032
18.00000 48.00000 194232.52008
18.00000 49.00000 194244.45624
18.00000 50.00000 194256.57353
18.00000 51.00000 194281.00553
18.00000 52.00000 194302.24312
18.00000 53.00000 194308.49603
18.00000 54.00000 194303.43660
18.00000 55.00000 194323.78517
18.00000 56.00000 194342.57787
18.00000 57.00000 194349.50690
18.00000 58.00000 194357.64085
18.00000 59.00000 194371.73885
18.00000 60.00000 194379.03213
18.00000 61.00000 194370.60566
18.00000 62.00000 194351.22118
18.00000 63.00000 194369.56593
18.00000 64.00000 194379.40875
18.00000 65.00000 194385.47234
18.00000 66.00000 194399.35002
18.00000 67.00000 194424.45953
18.00000 68.00000 194440.24069
18.00000 69.00000 194449.20042
18.00000 70.00000 194457.57976
19.00000 25.00000 193951.26838
19.00000 26.00000 193972.71069
19.00000 27.00000 193977.56180
19.00000 28.00000 194010.55091
19.00000 29.00000 194033.84454
19.00000 30.00000 194010.46358
19.00000 31.00000 193986.38039
19.00000 32.00000 194018.35106
19.00000 33.00000 194043.84004
19.00000 34.00000 194053.06082
19.00000 35.00000 194054.50012
19.00000 36.00000 194062.24150
19.00000 37.00000 194075.50687
19.00000 38.00000 194090.80039
19.00000 39.00000 194101.71614
19.00000 40.00000 194129.35451
19.00000 41.00000 194148.13160
19.00000 42.00000 194158.15787
19.00000 43.00000 194170.42956
19.00000 44.00000 194179.62601
19.00000 45.00000 194183.61880
19.00000 46.00000 194179.08751
19.00000 47.00000 194188.76637
19.00000 48.00000 194211.51622
19.00000 49.00000 194222.30541
19.00000 50.00000 194233.52901
19.00000 51.00000 194257.88515
19.00000 52.00000 194280.86041
19.00000 53.00000 194290.86567
19.00000 54.00000 194290.51259
19.00000 55.00000 194310.81291
19.00000 56.00000 194328.82600
19.00000 57.00000 194334.90799
19.00000 58.00000 194342.67055
19.00000 59.00000 194356.15667
19.00000 60.00000 194363.80869
19.00000 61.00000 194357.78566
19.00000 62.00000 194342.68436
19.00000 63.00000 194360.10446
19.00000 64.00000 194369.50829
19.00000 65.00000 194376.47050
19.00000 66.00000 194391.79262
19.00000 67.00000 194415.55721
19.00000 68.00000 194431.35845
19.00000 69.00000 194441.32331
19.00000 70.00000 194450.59608
20.00000 25.00000 193924.44622
20.00000 26.00000 193945.85397
20.00000 27.00000 193951.05386
20.00000 28.00000 193983.65296
20.00000 29.00000 194006.80692
20.00000 30.00000 193985.34378
20.00000 31.00000 193963.92307
20.00000 32.00000 193998.65107
20.00000 33.00000 194025.89775
20.00000 34.00000 194036.58835
20.00000 35.00000 194039.27225
20.00000 36.00000 194047.38995
20.00000 37.00000 194059.84368
20.00000 38.00000 194074.34324
20.00000 39.00000 194084.87229
20.00000 40.00000 194113.11600
20.00000 41.00000 194132.39816
20.00000 42.00000 194143.25785
20.00000 43.00000 194155.70468
20.00000 44.00000 194164.71779
20.00000 45.00000 194169.27868
20.00000 46.00000 194166.17455
20.00000 47.00000 194177.42538
20.00000 48.00000 194200.80943
20.00000 49.00000 194211.94158
20.00000 50.00000 194223.01207
20.00000 51.00000 194248.07819
20.00000 52.00000 194271.75891
20.00000 53.00000 194282.42156
20.00000 54.00000 194283.00719
20.00000 55.00000 194303.45995
20.00000 56.00000 194321.21132
20.00000 57.00000 194326.47432
20.00000 58.00000 194333.29099
20.00000 59.00000 194347.67209
20.00000 60.00000 194356.24033
20.00000 61.00000 194350.63515
20.00000 62.00000 194337.11825
20.00000 63.00000 194355.58930
20.00000 64.00000 194365.21253
20.00000 65.00000 194372.17745
20.00000 66.00000 194388.03366
20.00000 67.00000 194412.82948
20.00000 68.00000 194428.69591
20.00000 69.00000 194437.98047
20.00000 70.00000 194446.42437
21.00000 25.00000 193944.11349
21.00000 26.00000 193967.30350
21.00000 27.00000 193974.38855
21.00000 28.00000 194004.98938
21.00000 29.00000 194025.08483
21.00000 30.00000 194003.76772
21.00000 31.00000 193983.65059
21.00000 32.00000 194017.59583
21.00000 33.00000 194046.37797
21.00000 34.00000 194058.35323
21.00000 35.00000 194060.62743
21.00000 36.00000 194069.54529
21.00000 37.00000 194081.56388
21.00000 38.00000 194094.39003
21.00000 39.00000 194102.37501
21.00000 40.00000 194129.57955
21.00000 41.00000 194148.63309
21.00000 42.00000 194159.59418
21.00000 43.00000 194171.22590
21.00000 44.00000 194178.81611
21.00000 45.00000 194182.00982
21.00000 46.00000 194177.79244
21.00000 47.00000 194188.73264
21.00000 48.00000 194211.93127
21.00000 49.00000 194224.73330
21.00000 50.00000 194238.13172
21.00000 51.00000 194264.43296
21.00000 52.00000 194288.46386
21.00000 53.00000 194298.39559
21.00000 54.00000 194296.76391
21.00000 55.00000 194315.83607
21.00000 56.00000 194333.15775
21.00000 57.00000 194338.60982
21.00000 58.00000 194345.69349
21.00000 59.00000 194360.63719
21.00000 60.00000 194369.81001
21.00000 61.00000 194363.69478
21.00000 62.00000 194348.59782
21.00000 63.00000 194367.13157
21.00000 64.00000 194376.93185
21.00000 65.00000 194384.08769
21.00000 66.00000 194399.45962
21.00000 67.00000 194424.57422
21.00000 68.00000 194440.55281
21.00000 69.00000 194449.21551
21.00000 70.00000 194455.97696
22.00000 25.00000 193949.12093
22.00000 26.00000 193976.62767
22.00000 27.00000 193992.43193
22.00000 28.00000 194021.42127
22.00000 29.00000 194037.15056
22.00000 30.00000 194014.77423
22.00000 31.00000 193997.29623
22.00000 32.00000 194027.73072
22.00000 33.00000 194056.26041
22.00000 34.00000 194070.79960
22.00000 35.00000 194076.69536
22.00000 36.00000 194085.38401
22.00000 37.00000 194096.34255
22.00000 38.00000 194108.39404
22.00000 39.00000 194115.27308
22.00000 40.00000 194140.40502
22.00000 41.00000 194159.35893
22.00000 42.00000 194172.01302
22.00000 43.00000 194183.84832
22.00000 44.00000 194189.76342
22.00000 45.00000 194191.15381
22.00000 46.00000 194185.89029
22.00000 47.00000 194196.22656
22.00000 48.00000 194217.34821
22.00000 49.00000 194230.54749
22.00000 50.00000 194247.77890
22.00000 51.00000 194275.02596
22.00000 52.00000 194297.77635
22.00000 53.00000 194306.95039
22.00000 54.00000 194304.63091
22.00000 55.00000 194321.98876
22.00000 56.00000 194338.36702
22.00000 57.00000 194345.04847
22.00000 58.00000 194354.79817
22.00000 59.00000 194368.39032
22.00000 60.00000 194375.85385
22.00000 61.00000 194368.48783
22.00000 62.00000 194353.27826
22.00000 63.00000 194371.49146
22.00000 64.00000 194381.34645
22.00000 65.00000 194389.40671
22.00000 66.00000 194405.28876
22.00000 67.00000 194429.26586
22.00000 68.00000 194444.54726
22.00000 69.00000 194452.79285
22.00000 70.00000 194459.19512
23.00000 25.00000 193945.86115
23.00000 26.00000 193975.93210
23.00000 27.00000 193998.80506
23.00000 28.00000 194026.74433
23.00000 29.00000 194039.73910
23.00000 30.00000 194015.35028
23.00000 31.00000 193998.65649
23.00000 32.00000 194025.15175
23.00000 33.00000 194052.68692
23.00000 34.00000 194069.57319
23.00000 35.00000 194080.79689
23.00000 36.00000 194088.75096
23.00000 37.00000 194098.03197
23.00000 38.00000 194110.02430
23.00000 39.00000 194118.02102
23.00000 40.00000 194140.99900
23.00000 41.00000 194159.61427
23.00000 42.00000 194174.41090
23.00000 43.00000 194187.25469
23.00000 44.00000 194191.51748
23.00000 45.00000 194191.16318
23.00000 46.00000 194185.73140
23.00000 47.00000 194195.88177
23.00000 48.00000 194214.85983
23.00000 49.00000 194227.42478
23.00000 50.00000 194247.41143
23.00000 51.00000 194274.19041
23.00000 52.00000 194293.88091
23.00000 53.00000 194302.22211
23.00000 54.00000 194301.51308
23.00000 55.00000 194317.70243
23.00000 56.00000 194333.31030
23.00000 57.00000 194341.84976
23.00000 58.00000 194355.06451
23.00000 59.00000 194365.57314
23.00000 60.00000 194369.65012
23.00000 61.00000 194360.85508
23.00000 62.00000 194347.58192
23.00000 63.00000 194365.55344
23.00000 64.00000 194375.39978
23.00000 65.00000 194384.66076
23.00000 66.00000 194402.20189
23.00000 67.00000 194423.99399
23.00000 68.00000 194437.36895
23.00000 69.00000 194444.77972
23.00000 70.00000 194451.84904
24.00000 25.00000 193976.95971
24.00000 26.00000 194005.44479
24.00000 27.00000 194029.36395
24.00000 28.00000 194061.41408
24.00000 29.00000 194073.49877
24.00000 30.00000 194047.05767
24.00000 31.00000 194027.48488
24.00000 32.00000 194053.24842
24.00000 33.00000 194079.69414
24.00000 34.00000 194095.56415
24.00000 35.00000 194107.54635
24.00000 36.00000 194118.96322
24.00000 37.00000 194128.00261
24.00000 38.00000 194137.13898
24.00000 39.00000 194144.20893
24.00000 40.00000 194167.97035
24.00000 41.00000 194185.00625
24.00000 42.00000 194197.70218
24.00000 43.00000 194211.15300
24.00000 44.00000 194219.26766
24.00000 45.00000 194219.03631
24.00000 46.00000 194210.64216
24.00000 47.00000 194220.26343
24.00000 48.00000 194241.03917
24.00000 49.00000 194253.33437
24.00000 50.00000 194271.09386
24.00000 51.00000 194299.11224
24.00000 52.00000 194319.87670
24.00000 53.00000 194325.89437
24.00000 54.00000 194322.78070
24.00000 55.00000 194341.49344
24.00000 56.00000 194360.02966
24.00000 57.00000 194368.38528
24.00000 58.00000 194379.74497
24.00000 59.00000 194391.13340
24.00000 60.00000 194393.45399
24.00000 61.00000 194379.94873
24.00000 62.00000 194362.46789
24.00000 63.00000 194383.16666
24.00000 64.00000 194395.84640
24.00000 65.00000 194405.30252
24.00000 66.00000 194422.41944
24.00000 67.00000 194445.68798
24.00000 68.00000 194458.13857
24.00000 69.00000 194462.25171
24.00000 70.00000 194467.81450
25.00000 25.00000 194006.32130
25.00000 26.00000 194029.14050
25.00000 27.00000 194052.89713
25.00000 28.00000 194088.31335
25.00000 29.00000 194099.30545
25.00000 30.00000 194072.17183
25.00000 31.00000 194050.97570
25.00000 32.00000 194078.62440
25.00000 33.00000 194104.63307
25.00000 34.00000 194117.12180
25.00000 35.00000 194126.18992
25.00000 36.00000 194139.61461
25.00000 37.00000 194150.39868
25.00000 38.00000 194158.34554
25.00000 39.00000 194163.74842
25.00000 40.00000 194188.34317
25.00000 41.00000 194204.55568
25.00000 42.00000 194214.06264
25.00000 43.00000 194226.58585
25.00000 44.00000 194239.33593
25.00000 45.00000 194241.93052
25.00000 46.00000 194231.50767
25.00000 47.00000 194239.40582
25.00000 48.00000 194261.40160
25.00000 49.00000 194274.50876
25.00000 50.00000 194289.60462
25.00000 51.00000 194317.18204
25.00000 52.00000 194340.73572
25.00000 53.00000 194348.16280
25.00000 54.00000 194343.50086
25.00000 55.00000 194363.16592
25.00000 56.00000 194383.87762
25.00000 57.00000 194391.40733
25.00000 58.00000 194398.58116
25.00000 59.00000 194410.80194
25.00000 60.00000 194413.90093
25.00000 61.00000 194399.63144
25.00000 62.00000 194378.87274
25.00000 63.00000 194399.13972
25.00000 64.00000 194411.94653
25.00000 65.00000 194421.05895
25.00000 66.00000 194437.01959
25.00000 67.00000 194462.07178
25.00000 68.00000 194476.35194
25.00000 69.00000 194480.06353
25.00000 70.00000 194483.67773
26.00000 25.00000 194007.37292
26.00000 26.00000 194049.07727
26.00000 27.00000 194068.05315
26.00000 28.00000 194104.40203
26.00000 29.00000 194116.01428
26.00000 30.00000 194086.10711
26.00000 31.00000 194061.61212
26.00000 32.00000 194090.17705
26.00000 33.00000 194116.74861
26.00000 34.00000 194128.56180
26.00000 35.00000 194135.47428
26.00000 36.00000 194147.10093
26.00000 37.00000 194157.20443
26.00000 38.00000 194164.64510
26.00000 39.00000 194169.35764
26.00000 40.00000 194192.61307
26.00000 41.00000 194208.46789
26.00000 42.00000 194218.01228
26.00000 43.00000 194230.69178
26.00000 44.00000 194245.75438
26.00000 45.00000 194250.54435
26.00000 46.00000 194240.60315
26.00000 47.00000 194247.33987
26.00000 48.00000 194268.06029
26.00000 49.00000 194280.38845
26.00000 50.00000 194293.69347
26.00000 51.00000 194319.16781
26.00000 52.00000 194342.73215
26.00000 53.00000 194353.29460
26.00000 54.00000 194353.07350
26.00000 55.00000 194372.72362
26.00000 56.00000 194392.39700
26.00000 57.00000 194397.72082
26.00000 58.00000 194401.74173
26.00000 59.00000 194412.76032
26.00000 60.00000 194416.29410
26.00000 61.00000 194405.06177
26.00000 62.00000 194387.51054
26.00000 63.00000 194406.39627
26.00000 64.00000 194417.22137
26.00000 65.00000 194424.77138
26.00000 66.00000 194439.62574
26.00000 67.00000 194463.22934
26.00000 68.00000 194477.70915
26.00000 69.00000 194482.52191
26.00000 70.00000 194487.04469
27.00000 25.00000 194020.61642
27.00000 26.00000 194053.56834
27.00000 27.00000 194079.12154
27.00000 28.00000 194109.88735
27.00000 29.00000 194121.67247
27.00000 30.00000 194090.87318
27.00000 31.00000 194064.75399
27.00000 32.00000 194092.47787
27.00000 33.00000 194119.06633
27.00000 34.00000 194132.75167
27.00000 35.00000 194139.33363
27.00000 36.00000 194147.44524
27.00000 37.00000 194155.39936
27.00000 38.00000 194162.52803
27.00000 39.00000 194167.40887
27.00000 40.00000 194187.71673
27.00000 41.00000 194202.07309
27.00000 42.00000 194213.42094
27.00000 43.00000 194227.56924
27.00000 44.00000 194242.65158
27.00000 45.00000 194248.26584
27.00000 46.00000 194241.13117
27.00000 47.00000 194248.44781
27.00000 48.00000 194267.42360
27.00000 49.00000 194278.02884
27.00000 50.00000 194290.27154
27.00000 51.00000 194313.56998
27.00000 52.00000 194335.59139
27.00000 53.00000 194348.08196
27.00000 54.00000 194353.58881
27.00000 55.00000 194372.41522
27.00000 56.00000 194388.96105
27.00000 57.00000 194391.39748
27.00000 58.00000 194394.11867
27.00000 59.00000 194404.49096
27.00000 60.00000 194409.28359
27.00000 61.00000 194401.62478
27.00000 62.00000 194389.45094
27.00000 63.00000 194407.09534
27.00000 64.00000 194415.74353
27.00000 65.00000 194421.44060
27.00000 66.00000 194435.07219
27.00000 67.00000 194454.92262
27.00000 68.00000 194467.22553
27.00000 69.00000 194472.49189
27.00000 70.00000 194479.19173
28.00000 25.00000 194051.69475
28.00000 26.00000 194083.08385
28.00000 27.00000 194101.44127
28.00000 28.00000 194137.77046
28.00000 29.00000 194149.05435
28.00000 30.00000 194115.34388
28.00000 31.00000 194086.93499
28.00000 32.00000 194112.89820
28.00000 33.00000 194138.58799
28.00000 34.00000 194152.34830
28.00000 35.00000 194158.16926
28.00000 36.00000 194166.72286
28.00000 37.00000 194173.42485
28.00000 38.00000 194178.33118
28.00000 39.00000 194180.99061
28.00000 40.00000 194201.27991
28.00000 41.00000 194215.13407
28.00000 42.00000 194226.15708
28.00000 43.00000 194241.77464
28.00000 44.00000 194259.55635
28.00000 45.00000 194266.33631
28.00000 46.00000 194258.72916
28.00000 47.00000 194265.82815
28.00000 48.00000 194285.19289
28.00000 49.00000 194293.99442
28.00000 50.00000 194303.71696
28.00000 51.00000 194327.01782
28.00000 52.00000 194347.94499
28.00000 53.00000 194357.59239
28.00000 54.00000 194359.62652
28.00000 55.00000 194379.62686
28.00000 56.00000 194399.92104
28.00000 57.00000 194403.24571
28.00000 58.00000 194403.82849
28.00000 59.00000 194415.52022
28.00000 60.00000 194420.00854
28.00000 61.00000 194409.83647
28.00000 62.00000 194395.62032
28.00000 63.00000 194415.20603
28.00000 64.00000 194424.82397
28.00000 65.00000 194429.95285
28.00000 66.00000 194441.84920
28.00000 67.00000 194462.98693
28.00000 68.00000 194474.92622
28.00000 69.00000 194479.45443
28.00000 70.00000 194485.52507
29.00000 25.00000 194046.41375
29.00000 26.00000 194077.81983
29.00000 27.00000 194096.29247
29.00000 28.00000 194133.68799
29.00000 29.00000 194147.91847
29.00000 30.00000 194116.58716
29.00000 31.00000 194088.39926
29.00000 32.00000 194111.79299
29.00000 33.00000 194134.50456
29.00000 34.00000 194145.02826
29.00000 35.00000 194149.34436
29.00000 36.00000 194159.85265
29.00000 37.00000 194167.39896
29.00000 38.00000 194171.95976
29.00000 39.00000 194172.94146
29.00000 40.00000 194192.31596
29.00000 41.00000 194206.25155
29.00000 42.00000 194217.86063
29.00000 43.00000 194235.55347
29.00000 44.00000 194255.23648
29.00000 45.00000 194264.09941
29.00000 46.00000 194256.94482
29.00000 47.00000 194262.67657
29.00000 48.00000 194281.01984
29.00000 49.00000 194288.88316
29.00000 50.00000 194298.83212
29.00000 51.00000 194323.20726
29.00000 52.00000 194343.51980
29.00000 53.00000 194350.09661
29.00000 54.00000 194347.21725
29.00000 55.00000 194365.91792
29.00000 56.00000 194388.92874
29.00000 57.00000 194397.13738
29.00000 58.00000 194399.98437
29.00000 59.00000 194411.36428
29.00000 60.00000 194414.44069
29.00000 61.00000 194401.87765
29.00000 62.00000 194385.46781
29.00000 63.00000 194404.89392
29.00000 64.00000 194414.85343
29.00000 65.00000 194420.10041
29.00000 66.00000 194430.55684
29.00000 67.00000 194451.79756
29.00000 68.00000 194465.01269
29.00000 69.00000 194471.59651
29.00000 70.00000 194478.36493
30.00000 25.00000 193985.16656
30.00000 26.00000 194011.58093
30.00000 27.00000 194027.80501
30.00000 28.00000 194062.86141
30.00000 29.00000 194082.09983
30.00000 30.00000 194052.45087
30.00000 31.00000 194036.39290
30.00000 32.00000 194061.92417
30.00000 33.00000 194082.29309
30.00000 34.00000 194086.42798
30.00000 35.00000 194089.72572
30.00000 36.00000 194102.72468
30.00000 37.00000 194112.83675
30.00000 38.00000 194120.49480
30.00000 39.00000 194123.91374
30.00000 40.00000 194144.17130
30.00000 41.00000 194159.46281
30.00000 42.00000 194172.36313
30.00000 43.00000 194190.87159
30.00000 44.00000 194208.33162
30.00000 45.00000 194217.54591
30.00000 46.00000 194213.84096
30.00000 47.00000 194220.81793
30.00000 48.00000 194238.36148
30.00000 49.00000 194246.35638
30.00000 50.00000 194259.68964
30.00000 51.00000 194286.04511
30.00000 52.00000 194306.09418
30.00000 53.00000 194311.52559
30.00000 54.00000 194305.09111
30.00000 55.00000 194322.25249
30.00000 56.00000 194344.84856
30.00000 57.00000 194356.47083
30.00000 58.00000 194366.29048
30.00000 59.00000 194378.90198
30.00000 60.00000 194381.88048
30.00000 61.00000 194368.54212
30.00000 62.00000 194350.99156
30.00000 63.00000 194369.08267
30.00000 64.00000 194378.15321
30.00000 65.00000 194383.39806
30.00000 66.00000 194393.95038
30.00000 67.00000 194414.97167
30.00000 68.00000 194429.15910
30.00000 69.00000 194438.07811
30.00000 70.00000 194446.67309
31.00000 25.00000 193928.40958
31.00000 26.00000 193949.96998
31.00000 27.00000 193963.89434
31.00000 28.00000 193996.47964
31.00000 29.00000 194016.56990
31.00000 30.00000 194001.27246
31.00000 31.00000 193980.11281
31.00000 32.00000 194009.98458
31.00000 33.00000 194028.67954
31.00000 34.00000 194029.59288
31.00000 35.00000 194031.97347
31.00000 36.00000 194046.15897
31.00000 37.00000 194058.28108
31.00000 38.00000 194069.16532
31.00000 39.00000 194076.01989
31.00000 40.00000 194097.67753
31.00000 41.00000 194115.10301
31.00000 42.00000 194130.69163
31.00000 43.00000 194149.36291
31.00000 44.00000 194161.81796
31.00000 45.00000 194167.73224
31.00000 46.00000 194166.13203
31.00000 47.00000 194176.44341
31.00000 48.00000 194194.61972
31.00000 49.00000 194203.37010
31.00000 50.00000 194219.81334
31.00000 51.00000 194246.77448
31.00000 52.00000 194265.26550
31.00000 53.00000 194270.14652
31.00000 54.00000 194263.71329
31.00000 55.00000 194280.32295
31.00000 56.00000 194300.71744
31.00000 57.00000 194312.92570
31.00000 58.00000 194328.62725
31.00000 59.00000 194341.92581
31.00000 60.00000 194345.16288
31.00000 61.00000 194333.20974
31.00000 62.00000 194316.41424
31.00000 63.00000 194333.33103
31.00000 64.00000 194340.95087
31.00000 65.00000 194345.65919
31.00000 66.00000 194357.42367
31.00000 67.00000 194378.14490
31.00000 68.00000 194392.13447
31.00000 69.00000 194401.83430
31.00000 70.00000 194411.71352
32.00000 25.00000 193924.65265
32.00000 26.00000 193946.95358
32.00000 27.00000 193960.62818
32.00000 28.00000 193993.66199
32.00000 29.00000 194011.79824
32.00000 30.00000 193991.72797
32.00000 31.00000 193969.70963
32.00000 32.00000 193993.29831
32.00000 33.00000 194023.90437
32.00000 34.00000 194025.92577
32.00000 35.00000 194026.94089
32.00000 36.00000 194041.90063
32.00000 37.00000 194054.64364
32.00000 38.00000 194064.58423
32.00000 39.00000 194071.28449
32.00000 40.00000 194096.28070
32.00000 41.00000 194114.56007
32.00000 42.00000 194128.28589
32.00000 43.00000 194144.92390
32.00000 44.00000 194159.07359
32.00000 45.00000 194164.15302
32.00000 46.00000 194158.58120
32.00000 47.00000 194168.08119
32.00000 48.00000 194188.26612
32.00000 49.00000 194196.85202
32.00000 50.00000 194210.76713
32.00000 51.00000 194238.32052
32.00000 52.00000 194260.72273
32.00000 53.00000 194266.44378
32.00000 54.00000 194259.74435
32.00000 55.00000 194277.17680
32.00000 56.00000 194296.92750
32.00000 57.00000 194307.87065
32.00000 58.00000 194323.28385
32.00000 59.00000 194339.10827
32.00000 60.00000 194343.67800
32.00000 61.00000 194329.47791
32.00000 62.00000 194308.53193
32.00000 63.00000 194326.93751
32.00000 64.00000 194337.33484
32.00000 65.00000 194343.41386
32.00000 66.00000 194356.18865
32.00000 67.00000 194376.82308
32.00000 68.00000 194389.23606
32.00000 69.00000 194396.39759
32.00000 70.00000 194404.01791
33.00000 25.00000 193921.38471
33.00000 26.00000 193945.37670
33.00000 27.00000 193959.21863
33.00000 28.00000 193991.19792
33.00000 29.00000 194007.46658
33.00000 30.00000 193983.02579
33.00000 31.00000 193957.86309
33.00000 32.00000 193987.10372
33.00000 33.00000 194010.55446
33.00000 34.00000 194022.64075
33.00000 35.00000 194023.95994
33.00000 36.00000 194037.43785
33.00000 37.00000 194051.25309
33.00000 38.00000 194062.46780
33.00000 39.00000 194069.29597
33.00000 40.00000 194094.78280
33.00000 41.00000 194113.26559
33.00000 42.00000 194124.99719
33.00000 43.00000 194138.57779
33.00000 44.00000 194152.24335
33.00000 45.00000 194158.22994
33.00000 46.00000 194152.66534
33.00000 47.00000 194162.02419
33.00000 48.00000 194183.30852
33.00000 49.00000 194192.74934
33.00000 50.00000 194204.03549
33.00000 51.00000 194228.77093
33.00000 52.00000 194252.84961
33.00000 53.00000 194261.60083
33.00000 54.00000 194257.20869
33.00000 55.00000 194274.57486
33.00000 56.00000 194292.28848
33.00000 57.00000 194301.36351
33.00000 58.00000 194316.08774
33.00000 59.00000 194332.04710
33.00000 60.00000 194338.59625
33.00000 61.00000 194326.74308
33.00000 62.00000 194304.45221
33.00000 63.00000 194321.81312
33.00000 64.00000 194332.35731
33.00000 65.00000 194339.84575
33.00000 66.00000 194355.22619
33.00000 67.00000 194375.82239
33.00000 68.00000 194387.64592
33.00000 69.00000 194394.03908
33.00000 70.00000 194399.67538
34.00000 25.00000 193910.52788
34.00000 26.00000 193935.11645
34.00000 27.00000 193950.11402
34.00000 28.00000 193979.32642
34.00000 29.00000 193992.55531
34.00000 30.00000 193965.19776
34.00000 31.00000 193937.14046
34.00000 32.00000 193964.12697
34.00000 33.00000 193993.17967
34.00000 34.00000 194012.31953
34.00000 35.00000 194017.07624
34.00000 36.00000 194025.54824
34.00000 37.00000 194038.75519
34.00000 38.00000 194052.86866
34.00000 39.00000 194061.48057
34.00000 40.00000 194085.45075
34.00000 41.00000 194102.45863
34.00000 42.00000 194111.84273
34.00000 43.00000 194122.91610
34.00000 44.00000 194135.70621
34.00000 45.00000 194143.71070
34.00000 46.00000 194142.01263
34.00000 47.00000 194152.61838
34.00000 48.00000 194173.16502
34.00000 49.00000 194182.17916
34.00000 50.00000 194190.84981
34.00000 51.00000 194211.74917
34.00000 52.00000 194235.71867
34.00000 53.00000 194248.79727
34.00000 54.00000 194250.18827
34.00000 55.00000 194266.75992
34.00000 56.00000 194281.51528
34.00000 57.00000 194288.28873
34.00000 58.00000 194300.92572
34.00000 59.00000 194314.22509
34.00000 60.00000 194320.96647
34.00000 61.00000 194312.76237
34.00000 62.00000 194293.32588
34.00000 63.00000 194308.73464
34.00000 64.00000 194319.54288
34.00000 65.00000 194329.87023
34.00000 66.00000 194348.91192
34.00000 67.00000 194367.48215
34.00000 68.00000 194377.49195
34.00000 69.00000 194383.72565
34.00000 70.00000 194388.62693
35.00000 25.00000 193905.84252
35.00000 26.00000 193928.43895
35.00000 27.00000 193943.20213
35.00000 28.00000 193969.45340
35.00000 29.00000 193979.80750
35.00000 30.00000 193952.73193
35.00000 31.00000 193926.60669
35.00000 32.00000 193953.11294
35.00000 33.00000 193980.94919
35.00000 34.00000 194001.03742
35.00000 35.00000 194013.50953
35.00000 36.00000 194015.55559
35.00000 37.00000 194027.92503
35.00000 38.00000 194044.87081
35.00000 39.00000 194056.96395
35.00000 40.00000 194080.09814
35.00000 41.00000 194095.02447
35.00000 42.00000 194102.72147
35.00000 43.00000 194112.67512
35.00000 44.00000 194124.46318
35.00000 45.00000 194133.54730
35.00000 46.00000 194135.90521
35.00000 47.00000 194148.78535
35.00000 48.00000 194168.80879
35.00000 49.00000 194176.52912
35.00000 50.00000 194183.95648
35.00000 51.00000 194202.54338
35.00000 52.00000 194223.97544
35.00000 53.00000 194238.90219
35.00000 54.00000 194246.23513
35.00000 55.00000 194262.63126
35.00000 56.00000 194274.79663
35.00000 57.00000 194278.77109
35.00000 58.00000 194288.15633
35.00000 59.00000 194298.69272
35.00000 60.00000 194304.68414
35.00000 61.00000 194298.45374
35.00000 62.00000 194283.35344
35.00000 63.00000 194298.34464
35.00000 64.00000 194310.14000
35.00000 65.00000 194322.90346
35.00000 66.00000 194344.98810
35.00000 67.00000 194361.85990
35.00000 68.00000 194369.33081
35.00000 69.00000 194374.38890
35.00000 70.00000 194379.03240
36.00000 25.00000 193914.24014
36.00000 26.00000 193933.82088
36.00000 27.00000 193945.55156
36.00000 28.00000 193971.67223
36.00000 29.00000 193981.76497
36.00000 30.00000 193956.02802
36.00000 31.00000 193931.18541
36.00000 32.00000 193960.21005
36.00000 33.00000 193989.75688
36.00000 34.00000 194007.96701
36.00000 35.00000 194017.70012
36.00000 36.00000 194032.14519
36.00000 37.00000 194040.54666
36.00000 38.00000 194052.46061
36.00000 39.00000 194063.01988
36.00000 40.00000 194091.93661
36.00000 41.00000 194107.06961
36.00000 42.00000 194112.39715
36.00000 43.00000 194122.16848
36.00000 44.00000 194133.06905
36.00000 45.00000 194139.77793
36.00000 46.00000 194139.44827
36.00000 47.00000 194153.63789
36.00000 48.00000 194179.55337
36.00000 49.00000 194190.90095
36.00000 50.00000 194198.59273
36.00000 51.00000 194218.55890
36.00000 52.00000 194235.91300
36.00000 53.00000 194245.12367
36.00000 54.00000 194249.37602
36.00000 55.00000 194270.72257
36.00000 56.00000 194284.95754
36.00000 57.00000 194286.97149
36.00000 58.00000 194291.75674
36.00000 59.00000 194304.73416
36.00000 60.00000 194311.58600
36.00000 61.00000 194303.89831
36.00000 62.00000 194287.41324
36.00000 63.00000 194304.42660
36.00000 64.00000 194317.24472
36.00000 65.00000 194330.61684
36.00000 66.00000 194354.27504
36.00000 67.00000 194377.99591
36.00000 68.00000 194386.37729
36.00000 69.00000 194387.75020
36.00000 70.00000 194388.15204
37.00000 25.00000 193906.11140
37.00000 26.00000 193924.09654
37.00000 27.00000 193933.48419
37.00000 28.00000 193957.67171
37.00000 29.00000 193967.70362
37.00000 30.00000 193945.49670
37.00000 31.00000 193924.57624
37.00000 32.00000 193955.08600
37.00000 33.00000 193986.82148
37.00000 34.00000 194006.56209
37.00000 35.00000 194014.97132
37.00000 36.00000 194027.93125
37.00000 37.00000 194040.49098
37.00000 38.00000 194046.68307
37.00000 39.00000 194056.09338
37.00000 40.00000 194089.69745
37.00000 41.00000 194108.77640
37.00000 42.00000 194114.17760
37.00000 43.00000 194123.58432
37.00000 44.00000 194132.41369
37.00000 45.00000 194135.32483
37.00000 46.00000 194130.77436
37.00000 47.00000 194144.21358
37.00000 48.00000 194173.35549
37.00000 49.00000 194189.76691
37.00000 50.00000 194201.80101
37.00000 51.00000 194223.03237
37.00000 52.00000 194238.19288
37.00000 53.00000 194243.25695
37.00000 54.00000 194242.54692
37.00000 55.00000 194265.08565
37.00000 56.00000 194279.82119
37.00000 57.00000 194281.04416
37.00000 58.00000 194283.57175
37.00000 59.00000 194298.26403
37.00000 60.00000 194306.81197
37.00000 61.00000 194299.79164
37.00000 62.00000 194283.76680
37.00000 63.00000 194301.81056
37.00000 64.00000 194314.56903
37.00000 65.00000 194327.96231
37.00000 66.00000 194352.34961
37.00000 67.00000 194381.06813
37.00000 68.00000 194393.10631
37.00000 69.00000 194394.27342
37.00000 70.00000 194391.72731
38.00000 25.00000 193892.59994
38.00000 26.00000 193909.53410
38.00000 27.00000 193917.81989
38.00000 28.00000 193938.76640
38.00000 29.00000 193947.99956
38.00000 30.00000 193930.58335
38.00000 31.00000 193915.77069
38.00000 32.00000 193948.01254
38.00000 33.00000 193980.18117
38.00000 34.00000 194002.37750
38.00000 35.00000 194011.60906
38.00000 36.00000 194021.78894
38.00000 37.00000 194029.97608
38.00000 38.00000 194035.80592
38.00000 39.00000 194043.27938
38.00000 40.00000 194079.00494
38.00000 41.00000 194104.58930
38.00000 42.00000 194117.33276
38.00000 43.00000 194127.82573
38.00000 44.00000 194134.69365
38.00000 45.00000 194133.03511
38.00000 46.00000 194121.18591
38.00000 47.00000 194131.92073
38.00000 48.00000 194161.65051
38.00000 49.00000 194182.19511
38.00000 50.00000 194201.66676
38.00000 51.00000 194224.10722
38.00000 52.00000 194236.57718
38.00000 53.00000 194238.78709
38.00000 54.00000 194234.21775
38.00000 55.00000 194255.15168
38.00000 56.00000 194267.62104
38.00000 57.00000 194267.31765
38.00000 58.00000 194271.65891
38.00000 59.00000 194287.79175
38.00000 60.00000 194298.37118
38.00000 61.00000 194293.55206
38.00000 62.00000 194280.56290
38.00000 63.00000 194300.48046
38.00000 64.00000 194313.14537
38.00000 65.00000 194325.33772
38.00000 66.00000 194349.08247
38.00000 67.00000 194378.82795
38.00000 68.00000 194393.24938
38.00000 69.00000 194395.77951
38.00000 70.00000 194394.05523
39.00000 25.00000 193876.91824
39.00000 26.00000 193893.70653
39.00000 27.00000 193902.32123
39.00000 28.00000 193921.19987
39.00000 29.00000 193929.26182
39.00000 30.00000 193915.12481
39.00000 31.00000 193905.12347
39.00000 32.00000 193939.98125
39.00000 33.00000 193972.44155
39.00000 34.00000 193994.89968
39.00000 35.00000 194005.92578
39.00000 36.00000 194012.88698
39.00000 37.00000 194016.44846
39.00000 38.00000 194021.23465
39.00000 39.00000 194030.77274
39.00000 40.00000 194065.23247
39.00000 41.00000 194092.84029
39.00000 42.00000 194110.30121
39.00000 43.00000 194123.21127
39.00000 44.00000 194129.81342
39.00000 45.00000 194126.73121
39.00000 46.00000 194112.06200
39.00000 47.00000 194121.28592
39.00000 48.00000 194150.22247
39.00000 49.00000 194172.15066
39.00000 50.00000 194195.74860
39.00000 51.00000 194219.33902
39.00000 52.00000 194230.44941
39.00000 53.00000 194230.60453
39.00000 54.00000 194223.83865
39.00000 55.00000 194242.96434
39.00000 56.00000 194253.45437
39.00000 57.00000 194251.83278
39.00000 58.00000 194258.49210
39.00000 59.00000 194275.50976
39.00000 60.00000 194287.40471
39.00000 61.00000 194283.71113
39.00000 62.00000 194273.46524
39.00000 63.00000 194296.08378
39.00000 64.00000 194310.53373
39.00000 65.00000 194322.65987
39.00000 66.00000 194345.33063
39.00000 67.00000 194373.87721
39.00000 68.00000 194388.16701
39.00000 69.00000 194391.02659
39.00000 70.00000 194391.50257
40.00000 25.00000 193890.30679
40.00000 26.00000 193906.33656
40.00000 27.00000 193912.83978
40.00000 28.00000 193932.15797
40.00000 29.00000 193939.19572
40.00000 30.00000 193925.12618
40.00000 31.00000 193914.94443
40.00000 32.00000 193953.43175
40.00000 33.00000 193987.91116
40.00000 34.00000 194010.10586
40.00000 35.00000 194020.56323
40.00000 36.00000 194030.94077
40.00000 37.00000 194034.73153
40.00000 38.00000 194035.59328
40.00000 39.00000 194041.32027
40.00000 40.00000 194075.28441
40.00000 41.00000 194106.33040
40.00000 42.00000 194123.08961
40.00000 43.00000 194134.43158
40.00000 44.00000 194144.31886
40.00000 45.00000 194140.75471
40.00000 46.00000 194124.42772
40.00000 47.00000 194133.37903
40.00000 48.00000 194162.44233
40.00000 49.00000 194184.63705
40.00000 50.00000 194208.53479
40.00000 51.00000 194234.32943
40.00000 52.00000 194247.49009
40.00000 53.00000 194245.16109
40.00000 54.00000 194232.18041
40.00000 55.00000 194251.36722
40.00000 56.00000 194266.81816
40.00000 57.00000 194265.90533
40.00000 58.00000 194272.95532
40.00000 59.00000 194290.56463
40.00000 60.00000 194302.23763
40.00000 61.00000 194295.47439
40.00000 62.00000 194281.24619
40.00000 63.00000 194306.16224
40.00000 64.00000 194327.12929
40.00000 65.00000 194343.90174
40.00000 66.00000 194366.08032
40.00000 67.00000 194393.20801
40.00000 68.00000 194403.25185
40.00000 69.00000 194400.80985
40.00000 70.00000 194398.60388
41.00000 25.00000 193913.42416
41.00000 26.00000 193930.27370
41.00000 27.00000 193934.92835
41.00000 28.00000 193954.71402
41.00000 29.00000 193961.77999
41.00000 30.00000 193947.08909
41.00000 31.00000 193935.90076
41.00000 32.00000 193973.98209
41.00000 33.00000 194007.27207
41.00000 34.00000 194026.95053
41.00000 35.00000 194035.35659
41.00000 36.00000 194045.86883
41.00000 37.00000 194055.08677
41.00000 38.00000 194061.46248
41.00000 39.00000 194066.31688
41.00000 40.00000 194098.43128
41.00000 41.00000 194121.28237
41.00000 42.00000 194140.01184
41.00000 43.00000 194150.21175
41.00000 44.00000 194159.98872
41.00000 45.00000 194159.43813
41.00000 46.00000 194145.52058
41.00000 47.00000 194153.78368
41.00000 48.00000 194180.69875
41.00000 49.00000 194201.37314
41.00000 50.00000 194225.42943
41.00000 51.00000 194251.66999
41.00000 52.00000 194266.50878
41.00000 53.00000 194264.87655
41.00000 54.00000 194248.71561
41.00000 55.00000 194265.70099
41.00000 56.00000 194283.38342
41.00000 57.00000 194285.55653
41.00000 58.00000 194295.00476
41.00000 59.00000 194313.58872
41.00000 60.00000 194325.49413
41.00000 61.00000 194317.13489
41.00000 62.00000 194299.55393
41.00000 63.00000 194322.85938
41.00000 64.00000 194344.38417
41.00000 65.00000 194363.79649
41.00000 66.00000 194387.25311
41.00000 67.00000 194413.56810
41.00000 68.00000 194422.78221
41.00000 69.00000 194419.31220
41.00000 70.00000 194415.46481
42.00000 25.00000 193935.43200
42.00000 26.00000 193955.13583
42.00000 27.00000 193960.84485
42.00000 28.00000 193982.99479
42.00000 29.00000 193991.27666
42.00000 30.00000 193973.85280
42.00000 31.00000 193959.62485
42.00000 32.00000 193994.20877
42.00000 33.00000 194023.82886
42.00000 34.00000 194038.57037
42.00000 35.00000 194043.65457
42.00000 36.00000 194051.06362
42.00000 37.00000 194064.34623
42.00000 38.00000 194081.90138
42.00000 39.00000 194091.11661
42.00000 40.00000 194117.88147
42.00000 41.00000 194138.48156
42.00000 42.00000 194146.58959
42.00000 43.00000 194158.27559
42.00000 44.00000 194164.98881
42.00000 45.00000 194167.95975
42.00000 46.00000 194162.40540
42.00000 47.00000 194172.03367
42.00000 48.00000 194195.92666
42.00000 49.00000 194213.49947
42.00000 50.00000 194236.78115
42.00000 51.00000 194262.79743
42.00000 52.00000 194278.08912
42.00000 53.00000 194278.92257
42.00000 54.00000 194264.89787
42.00000 55.00000 194279.35641
42.00000 56.00000 194296.33084
42.00000 57.00000 194301.81844
42.00000 58.00000 194314.60259
42.00000 59.00000 194332.49818
42.00000 60.00000 194343.72587
42.00000 61.00000 194335.54910
42.00000 62.00000 194317.20612
42.00000 63.00000 194337.22651
42.00000 64.00000 194355.93758
42.00000 65.00000 194375.03737
42.00000 66.00000 194399.95831
42.00000 67.00000 194424.75826
42.00000 68.00000 194434.90459
42.00000 69.00000 194435.44649
42.00000 70.00000 194434.15827
43.00000 25.00000 193958.02018
43.00000 26.00000 193977.49726
43.00000 27.00000 193984.54440
43.00000 28.00000 194009.65802
43.00000 29.00000 194020.65032
43.00000 30.00000 194002.24011
43.00000 31.00000 193985.52325
43.00000 32.00000 194017.40461
43.00000 33.00000 194043.87689
43.00000 34.00000 194055.32074
43.00000 35.00000 194058.60542
43.00000 36.00000 194063.47210
43.00000 37.00000 194075.95953
43.00000 38.00000 194094.81321
43.00000 39.00000 194106.26160
43.00000 40.00000 194129.93446
43.00000 41.00000 194146.32718
43.00000 42.00000 194155.76306
43.00000 43.00000 194166.23645
43.00000 44.00000 194175.44729
43.00000 45.00000 194179.56188
43.00000 46.00000 194177.32191
43.00000 47.00000 194188.45793
43.00000 48.00000 194210.43436
43.00000 49.00000 194224.37940
43.00000 50.00000 194244.93581
43.00000 51.00000 194271.61783
43.00000 52.00000 194287.45731
43.00000 53.00000 194288.60675
43.00000 54.00000 194277.07067
43.00000 55.00000 194290.90153
43.00000 56.00000 194306.89638
43.00000 57.00000 194313.39710
43.00000 58.00000 194327.09674
43.00000 59.00000 194346.14176
43.00000 60.00000 194357.60821
43.00000 61.00000 194349.49725
43.00000 62.00000 194331.87034
43.00000 63.00000 194350.29707
43.00000 64.00000 194366.55377
43.00000 65.00000 194383.90119
43.00000 66.00000 194408.85326
43.00000 67.00000 194433.58919
43.00000 68.00000 194444.56434
43.00000 69.00000 194447.35744
43.00000 70.00000 194449.08886
44.00000 25.00000 193944.10369
44.00000 26.00000 193963.55137
44.00000 27.00000 193971.43958
44.00000 28.00000 193998.62882
44.00000 29.00000 194012.81298
44.00000 30.00000 193995.25753
44.00000 31.00000 193976.30755
44.00000 32.00000 194007.66136
44.00000 33.00000 194034.27304
44.00000 34.00000 194045.38826
44.00000 35.00000 194048.52080
44.00000 36.00000 194051.46171
44.00000 37.00000 194059.87829
44.00000 38.00000 194076.66455
44.00000 39.00000 194089.43536
44.00000 40.00000 194116.80063
44.00000 41.00000 194132.16133
44.00000 42.00000 194136.70732
44.00000 43.00000 194149.25407
44.00000 44.00000 194164.15635
44.00000 45.00000 194170.42604
44.00000 46.00000 194167.17209
44.00000 47.00000 194176.98828
44.00000 48.00000 194199.12576
44.00000 49.00000 194211.42093
44.00000 50.00000 194227.39117
44.00000 51.00000 194254.87929
44.00000 52.00000 194273.77156
44.00000 53.00000 194275.61620
44.00000 54.00000 194265.49690
44.00000 55.00000 194279.88566
44.00000 56.00000 194293.76909
44.00000 57.00000 194297.72793
44.00000 58.00000 194308.43068
44.00000 59.00000 194331.60469
44.00000 60.00000 194346.87598
44.00000 61.00000 194339.93074
44.00000 62.00000 194322.86931
44.00000 63.00000 194341.34401
44.00000 64.00000 194355.57700
44.00000 65.00000 194370.74251
44.00000 66.00000 194395.37620
44.00000 67.00000 194423.62780
44.00000 68.00000 194437.93438
44.00000 69.00000 194442.09101
44.00000 70.00000 194444.52462
45.00000 25.00000 193901.39453
45.00000 26.00000 193922.60542
45.00000 27.00000 193933.86610
45.00000 28.00000 193959.97518
45.00000 29.00000 193974.83275
45.00000 30.00000 193960.44485
45.00000 31.00000 193943.64123
45.00000 32.00000 193973.08620
45.00000 33.00000 194000.00872
45.00000 34.00000 194013.62501
45.00000 35.00000 194019.18074
45.00000 36.00000 194022.37076
45.00000 37.00000 194026.71811
45.00000 38.00000 194038.31778
45.00000 39.00000 194050.17656
45.00000 40.00000 194080.06519
45.00000 41.00000 194099.29977
45.00000 42.00000 194105.68147
45.00000 43.00000 194118.44553
45.00000 44.00000 194133.34265
45.00000 45.00000 194138.44692
45.00000 46.00000 194135.09060
45.00000 47.00000 194144.30686
45.00000 48.00000 194165.38083
45.00000 49.00000 194178.55247
45.00000 50.00000 194192.67112
45.00000 51.00000 194217.94836
45.00000 52.00000 194236.59926
45.00000 53.00000 194240.04214
45.00000 54.00000 194232.38562
45.00000 55.00000 194246.06555
45.00000 56.00000 194257.87582
45.00000 57.00000 194260.65839
45.00000 58.00000 194270.48736
45.00000 59.00000 194292.92131
45.00000 60.00000 194308.81411
45.00000 61.00000 194305.36278
45.00000 62.00000 194291.91849
45.00000 63.00000 194309.66290
45.00000 64.00000 194322.54942
45.00000 65.00000 194336.49709
45.00000 66.00000 194360.75665
45.00000 67.00000 194389.48015
45.00000 68.00000 194406.98723
45.00000 69.00000 194415.15682
45.00000 70.00000 194419.94080
46.00000 25.00000 193847.77086
46.00000 26.00000 193870.75610
46.00000 27.00000 193887.44138
46.00000 28.00000 193911.64947
46.00000 29.00000 193923.17472
46.00000 30.00000 193910.10280
46.00000 31.00000 193899.07366
46.00000 32.00000 193927.76235
46.00000 33.00000 193954.43844
46.00000 34.00000 193972.29282
46.00000 35.00000 193982.52931
46.00000 36.00000 193985.63206
46.00000 37.00000 193985.96187
46.00000 38.00000 193990.01334
46.00000 39.00000 193999.26103
46.00000 40.00000 194029.64051
46.00000 41.00000 194052.44055
46.00000 42.00000 194066.20123
46.00000 43.00000 194081.42627
46.00000 44.00000 194094.32447
46.00000 45.00000 194099.96011
46.00000 46.00000 194098.17451
46.00000 47.00000 194101.29907
46.00000 48.00000 194120.69176
46.00000 49.00000 194134.37840
46.00000 50.00000 194151.57113
46.00000 51.00000 194174.26597
46.00000 52.00000 194189.87402
46.00000 53.00000 194193.73003
46.00000 54.00000 194189.71403
46.00000 55.00000 194203.13242
46.00000 56.00000 194213.64119
46.00000 57.00000 194215.85592
46.00000 58.00000 194225.10402
46.00000 59.00000 194243.99522
46.00000 60.00000 194257.47376
46.00000 61.00000 194256.45865
46.00000 62.00000 194248.65312
46.00000 63.00000 194267.14711
46.00000 64.00000 194279.79542
46.00000 65.00000 194292.29378
46.00000 66.00000 194315.27185
46.00000 67.00000 194342.13024
46.00000 68.00000 194360.74484
46.00000 69.00000 194372.54377
46.00000 70.00000 194381.80587
47.00000 25.00000 193827.89819
47.00000 26.00000 193850.13451
47.00000 27.00000 193867.29483
47.00000 28.00000 193891.88467
47.00000 29.00000 193900.24771
47.00000 30.00000 193883.93296
47.00000 31.00000 193873.32233
47.00000 32.00000 193904.06121
47.00000 33.00000 193931.32200
47.00000 34.00000 193950.90690
47.00000 35.00000 193963.74361
47.00000 36.00000 193969.14416
47.00000 37.00000 193968.38194
47.00000 38.00000 193968.51292
47.00000 39.00000 193975.12375
47.00000 40.00000 194007.72458
47.00000 41.00000 194032.66837
47.00000 42.00000 194049.55206
47.00000 43.00000 194065.74720
47.00000 44.00000 194077.63418
47.00000 45.00000 194078.09243
47.00000 46.00000 194070.53160
47.00000 47.00000 194082.72812
47.00000 48.00000 194097.59032
47.00000 49.00000 194110.40869
47.00000 50.00000 194128.43272
47.00000 51.00000 194151.67569
47.00000 52.00000 194165.51234
47.00000 53.00000 194168.08091
47.00000 54.00000 194165.00671
47.00000 55.00000 194181.40730
47.00000 56.00000 194194.52839
47.00000 57.00000 194197.52399
47.00000 58.00000 194205.23615
47.00000 59.00000 194222.54138
47.00000 60.00000 194234.63416
47.00000 61.00000 194232.43212
47.00000 62.00000 194223.39720
47.00000 63.00000 194244.48519
47.00000 64.00000 194258.20552
47.00000 65.00000 194269.17729
47.00000 66.00000 194289.34973
47.00000 67.00000 194315.63495
47.00000 68.00000 194333.93400
47.00000 69.00000 194345.95164
47.00000 70.00000 194356.18992
48.00000 25.00000 193826.44180
48.00000 26.00000 193847.34348
48.00000 27.00000 193861.25254
48.00000 28.00000 193887.10341
48.00000 29.00000 193894.85471
48.00000 30.00000 193875.39734
48.00000 31.00000 193861.96074
48.00000 32.00000 193893.28677
48.00000 33.00000 193921.54794
48.00000 34.00000 193940.46424
48.00000 35.00000 193951.95347
48.00000 36.00000 193963.48917
48.00000 37.00000 193966.11720
48.00000 38.00000 193965.90469
48.00000 39.00000 193969.53291
48.00000 40.00000 194000.72701
48.00000 41.00000 194025.81125
48.00000 42.00000 194042.01930
48.00000 43.00000 194055.95942
48.00000 44.00000 194066.52349
48.00000 45.00000 194064.86245
48.00000 46.00000 194050.83087
48.00000 47.00000 194058.47147
48.00000 48.00000 194092.35544
48.00000 49.00000 194102.60049
48.00000 50.00000 194117.99923
48.00000 51.00000 194142.09995
48.00000 52.00000 194157.62883
48.00000 53.00000 194158.11696
48.00000 54.00000 194152.56849
48.00000 55.00000 194171.93372
48.00000 56.00000 194190.26895
48.00000 57.00000 194196.12287
48.00000 58.00000 194201.68407
48.00000 59.00000 194218.77769
48.00000 60.00000 194230.87689
48.00000 61.00000 194227.26349
48.00000 62.00000 194213.52504
48.00000 63.00000 194234.88464
48.00000 64.00000 194249.74700
48.00000 65.00000 194260.60271
48.00000 66.00000 194277.27723
48.00000 67.00000 194304.11555
48.00000 68.00000 194323.31882
48.00000 69.00000 194335.79328
48.00000 70.00000 194343.88172
49.00000 25.00000 193827.76580
49.00000 26.00000 193847.90693
49.00000 27.00000 193857.64097
49.00000 28.00000 193882.15733
49.00000 29.00000 193891.59859
49.00000 30.00000 193872.78610
49.00000 31.00000 193858.84962
49.00000 32.00000 193888.35939
49.00000 33.00000 193914.93401
49.00000 34.00000 193931.25105
49.00000 35.00000 193939.40745
49.00000 36.00000 193953.70646
49.00000 37.00000 193962.87021
49.00000 38.00000 193967.79593
49.00000 39.00000 193972.51684
49.00000 40.00000 194000.61677
49.00000 41.00000 194023.59817
49.00000 42.00000 194039.05124
49.00000 43.00000 194050.96812
49.00000 44.00000 194059.47280
49.00000 45.00000 194058.69743
49.00000 46.00000 194046.68314
49.00000 47.00000 194051.92272
49.00000 48.00000 194076.25844
49.00000 49.00000 194100.57193
49.00000 50.00000 194113.33930
49.00000 51.00000 194135.65117
49.00000 52.00000 194151.81689
49.00000 53.00000 194153.00256
49.00000 54.00000 194146.77606
49.00000 55.00000 194167.04483
49.00000 56.00000 194188.25431
49.00000 57.00000 194198.23367
49.00000 58.00000 194205.09859
49.00000 59.00000 194220.86005
49.00000 60.00000 194231.32215
49.00000 61.00000 194226.98233
49.00000 62.00000 194211.37999
49.00000 63.00000 194231.07871
49.00000 64.00000 194245.14727
49.00000 65.00000 194256.39861
49.00000 66.00000 194271.07671
49.00000 67.00000 194296.71414
49.00000 68.00000 194316.64018
49.00000 69.00000 194331.62116
49.00000 70.00000 194339.44381
50.00000 25.00000 193835.82919
50.00000 26.00000 193854.65246
50.00000 27.00000 193860.51868
50.00000 28.00000 193882.64084
50.00000 29.00000 193895.62692
50.00000 30.00000 193882.35998
50.00000 31.00000 193870.83021
50.00000 32.00000 193897.77532
50.00000 33.00000 193921.20355
50.00000 34.00000 193931.29751
50.00000 35.00000 193933.91066
50.00000 36.00000 193945.01621
50.00000 37.00000 193960.28834
50.00000 38.00000 193975.40773
50.00000 39.00000 193985.49108
50.00000 40.00000 194011.74382
50.00000 41.00000 194032.83229
50.00000 42.00000 194047.27914
50.00000 43.00000 194056.70902
50.00000 44.00000 194061.22282
50.00000 45.00000 194059.98143
50.00000 46.00000 194051.79114
50.00000 47.00000 194057.54829
50.00000 48.00000 194079.32962
50.00000 49.00000 194099.79412
50.00000 50.00000 194114.87467
50.00000 51.00000 194134.12519
50.00000 52.00000 194147.98526
50.00000 53.00000 194153.63513
50.00000 54.00000 194152.08239
50.00000 55.00000 194171.34335
50.00000 56.00000 194191.30090
50.00000 57.00000 194203.11469
50.00000 58.00000 194214.49392
50.00000 59.00000 194228.14212
50.00000 60.00000 194236.25790
50.00000 61.00000 194232.32809
50.00000 62.00000 194220.09179
50.00000 63.00000 194237.78797
50.00000 64.00000 194249.78918
50.00000 65.00000 194261.62146
50.00000 66.00000 194277.46635
50.00000 67.00000 194299.44322
50.00000 68.00000 194317.23931
50.00000 69.00000 194333.67415
50.00000 70.00000 194344.29206
51.00000 25.00000 193856.37327
51.00000 26.00000 193873.80387
51.00000 27.00000 193878.30907
51.00000 28.00000 193899.67579
51.00000 29.00000 193913.18294
51.00000 30.00000 193901.80131
51.00000 31.00000 193890.41032
51.00000 32.00000 193917.98354
51.00000 33.00000 193941.14626
51.00000 34.00000 193950.51604
51.00000 35.00000 193952.69325
51.00000 36.00000 193961.78592
51.00000 37.00000 193976.45910
51.00000 38.00000 193992.73454
51.00000 39.00000 194004.36851
51.00000 40.00000 194031.91131
51.00000 41.00000 194052.04764
51.00000 42.00000 194065.54894
51.00000 43.00000 194075.36895
51.00000 44.00000 194080.79973
51.00000 45.00000 194079.19332
51.00000 46.00000 194070.11303
51.00000 47.00000 194076.93693
51.00000 48.00000 194098.33812
51.00000 49.00000 194114.84210
51.00000 50.00000 194130.72478
51.00000 51.00000 194147.40242
51.00000 52.00000 194160.75252
51.00000 53.00000 194167.45167
51.00000 54.00000 194167.63361
51.00000 55.00000 194188.65758
51.00000 56.00000 194207.97233
51.00000 57.00000 194218.38869
51.00000 58.00000 194230.23873
51.00000 59.00000 194245.19498
51.00000 60.00000 194251.83758
51.00000 61.00000 194245.59571
51.00000 62.00000 194234.99225
51.00000 63.00000 194255.97557
51.00000 64.00000 194269.31965
51.00000 65.00000 194280.49867
51.00000 66.00000 194297.41136
51.00000 67.00000 194319.44116
51.00000 68.00000 194333.35470
51.00000 69.00000 194345.67505
51.00000 70.00000 194356.50895
52.00000 25.00000 193873.55783
52.00000 26.00000 193889.94645
52.00000 27.00000 193893.55467
52.00000 28.00000 193914.62972
52.00000 29.00000 193927.28232
52.00000 30.00000 193916.32294
52.00000 31.00000 193904.50551
52.00000 32.00000 193932.58228
52.00000 33.00000 193956.06322
52.00000 34.00000 193966.46173
52.00000 35.00000 193969.64808
52.00000 36.00000 193979.35255
52.00000 37.00000 193990.99824
52.00000 38.00000 194003.45173
52.00000 39.00000 194013.57945
52.00000 40.00000 194043.82281
52.00000 41.00000 194063.83286
52.00000 42.00000 194075.55495
52.00000 43.00000 194085.57913
52.00000 44.00000 194094.78207
52.00000 45.00000 194094.57046
52.00000 46.00000 194084.50555
52.00000 47.00000 194092.03434
52.00000 48.00000 194114.23190
52.00000 49.00000 194126.05792
52.00000 50.00000 194135.39102
52.00000 51.00000 194155.38845
52.00000 52.00000 194172.64957
52.00000 53.00000 194181.78181
52.00000 54.00000 194180.25684
52.00000 55.00000 194201.92993
52.00000 56.00000 194220.70401
52.00000 57.00000 194227.29393
52.00000 58.00000 194237.75045
52.00000 59.00000 194255.84968
52.00000 60.00000 194263.24543
52.00000 61.00000 194254.30175
52.00000 62.00000 194242.87922
52.00000 63.00000 194268.58840
52.00000 64.00000 194286.48527
52.00000 65.00000 194298.29626
52.00000 66.00000 194315.81811
52.00000 67.00000 194340.86516
52.00000 68.00000 194353.09194
52.00000 69.00000 194359.17106
52.00000 70.00000 194366.38833
53.00000 25.00000 193867.00556
53.00000 26.00000 193886.07062
53.00000 27.00000 193892.62604
53.00000 28.00000 193912.01324
53.00000 29.00000 193921.44332
53.00000 30.00000 193909.64281
53.00000 31.00000 193898.73822
53.00000 32.00000 193925.28603
53.00000 33.00000 193947.74730
53.00000 34.00000 193959.10439
53.00000 35.00000 193963.50042
53.00000 36.00000 193972.99489
53.00000 37.00000 193983.13768
53.00000 38.00000 193993.16432
53.00000 39.00000 194001.75668
53.00000 40.00000 194031.42962
53.00000 41.00000 194051.63729
53.00000 42.00000 194062.93512
53.00000 43.00000 194072.28424
53.00000 44.00000 194082.22564
53.00000 45.00000 194084.08091
53.00000 46.00000 194075.62266
53.00000 47.00000 194083.81184
53.00000 48.00000 194104.78650
53.00000 49.00000 194116.41525
53.00000 50.00000 194127.01742
53.00000 51.00000 194147.47618
53.00000 52.00000 194165.72713
53.00000 53.00000 194167.18735
53.00000 54.00000 194169.10148
53.00000 55.00000 194191.02202
53.00000 56.00000 194210.40776
53.00000 57.00000 194216.14351
53.00000 58.00000 194227.08924
53.00000 59.00000 194245.49587
53.00000 60.00000 194253.10827
53.00000 61.00000 194243.71301
53.00000 62.00000 194233.34100
53.00000 63.00000 194260.88523
53.00000 64.00000 194281.09800
53.00000 65.00000 194295.28912
53.00000 66.00000 194314.88324
53.00000 67.00000 194341.62816
53.00000 68.00000 194355.52845
53.00000 69.00000 194360.57284
53.00000 70.00000 194365.53728
54.00000 25.00000 193839.59523
54.00000 26.00000 193862.17266
54.00000 27.00000 193875.86144
54.00000 28.00000 193895.29175
54.00000 29.00000 193899.17655
54.00000 30.00000 193882.84472
54.00000 31.00000 193872.62684
54.00000 32.00000 193898.89547
54.00000 33.00000 193920.97424
54.00000 34.00000 193934.21871
54.00000 35.00000 193941.80653
54.00000 36.00000 193950.81809
54.00000 37.00000 193958.62653
54.00000 38.00000 193965.24127
54.00000 39.00000 193973.36572
54.00000 40.00000 194001.55940
54.00000 41.00000 194020.22916
54.00000 42.00000 194031.72232
54.00000 43.00000 194041.44532
54.00000 44.00000 194051.13762
54.00000 45.00000 194054.66403
54.00000 46.00000 194049.07626
54.00000 47.00000 194059.85437
54.00000 48.00000 194080.16149
54.00000 49.00000 194091.23823
54.00000 50.00000 194105.57320
54.00000 51.00000 194128.54786
54.00000 52.00000 194146.17858
54.00000 53.00000 194154.03461
54.00000 54.00000 194147.38937
54.00000 55.00000 194168.08427
54.00000 56.00000 194185.01283
54.00000 57.00000 194190.94780
54.00000 58.00000 194202.94553
54.00000 59.00000 194220.03890
54.00000 60.00000 194227.88736
54.00000 61.00000 194219.15047
54.00000 62.00000 194211.24815
54.00000 63.00000 194240.53304
54.00000 64.00000 194261.35157
54.00000 65.00000 194276.70774
54.00000 66.00000 194299.13174
54.00000 67.00000 194327.12158
54.00000 68.00000 194343.36416
54.00000 69.00000 194349.67611
54.00000 70.00000 194353.79971
55.00000 25.00000 193831.13953
55.00000 26.00000 193854.18621
55.00000 27.00000 193869.45549
55.00000 28.00000 193890.49615
55.00000 29.00000 193890.60099
55.00000 30.00000 193870.29915
55.00000 31.00000 193858.55032
55.00000 32.00000 193888.11810
55.00000 33.00000 193912.02513
55.00000 34.00000 193925.82954
55.00000 35.00000 193933.05430
55.00000 36.00000 193941.43349
55.00000 37.00000 193947.69489
55.00000 38.00000 193950.84320
55.00000 39.00000 193957.32367
55.00000 40.00000 193991.27502
55.00000 41.00000 194013.23310
55.00000 42.00000 194025.80818
55.00000 43.00000 194034.59147
55.00000 44.00000 194040.99869
55.00000 45.00000 194041.00730
55.00000 46.00000 194032.47937
55.00000 47.00000 194046.17168
55.00000 48.00000 194072.29940
55.00000 49.00000 194086.24789
55.00000 50.00000 194100.33071
55.00000 51.00000 194124.47984
55.00000 52.00000 194142.43071
55.00000 53.00000 194145.50161
55.00000 54.00000 194141.62432
55.00000 55.00000 194165.34689
55.00000 56.00000 194185.07894
55.00000 57.00000 194189.78781
55.00000 58.00000 194197.22964
55.00000 59.00000 194214.00011
55.00000 60.00000 194220.93067
55.00000 61.00000 194210.54335
55.00000 62.00000 194202.30692
55.00000 63.00000 194234.47242
55.00000 64.00000 194258.23437
55.00000 65.00000 194274.18450
55.00000 66.00000 194294.76747
55.00000 67.00000 194325.15082
55.00000 68.00000 194342.10546
55.00000 69.00000 194347.31768
55.00000 70.00000 194349.85753
