k1 k2 chisq 
11.00000 25.00000 255095.93030
11.00000 26.00000 255128.19633
11.00000 27.00000 255160.31042
11.00000 28.00000 255244.63824
11.00000 29.00000 255292.64905
11.00000 30.00000 255243.04124
11.00000 31.00000 255192.14036
11.00000 32.00000 255192.20178
11.00000 33.00000 255188.91263
11.00000 34.00000 255175.27786
11.00000 35.00000 255171.07315
11.00000 36.00000 255164.94564
11.00000 37.00000 255153.46488
11.00000 38.00000 255143.52963
11.00000 39.00000 255134.13086
11.00000 40.00000 255153.43439
11.00000 41.00000 255192.97325
11.00000 42.00000 255234.34252
11.00000 43.00000 255279.49093
11.00000 44.00000 255291.11401
11.00000 45.00000 255294.03225
11.00000 46.00000 255304.86417
11.00000 47.00000 255328.22599
11.00000 48.00000 255348.84920
11.00000 49.00000 255361.05207
11.00000 50.00000 255358.32642
11.00000 51.00000 255370.81904
11.00000 52.00000 255379.56620
11.00000 53.00000 255377.55671
11.00000 54.00000 255371.99794
11.00000 55.00000 255383.03406
11.00000 56.00000 255397.22355
11.00000 57.00000 255409.96307
11.00000 58.00000 255413.70127
11.00000 59.00000 255419.12668
11.00000 60.00000 255432.98192
11.00000 61.00000 255449.98955
11.00000 62.00000 255455.95262
11.00000 63.00000 255469.87715
11.00000 64.00000 255471.23336
11.00000 65.00000 255466.96010
11.00000 66.00000 255474.00764
11.00000 67.00000 255506.64619
11.00000 68.00000 255529.59650
11.00000 69.00000 255543.99861
11.00000 70.00000 255549.67654
12.00000 25.00000 255143.69546
12.00000 26.00000 255173.83677
12.00000 27.00000 255202.82641
12.00000 28.00000 255283.20897
12.00000 29.00000 255329.60774
12.00000 30.00000 255280.35147
12.00000 31.00000 255230.06767
12.00000 32.00000 255230.02601
12.00000 33.00000 255225.23452
12.00000 34.00000 255209.78582
12.00000 35.00000 255203.42860
12.00000 36.00000 255197.21946
12.00000 37.00000 255185.84465
12.00000 38.00000 255175.36563
12.00000 39.00000 255164.70082
12.00000 40.00000 255183.09584
12.00000 41.00000 255222.18447
12.00000 42.00000 255263.85194
12.00000 43.00000 255308.84166
12.00000 44.00000 255319.56838
12.00000 45.00000 255321.19998
12.00000 46.00000 255331.04441
12.00000 47.00000 255353.49644
12.00000 48.00000 255372.67698
12.00000 49.00000 255383.81420
12.00000 50.00000 255381.20340
12.00000 51.00000 255393.18712
12.00000 52.00000 255400.37857
12.00000 53.00000 255397.36178
12.00000 54.00000 255392.82873
12.00000 55.00000 255405.49567
12.00000 56.00000 255420.48869
12.00000 57.00000 255433.08612
12.00000 58.00000 255436.08202
12.00000 59.00000 255440.91775
12.00000 60.00000 255453.70525
12.00000 61.00000 255469.34407
12.00000 62.00000 255475.55094
12.00000 63.00000 255489.40428
12.00000 64.00000 255489.55584
12.00000 65.00000 255483.81573
12.00000 66.00000 255490.88198
12.00000 67.00000 255523.20923
12.00000 68.00000 255545.34618
12.00000 69.00000 255558.94088
12.00000 70.00000 255565.49306
13.00000 25.00000 255166.29019
13.00000 26.00000 255197.16463
13.00000 27.00000 255227.51039
13.00000 28.00000 255306.63706
13.00000 29.00000 255350.70744
13.00000 30.00000 255299.01458
13.00000 31.00000 255245.29782
13.00000 32.00000 255245.99431
13.00000 33.00000 255240.39399
13.00000 34.00000 255224.20720
13.00000 35.00000 255216.57827
13.00000 36.00000 255211.50552
13.00000 37.00000 255198.77298
13.00000 38.00000 255186.06890
13.00000 39.00000 255174.46588
13.00000 40.00000 255192.45581
13.00000 41.00000 255230.10260
13.00000 42.00000 255269.87634
13.00000 43.00000 255314.23087
13.00000 44.00000 255325.83648
13.00000 45.00000 255328.09572
13.00000 46.00000 255338.39756
13.00000 47.00000 255361.69339
13.00000 48.00000 255381.31192
13.00000 49.00000 255390.78833
13.00000 50.00000 255385.38403
13.00000 51.00000 255398.25230
13.00000 52.00000 255407.17473
13.00000 53.00000 255403.87803
13.00000 54.00000 255397.36613
13.00000 55.00000 255408.51343
13.00000 56.00000 255421.68645
13.00000 57.00000 255432.26588
13.00000 58.00000 255433.37002
13.00000 59.00000 255440.55198
13.00000 60.00000 255455.97975
13.00000 61.00000 255473.21504
13.00000 62.00000 255479.92139
13.00000 63.00000 255492.55138
13.00000 64.00000 255490.45278
13.00000 65.00000 255481.45223
13.00000 66.00000 255485.40067
13.00000 67.00000 255519.29928
13.00000 68.00000 255542.59574
13.00000 69.00000 255556.36407
13.00000 70.00000 255563.77865
14.00000 25.00000 255172.59259
14.00000 26.00000 255205.77569
14.00000 27.00000 255239.77607
14.00000 28.00000 255317.57259
14.00000 29.00000 255359.62703
14.00000 30.00000 255305.66429
14.00000 31.00000 255248.78188
14.00000 32.00000 255249.84066
14.00000 33.00000 255244.33794
14.00000 34.00000 255227.95493
14.00000 35.00000 255219.19045
14.00000 36.00000 255213.84068
14.00000 37.00000 255199.49457
14.00000 38.00000 255184.68107
14.00000 39.00000 255172.35292
14.00000 40.00000 255189.94951
14.00000 41.00000 255226.85396
14.00000 42.00000 255265.55518
14.00000 43.00000 255308.92923
14.00000 44.00000 255319.54239
14.00000 45.00000 255321.17756
14.00000 46.00000 255331.10517
14.00000 47.00000 255355.64333
14.00000 48.00000 255377.57284
14.00000 49.00000 255388.21134
14.00000 50.00000 255382.37959
14.00000 51.00000 255395.72134
14.00000 52.00000 255405.76948
14.00000 53.00000 255402.85396
14.00000 54.00000 255394.95297
14.00000 55.00000 255403.66140
14.00000 56.00000 255414.35660
14.00000 57.00000 255422.70810
14.00000 58.00000 255421.75345
14.00000 59.00000 255430.63168
14.00000 60.00000 255448.68849
14.00000 61.00000 255468.65603
14.00000 62.00000 255477.32623
14.00000 63.00000 255488.95657
14.00000 64.00000 255485.08978
14.00000 65.00000 255474.14360
14.00000 66.00000 255476.04063
14.00000 67.00000 255510.59500
14.00000 68.00000 255534.46190
14.00000 69.00000 255548.95613
14.00000 70.00000 255557.96212
15.00000 25.00000 254999.65724
15.00000 26.00000 255037.63151
15.00000 27.00000 255077.73739
15.00000 28.00000 255157.19030
15.00000 29.00000 255202.09768
15.00000 30.00000 255152.92780
15.00000 31.00000 255102.20250
15.00000 32.00000 255109.56153
15.00000 33.00000 255108.85714
15.00000 34.00000 255095.46406
15.00000 35.00000 255088.44678
15.00000 36.00000 255084.52204
15.00000 37.00000 255071.68493
15.00000 38.00000 255058.96988
15.00000 39.00000 255050.03180
15.00000 40.00000 255071.09745
15.00000 41.00000 255110.64552
15.00000 42.00000 255151.08043
15.00000 43.00000 255195.52792
15.00000 44.00000 255206.70791
15.00000 45.00000 255208.71574
15.00000 46.00000 255218.62028
15.00000 47.00000 255246.35679
15.00000 48.00000 255274.71254
15.00000 49.00000 255291.53370
15.00000 50.00000 255290.32453
15.00000 51.00000 255305.66720
15.00000 52.00000 255316.77433
15.00000 53.00000 255314.29084
15.00000 54.00000 255305.94241
15.00000 55.00000 255314.49350
15.00000 56.00000 255326.19811
15.00000 57.00000 255335.82608
15.00000 58.00000 255334.82778
15.00000 59.00000 255345.74290
15.00000 60.00000 255367.28454
15.00000 61.00000 255391.83922
15.00000 62.00000 255404.79986
15.00000 63.00000 255417.47813
15.00000 64.00000 255413.27549
15.00000 65.00000 255401.77527
15.00000 66.00000 255403.41712
15.00000 67.00000 255438.81719
15.00000 68.00000 255464.45286
15.00000 69.00000 255482.19252
15.00000 70.00000 255494.81761
16.00000 25.00000 254834.50239
16.00000 26.00000 254873.77570
16.00000 27.00000 254914.93228
16.00000 28.00000 254995.76114
16.00000 29.00000 255043.85205
16.00000 30.00000 255000.36715
16.00000 31.00000 254957.36837
16.00000 32.00000 254972.42533
16.00000 33.00000 254977.85866
16.00000 34.00000 254967.88114
16.00000 35.00000 254963.09682
16.00000 36.00000 254961.11184
16.00000 37.00000 254950.04854
16.00000 38.00000 254939.59610
16.00000 39.00000 254933.58260
16.00000 40.00000 254957.89083
16.00000 41.00000 254999.98260
16.00000 42.00000 255042.12543
16.00000 43.00000 255087.98038
16.00000 44.00000 255100.71775
16.00000 45.00000 255104.14055
16.00000 46.00000 255114.23733
16.00000 47.00000 255143.05872
16.00000 48.00000 255174.58857
16.00000 49.00000 255195.82086
16.00000 50.00000 255198.40059
16.00000 51.00000 255215.86782
16.00000 52.00000 255227.91806
16.00000 53.00000 255225.70896
16.00000 54.00000 255216.47346
16.00000 55.00000 255225.84630
16.00000 56.00000 255239.44361
16.00000 57.00000 255251.62004
16.00000 58.00000 255252.47104
16.00000 59.00000 255264.59006
16.00000 60.00000 255287.51502
16.00000 61.00000 255314.33630
16.00000 62.00000 255330.26025
16.00000 63.00000 255345.54382
16.00000 64.00000 255343.05561
16.00000 65.00000 255332.72537
16.00000 66.00000 255334.76713
16.00000 67.00000 255370.57075
16.00000 68.00000 255397.32821
16.00000 69.00000 255416.84043
16.00000 70.00000 255430.71095
17.00000 25.00000 254740.67780
17.00000 26.00000 254778.80521
17.00000 27.00000 254818.42318
17.00000 28.00000 254897.76492
17.00000 29.00000 254946.62765
17.00000 30.00000 254907.57851
17.00000 31.00000 254870.59472
17.00000 32.00000 254890.57284
17.00000 33.00000 254900.71196
17.00000 34.00000 254893.70908
17.00000 35.00000 254891.61936
17.00000 36.00000 254891.81065
17.00000 37.00000 254882.76860
17.00000 38.00000 254874.53483
17.00000 39.00000 254869.87814
17.00000 40.00000 254894.86702
17.00000 41.00000 254936.56006
17.00000 42.00000 254978.53780
17.00000 43.00000 255025.02296
17.00000 44.00000 255039.38798
17.00000 45.00000 255044.69442
17.00000 46.00000 255056.99151
17.00000 47.00000 255086.95400
17.00000 48.00000 255118.23811
17.00000 49.00000 255139.04762
17.00000 50.00000 255140.94760
17.00000 51.00000 255158.39612
17.00000 52.00000 255170.57083
17.00000 53.00000 255168.39307
17.00000 54.00000 255159.45536
17.00000 55.00000 255170.16136
17.00000 56.00000 255185.27232
17.00000 57.00000 255198.82782
17.00000 58.00000 255202.05846
17.00000 59.00000 255215.19915
17.00000 60.00000 255238.39172
17.00000 61.00000 255265.22165
17.00000 62.00000 255281.44065
17.00000 63.00000 255299.29968
17.00000 64.00000 255299.21374
17.00000 65.00000 255290.36025
17.00000 66.00000 255293.77682
17.00000 67.00000 255330.09152
17.00000 68.00000 255356.90278
17.00000 69.00000 255375.98070
17.00000 70.00000 255387.47777
18.00000 25.00000 254642.30401
18.00000 26.00000 254682.53058
18.00000 27.00000 254722.24016
18.00000 28.00000 254800.10855
18.00000 29.00000 254848.97963
18.00000 30.00000 254812.37014
18.00000 31.00000 254778.78706
18.00000 32.00000 254800.55505
18.00000 33.00000 254814.35792
18.00000 34.00000 254811.52628
18.00000 35.00000 254812.78043
18.00000 36.00000 254813.47674
18.00000 37.00000 254807.23092
18.00000 38.00000 254803.25152
18.00000 39.00000 254801.49456
18.00000 40.00000 254828.71395
18.00000 41.00000 254871.86518
18.00000 42.00000 254914.63021
18.00000 43.00000 254960.87862
18.00000 44.00000 254974.98536
18.00000 45.00000 254981.07513
18.00000 46.00000 254995.74825
18.00000 47.00000 255027.43293
18.00000 48.00000 255060.08810
18.00000 49.00000 255081.63136
18.00000 50.00000 255083.47796
18.00000 51.00000 255100.04622
18.00000 52.00000 255111.97120
18.00000 53.00000 255110.52969
18.00000 54.00000 255103.80523
18.00000 55.00000 255115.93244
18.00000 56.00000 255132.59726
18.00000 57.00000 255147.90463
18.00000 58.00000 255153.80955
18.00000 59.00000 255167.16314
18.00000 60.00000 255190.03672
18.00000 61.00000 255216.45692
18.00000 62.00000 255232.49946
18.00000 63.00000 255252.49874
18.00000 64.00000 255255.36022
18.00000 65.00000 255249.19033
18.00000 66.00000 255255.46303
18.00000 67.00000 255292.33342
18.00000 68.00000 255319.22188
18.00000 69.00000 255337.95801
18.00000 70.00000 255347.47735
19.00000 25.00000 254521.60460
19.00000 26.00000 254566.28264
19.00000 27.00000 254607.93753
19.00000 28.00000 254685.68695
19.00000 29.00000 254735.99242
19.00000 30.00000 254701.32040
19.00000 31.00000 254668.11255
19.00000 32.00000 254689.47291
19.00000 33.00000 254705.68028
19.00000 34.00000 254706.61156
19.00000 35.00000 254710.69754
19.00000 36.00000 254709.79156
19.00000 37.00000 254706.24746
19.00000 38.00000 254708.14460
19.00000 39.00000 254711.26031
19.00000 40.00000 254742.00451
19.00000 41.00000 254788.66788
19.00000 42.00000 254833.46681
19.00000 43.00000 254879.38165
19.00000 44.00000 254891.69089
19.00000 45.00000 254897.95285
19.00000 46.00000 254915.50595
19.00000 47.00000 254949.41259
19.00000 48.00000 254984.48322
19.00000 49.00000 255008.12648
19.00000 50.00000 255011.56733
19.00000 51.00000 255027.33890
19.00000 52.00000 255039.13170
19.00000 53.00000 255039.88997
19.00000 54.00000 255037.36009
19.00000 55.00000 255050.68416
19.00000 56.00000 255068.24854
19.00000 57.00000 255084.95374
19.00000 58.00000 255093.59756
19.00000 59.00000 255106.72738
19.00000 60.00000 255129.16023
19.00000 61.00000 255155.41298
19.00000 62.00000 255171.96903
19.00000 63.00000 255193.00874
19.00000 64.00000 255198.65289
19.00000 65.00000 255196.49325
19.00000 66.00000 255207.45918
19.00000 67.00000 255245.32357
19.00000 68.00000 255272.32354
19.00000 69.00000 255290.58653
19.00000 70.00000 255299.02224
20.00000 25.00000 254474.68772
20.00000 26.00000 254518.65160
20.00000 27.00000 254559.47048
20.00000 28.00000 254636.24667
20.00000 29.00000 254686.30976
20.00000 30.00000 254652.88487
20.00000 31.00000 254619.82721
20.00000 32.00000 254642.48213
20.00000 33.00000 254660.81221
20.00000 34.00000 254664.55366
20.00000 35.00000 254670.89881
20.00000 36.00000 254668.05269
20.00000 37.00000 254663.58648
20.00000 38.00000 254667.18268
20.00000 39.00000 254673.18238
20.00000 40.00000 254707.25645
20.00000 41.00000 254755.38358
20.00000 42.00000 254800.34124
20.00000 43.00000 254845.60884
20.00000 44.00000 254855.93534
20.00000 45.00000 254860.97951
20.00000 46.00000 254879.23925
20.00000 47.00000 254914.16789
20.00000 48.00000 254950.08701
20.00000 49.00000 254974.20424
20.00000 50.00000 254978.23147
20.00000 51.00000 254995.57042
20.00000 52.00000 255007.85977
20.00000 53.00000 255009.62899
20.00000 54.00000 255010.24663
20.00000 55.00000 255025.30764
20.00000 56.00000 255042.65627
20.00000 57.00000 255058.22901
20.00000 58.00000 255066.69868
20.00000 59.00000 255082.10891
20.00000 60.00000 255105.85590
20.00000 61.00000 255132.05052
20.00000 62.00000 255149.04408
20.00000 63.00000 255170.03791
20.00000 64.00000 255175.29094
20.00000 65.00000 255173.82612
20.00000 66.00000 255187.13633
20.00000 67.00000 255227.24422
20.00000 68.00000 255254.36873
20.00000 69.00000 255271.00639
20.00000 70.00000 255278.83081
21.00000 25.00000 254557.15613
21.00000 26.00000 254597.96466
21.00000 27.00000 254635.75893
21.00000 28.00000 254707.59401
21.00000 29.00000 254749.51887
21.00000 30.00000 254711.45404
21.00000 31.00000 254677.18283
21.00000 32.00000 254700.78662
21.00000 33.00000 254720.30367
21.00000 34.00000 254726.19355
21.00000 35.00000 254735.42088
21.00000 36.00000 254733.66044
21.00000 37.00000 254725.62978
21.00000 38.00000 254724.23007
21.00000 39.00000 254728.02818
21.00000 40.00000 254763.23169
21.00000 41.00000 254810.33354
21.00000 42.00000 254853.04155
21.00000 43.00000 254896.58400
21.00000 44.00000 254906.42431
21.00000 45.00000 254909.34909
21.00000 46.00000 254924.04272
21.00000 47.00000 254956.23884
21.00000 48.00000 254990.24527
21.00000 49.00000 255012.32636
21.00000 50.00000 255014.21294
21.00000 51.00000 255032.01949
21.00000 52.00000 255044.95603
21.00000 53.00000 255046.75867
21.00000 54.00000 255048.20352
21.00000 55.00000 255064.70019
21.00000 56.00000 255081.41159
21.00000 57.00000 255093.94642
21.00000 58.00000 255097.79579
21.00000 59.00000 255114.04904
21.00000 60.00000 255138.46762
21.00000 61.00000 255164.34027
21.00000 62.00000 255180.73015
21.00000 63.00000 255201.08665
21.00000 64.00000 255205.18077
21.00000 65.00000 255202.58773
21.00000 66.00000 255214.48515
21.00000 67.00000 255254.74542
21.00000 68.00000 255280.83307
21.00000 69.00000 255295.42790
21.00000 70.00000 255301.24358
22.00000 25.00000 254633.17058
22.00000 26.00000 254669.90626
22.00000 27.00000 254705.02271
22.00000 28.00000 254771.70073
22.00000 29.00000 254805.13415
22.00000 30.00000 254761.71427
22.00000 31.00000 254727.24237
22.00000 32.00000 254753.72212
22.00000 33.00000 254776.06988
22.00000 34.00000 254783.31352
22.00000 35.00000 254794.34952
22.00000 36.00000 254795.24435
22.00000 37.00000 254786.23249
22.00000 38.00000 254779.50250
22.00000 39.00000 254779.15324
22.00000 40.00000 254814.86984
22.00000 41.00000 254861.62243
22.00000 42.00000 254902.59234
22.00000 43.00000 254944.57048
22.00000 44.00000 254955.87769
22.00000 45.00000 254958.55633
22.00000 46.00000 254969.08693
22.00000 47.00000 254996.84252
22.00000 48.00000 255028.55506
22.00000 49.00000 255049.04175
22.00000 50.00000 255049.71942
22.00000 51.00000 255067.75656
22.00000 52.00000 255080.85811
22.00000 53.00000 255082.10894
22.00000 54.00000 255081.72193
22.00000 55.00000 255099.92935
22.00000 56.00000 255118.61751
22.00000 57.00000 255130.92417
22.00000 58.00000 255131.65207
22.00000 59.00000 255147.34861
22.00000 60.00000 255170.49526
22.00000 61.00000 255194.66224
22.00000 62.00000 255208.80790
22.00000 63.00000 255228.66528
22.00000 64.00000 255232.45570
22.00000 65.00000 255229.63143
22.00000 66.00000 255239.45679
22.00000 67.00000 255278.38224
22.00000 68.00000 255303.44866
22.00000 69.00000 255317.37233
22.00000 70.00000 255321.91555
23.00000 25.00000 254698.86295
23.00000 26.00000 254731.48246
23.00000 27.00000 254765.72033
23.00000 28.00000 254828.18491
23.00000 29.00000 254856.53165
23.00000 30.00000 254809.97912
23.00000 31.00000 254775.74198
23.00000 32.00000 254805.84057
23.00000 33.00000 254831.15358
23.00000 34.00000 254837.73744
23.00000 35.00000 254847.39707
23.00000 36.00000 254848.39311
23.00000 37.00000 254838.87618
23.00000 38.00000 254828.65678
23.00000 39.00000 254824.72823
23.00000 40.00000 254859.84532
23.00000 41.00000 254906.83461
23.00000 42.00000 254947.86521
23.00000 43.00000 254989.42444
23.00000 44.00000 255002.72265
23.00000 45.00000 255005.93741
23.00000 46.00000 255013.07102
23.00000 47.00000 255036.31948
23.00000 48.00000 255066.13378
23.00000 49.00000 255086.11321
23.00000 50.00000 255087.44424
23.00000 51.00000 255105.42205
23.00000 52.00000 255117.77297
23.00000 53.00000 255117.79437
23.00000 54.00000 255114.20900
23.00000 55.00000 255133.04297
23.00000 56.00000 255153.92052
23.00000 57.00000 255167.67999
23.00000 58.00000 255168.19256
23.00000 59.00000 255182.61537
23.00000 60.00000 255203.80897
23.00000 61.00000 255226.20510
23.00000 62.00000 255237.95804
23.00000 63.00000 255256.92199
23.00000 64.00000 255260.09103
23.00000 65.00000 255256.81856
23.00000 66.00000 255264.40909
23.00000 67.00000 255300.62951
23.00000 68.00000 255324.93516
23.00000 69.00000 255339.72920
23.00000 70.00000 255344.66141
24.00000 25.00000 254766.26327
24.00000 26.00000 254797.06192
24.00000 27.00000 254826.41765
24.00000 28.00000 254885.79639
24.00000 29.00000 254912.75922
24.00000 30.00000 254866.53119
24.00000 31.00000 254830.76691
24.00000 32.00000 254858.21641
24.00000 33.00000 254883.09201
24.00000 34.00000 254888.40882
24.00000 35.00000 254895.94252
24.00000 36.00000 254895.91854
24.00000 37.00000 254885.03578
24.00000 38.00000 254871.79332
24.00000 39.00000 254864.19083
24.00000 40.00000 254897.69018
24.00000 41.00000 254946.60598
24.00000 42.00000 254988.74777
24.00000 43.00000 255030.34558
24.00000 44.00000 255043.75621
24.00000 45.00000 255046.12718
24.00000 46.00000 255050.39187
24.00000 47.00000 255069.70122
24.00000 48.00000 255095.73287
24.00000 49.00000 255114.98335
24.00000 50.00000 255117.83932
24.00000 51.00000 255138.02247
24.00000 52.00000 255152.24027
24.00000 53.00000 255152.73384
24.00000 54.00000 255145.74334
24.00000 55.00000 255163.15067
24.00000 56.00000 255183.69846
24.00000 57.00000 255197.80555
24.00000 58.00000 255199.28747
24.00000 59.00000 255213.70337
24.00000 60.00000 255233.75598
24.00000 61.00000 255254.72393
24.00000 62.00000 255263.51220
24.00000 63.00000 255280.36321
24.00000 64.00000 255281.76180
24.00000 65.00000 255277.42771
24.00000 66.00000 255283.77362
24.00000 67.00000 255320.94609
24.00000 68.00000 255346.70260
24.00000 69.00000 255361.70328
24.00000 70.00000 255366.81295
25.00000 25.00000 254784.73516
25.00000 26.00000 254833.59471
25.00000 27.00000 254856.58922
25.00000 28.00000 254915.05953
25.00000 29.00000 254942.17738
25.00000 30.00000 254899.16298
25.00000 31.00000 254863.73596
25.00000 32.00000 254884.21706
25.00000 33.00000 254902.65879
25.00000 34.00000 254905.06188
25.00000 35.00000 254911.17013
25.00000 36.00000 254909.72402
25.00000 37.00000 254897.26361
25.00000 38.00000 254883.01844
25.00000 39.00000 254874.51911
25.00000 40.00000 254905.96193
25.00000 41.00000 254955.90899
25.00000 42.00000 254999.05236
25.00000 43.00000 255040.33037
25.00000 44.00000 255052.16256
25.00000 45.00000 255053.05905
25.00000 46.00000 255057.13746
25.00000 47.00000 255075.92169
25.00000 48.00000 255099.04006
25.00000 49.00000 255116.46235
25.00000 50.00000 255119.43633
25.00000 51.00000 255140.95731
25.00000 52.00000 255157.59377
25.00000 53.00000 255160.12477
25.00000 54.00000 255153.37654
25.00000 55.00000 255169.28608
25.00000 56.00000 255187.08315
25.00000 57.00000 255199.23596
25.00000 58.00000 255202.39221
25.00000 59.00000 255218.40033
25.00000 60.00000 255238.86248
25.00000 61.00000 255258.99151
25.00000 62.00000 255263.64389
25.00000 63.00000 255276.67847
25.00000 64.00000 255277.05100
25.00000 65.00000 255273.48771
25.00000 66.00000 255281.32791
25.00000 67.00000 255319.55098
25.00000 68.00000 255345.68660
25.00000 69.00000 255359.22677
25.00000 70.00000 255363.78217
26.00000 25.00000 254798.07509
26.00000 26.00000 254841.57737
26.00000 27.00000 254870.76296
26.00000 28.00000 254932.70378
26.00000 29.00000 254968.45974
26.00000 30.00000 254934.34265
26.00000 31.00000 254895.31080
26.00000 32.00000 254905.45899
26.00000 33.00000 254912.80747
26.00000 34.00000 254908.75643
26.00000 35.00000 254911.91500
26.00000 36.00000 254908.13460
26.00000 37.00000 254894.32683
26.00000 38.00000 254880.42229
26.00000 39.00000 254872.25809
26.00000 40.00000 254900.58101
26.00000 41.00000 254949.21688
26.00000 42.00000 254992.64262
26.00000 43.00000 255033.56270
26.00000 44.00000 255042.36211
26.00000 45.00000 255041.66700
26.00000 46.00000 255048.41345
26.00000 47.00000 255069.91020
26.00000 48.00000 255092.67587
26.00000 49.00000 255109.23397
26.00000 50.00000 255112.04803
26.00000 51.00000 255133.51314
26.00000 52.00000 255150.95086
26.00000 53.00000 255154.93099
26.00000 54.00000 255150.80579
26.00000 55.00000 255164.05939
26.00000 56.00000 255177.16938
26.00000 57.00000 255187.24412
26.00000 58.00000 255193.78359
26.00000 59.00000 255210.92643
26.00000 60.00000 255232.32845
26.00000 61.00000 255252.58309
26.00000 62.00000 255254.97012
26.00000 63.00000 255264.05912
26.00000 64.00000 255264.09966
26.00000 65.00000 255262.73657
26.00000 66.00000 255274.03877
26.00000 67.00000 255312.47524
26.00000 68.00000 255337.40231
26.00000 69.00000 255348.52461
26.00000 70.00000 255353.22466
27.00000 25.00000 254812.65257
27.00000 26.00000 254838.68829
27.00000 27.00000 254881.24322
27.00000 28.00000 254954.25359
27.00000 29.00000 254998.12502
27.00000 30.00000 254968.87733
27.00000 31.00000 254927.60112
27.00000 32.00000 254928.63980
27.00000 33.00000 254927.17127
27.00000 34.00000 254917.15460
27.00000 35.00000 254915.64893
27.00000 36.00000 254908.74185
27.00000 37.00000 254893.97153
27.00000 38.00000 254880.95664
27.00000 39.00000 254873.10582
27.00000 40.00000 254898.35396
27.00000 41.00000 254944.63395
27.00000 42.00000 254987.10455
27.00000 43.00000 255027.22381
27.00000 44.00000 255033.42228
27.00000 45.00000 255031.68182
27.00000 46.00000 255040.99574
27.00000 47.00000 255065.12803
27.00000 48.00000 255089.28886
27.00000 49.00000 255106.57121
27.00000 50.00000 255109.53843
27.00000 51.00000 255129.58892
27.00000 52.00000 255146.26723
27.00000 53.00000 255150.50461
27.00000 54.00000 255148.42283
27.00000 55.00000 255157.96240
27.00000 56.00000 255167.08058
27.00000 57.00000 255177.19250
27.00000 58.00000 255186.85840
27.00000 59.00000 255203.59179
27.00000 60.00000 255225.80715
27.00000 61.00000 255247.20770
27.00000 62.00000 255250.25903
27.00000 63.00000 255256.89361
27.00000 64.00000 255256.78911
27.00000 65.00000 255257.07596
27.00000 66.00000 255271.33335
27.00000 67.00000 255308.65265
27.00000 68.00000 255331.47851
27.00000 69.00000 255341.01858
27.00000 70.00000 255347.12918
28.00000 25.00000 254871.54158
28.00000 26.00000 254892.10737
28.00000 27.00000 254918.42602
28.00000 28.00000 255004.14610
28.00000 29.00000 255058.10007
28.00000 30.00000 255028.97499
28.00000 31.00000 254983.71701
28.00000 32.00000 254982.63957
28.00000 33.00000 254977.65300
28.00000 34.00000 254966.22739
28.00000 35.00000 254963.43885
28.00000 36.00000 254952.58956
28.00000 37.00000 254935.37681
28.00000 38.00000 254921.85517
28.00000 39.00000 254914.12592
28.00000 40.00000 254940.14120
28.00000 41.00000 254985.82965
28.00000 42.00000 255027.94702
28.00000 43.00000 255068.59271
28.00000 44.00000 255073.83699
28.00000 45.00000 255069.84421
28.00000 46.00000 255077.42148
28.00000 47.00000 255102.10307
28.00000 48.00000 255127.12934
28.00000 49.00000 255143.25977
28.00000 50.00000 255143.95801
28.00000 51.00000 255164.70898
28.00000 52.00000 255182.46803
28.00000 53.00000 255187.55503
28.00000 54.00000 255187.86992
28.00000 55.00000 255198.99366
28.00000 56.00000 255206.12872
28.00000 57.00000 255213.30655
28.00000 58.00000 255220.74177
28.00000 59.00000 255239.20072
28.00000 60.00000 255262.16701
28.00000 61.00000 255282.58660
28.00000 62.00000 255285.20373
28.00000 63.00000 255290.41451
28.00000 64.00000 255287.47089
28.00000 65.00000 255285.48695
28.00000 66.00000 255299.59723
28.00000 67.00000 255341.34842
28.00000 68.00000 255365.87873
28.00000 69.00000 255373.93680
28.00000 70.00000 255380.33119
29.00000 25.00000 254886.76431
29.00000 26.00000 254912.00383
29.00000 27.00000 254942.93969
29.00000 28.00000 255009.91249
29.00000 29.00000 255067.27073
29.00000 30.00000 255041.77917
29.00000 31.00000 254992.96310
29.00000 32.00000 254994.38272
29.00000 33.00000 254990.28411
29.00000 34.00000 254978.30741
29.00000 35.00000 254975.65272
29.00000 36.00000 254965.10023
29.00000 37.00000 254947.65460
29.00000 38.00000 254934.43920
29.00000 39.00000 254927.20112
29.00000 40.00000 254952.94343
29.00000 41.00000 254996.24132
29.00000 42.00000 255036.18649
29.00000 43.00000 255077.02659
29.00000 44.00000 255084.38748
29.00000 45.00000 255081.11669
29.00000 46.00000 255088.04301
29.00000 47.00000 255113.58121
29.00000 48.00000 255139.20713
29.00000 49.00000 255153.54083
29.00000 50.00000 255151.19894
29.00000 51.00000 255171.66644
29.00000 52.00000 255190.68233
29.00000 53.00000 255197.07220
29.00000 54.00000 255199.96479
29.00000 55.00000 255214.62612
29.00000 56.00000 255224.67946
29.00000 57.00000 255231.10202
29.00000 58.00000 255234.38774
29.00000 59.00000 255251.85385
29.00000 60.00000 255273.64012
29.00000 61.00000 255292.73687
29.00000 62.00000 255294.81432
29.00000 63.00000 255299.87451
29.00000 64.00000 255295.35209
29.00000 65.00000 255290.87033
29.00000 66.00000 255303.28032
29.00000 67.00000 255346.84366
29.00000 68.00000 255374.03576
29.00000 69.00000 255384.46663
29.00000 70.00000 255390.41925
30.00000 25.00000 254804.80826
30.00000 26.00000 254841.55301
30.00000 27.00000 254878.08249
30.00000 28.00000 254949.11195
30.00000 29.00000 254987.26964
30.00000 30.00000 254953.25625
30.00000 31.00000 254902.83469
30.00000 32.00000 254912.78738
30.00000 33.00000 254919.54691
30.00000 34.00000 254909.84571
30.00000 35.00000 254906.75418
30.00000 36.00000 254897.60613
30.00000 37.00000 254881.88102
30.00000 38.00000 254870.36848
30.00000 39.00000 254865.23579
30.00000 40.00000 254892.11508
30.00000 41.00000 254934.06762
30.00000 42.00000 254972.42559
30.00000 43.00000 255013.25892
30.00000 44.00000 255025.06342
30.00000 45.00000 255026.79645
30.00000 46.00000 255035.73269
30.00000 47.00000 255061.93384
30.00000 48.00000 255089.55296
30.00000 49.00000 255104.84556
30.00000 50.00000 255101.89424
30.00000 51.00000 255121.42307
30.00000 52.00000 255140.32158
30.00000 53.00000 255146.90350
30.00000 54.00000 255150.77951
30.00000 55.00000 255169.46523
30.00000 56.00000 255186.98540
30.00000 57.00000 255198.65260
30.00000 58.00000 255201.00686
30.00000 59.00000 255215.89252
30.00000 60.00000 255235.47250
30.00000 61.00000 255253.83243
30.00000 62.00000 255256.87806
30.00000 63.00000 255264.04685
30.00000 64.00000 255259.62230
30.00000 65.00000 255252.84852
30.00000 66.00000 255261.67814
30.00000 67.00000 255303.76722
30.00000 68.00000 255333.08437
30.00000 69.00000 255348.88627
30.00000 70.00000 255355.88400
31.00000 25.00000 254740.97998
31.00000 26.00000 254778.05214
31.00000 27.00000 254814.67117
31.00000 28.00000 254882.73776
31.00000 29.00000 254917.07109
31.00000 30.00000 254873.27513
31.00000 31.00000 254831.75906
31.00000 32.00000 254844.27842
31.00000 33.00000 254860.30939
31.00000 34.00000 254853.92102
31.00000 35.00000 254851.12989
31.00000 36.00000 254840.95494
31.00000 37.00000 254826.12671
31.00000 38.00000 254815.90721
31.00000 39.00000 254812.03690
31.00000 40.00000 254838.99042
31.00000 41.00000 254879.98969
31.00000 42.00000 254918.48439
31.00000 43.00000 254959.86865
31.00000 44.00000 254974.16639
31.00000 45.00000 254980.10396
31.00000 46.00000 254991.80111
31.00000 47.00000 255018.67840
31.00000 48.00000 255048.09572
31.00000 49.00000 255066.86553
31.00000 50.00000 255068.05264
31.00000 51.00000 255086.40313
31.00000 52.00000 255102.42851
31.00000 53.00000 255106.80804
31.00000 54.00000 255108.56506
31.00000 55.00000 255128.73898
31.00000 56.00000 255151.67541
31.00000 57.00000 255169.14818
31.00000 58.00000 255174.48220
31.00000 59.00000 255186.77901
31.00000 60.00000 255204.38938
31.00000 61.00000 255222.43216
31.00000 62.00000 255227.57695
31.00000 63.00000 255237.94656
31.00000 64.00000 255234.77327
31.00000 65.00000 255226.80656
31.00000 66.00000 255232.39303
31.00000 67.00000 255270.26694
31.00000 68.00000 255299.05130
31.00000 69.00000 255318.66502
31.00000 70.00000 255327.45233
32.00000 25.00000 254742.65595
32.00000 26.00000 254775.21853
32.00000 27.00000 254807.17643
32.00000 28.00000 254874.54248
32.00000 29.00000 254915.63048
32.00000 30.00000 254879.07071
32.00000 31.00000 254835.58410
32.00000 32.00000 254838.70150
32.00000 33.00000 254855.97135
32.00000 34.00000 254848.46335
32.00000 35.00000 254844.61729
32.00000 36.00000 254839.13025
32.00000 37.00000 254828.25573
32.00000 38.00000 254818.33226
32.00000 39.00000 254811.75558
32.00000 40.00000 254833.97939
32.00000 41.00000 254872.97391
32.00000 42.00000 254911.60660
32.00000 43.00000 254954.55218
32.00000 44.00000 254973.15551
32.00000 45.00000 254983.87636
32.00000 46.00000 254998.35914
32.00000 47.00000 255024.66351
32.00000 48.00000 255049.73661
32.00000 49.00000 255066.12666
32.00000 50.00000 255067.59396
32.00000 51.00000 255086.77073
32.00000 52.00000 255102.61642
32.00000 53.00000 255106.01697
32.00000 54.00000 255103.95341
32.00000 55.00000 255122.12772
32.00000 56.00000 255144.54732
32.00000 57.00000 255162.51992
32.00000 58.00000 255168.37412
32.00000 59.00000 255180.78116
32.00000 60.00000 255199.97044
32.00000 61.00000 255219.95674
32.00000 62.00000 255227.10689
32.00000 63.00000 255240.23067
32.00000 64.00000 255237.80300
32.00000 65.00000 255229.20858
32.00000 66.00000 255232.94965
32.00000 67.00000 255270.00723
32.00000 68.00000 255298.26295
32.00000 69.00000 255317.36298
32.00000 70.00000 255325.91285
33.00000 25.00000 254727.59629
33.00000 26.00000 254756.99310
33.00000 27.00000 254787.82083
33.00000 28.00000 254851.85514
33.00000 29.00000 254893.12719
33.00000 30.00000 254865.34264
33.00000 31.00000 254830.65036
33.00000 32.00000 254833.37460
33.00000 33.00000 254829.38971
33.00000 34.00000 254828.75629
33.00000 35.00000 254821.66512
33.00000 36.00000 254817.85921
33.00000 37.00000 254814.26243
33.00000 38.00000 254810.05762
33.00000 39.00000 254803.66642
33.00000 40.00000 254820.72838
33.00000 41.00000 254855.31058
33.00000 42.00000 254892.17014
33.00000 43.00000 254935.12027
33.00000 44.00000 254955.14768
33.00000 45.00000 254969.14579
33.00000 46.00000 254988.46493
33.00000 47.00000 255018.54841
33.00000 48.00000 255042.82869
33.00000 49.00000 255056.88405
33.00000 50.00000 255056.44982
33.00000 51.00000 255074.14648
33.00000 52.00000 255089.01470
33.00000 53.00000 255092.36795
33.00000 54.00000 255090.00300
33.00000 55.00000 255107.09549
33.00000 56.00000 255127.87861
33.00000 57.00000 255144.65231
33.00000 58.00000 255150.22615
33.00000 59.00000 255162.50854
33.00000 60.00000 255183.07613
33.00000 61.00000 255205.36585
33.00000 62.00000 255215.54503
33.00000 63.00000 255231.02805
33.00000 64.00000 255229.86583
33.00000 65.00000 255221.72441
33.00000 66.00000 255225.54542
33.00000 67.00000 255261.49337
33.00000 68.00000 255288.01475
33.00000 69.00000 255305.44234
33.00000 70.00000 255313.67539
34.00000 25.00000 254691.42622
34.00000 26.00000 254720.28427
34.00000 27.00000 254752.41024
34.00000 28.00000 254813.84863
34.00000 29.00000 254851.03918
34.00000 30.00000 254824.60994
34.00000 31.00000 254797.90586
34.00000 32.00000 254801.50635
34.00000 33.00000 254792.56526
34.00000 34.00000 254783.22261
34.00000 35.00000 254783.90579
34.00000 36.00000 254779.23189
34.00000 37.00000 254778.50742
34.00000 38.00000 254782.30302
34.00000 39.00000 254780.13647
34.00000 40.00000 254795.19870
34.00000 41.00000 254826.84931
34.00000 42.00000 254861.82557
34.00000 43.00000 254903.34852
34.00000 44.00000 254921.57928
34.00000 45.00000 254934.85396
34.00000 46.00000 254956.77636
34.00000 47.00000 254990.78572
34.00000 48.00000 255018.47541
34.00000 49.00000 255034.06683
34.00000 50.00000 255032.18807
34.00000 51.00000 255046.13114
34.00000 52.00000 255056.60948
34.00000 53.00000 255057.56972
34.00000 54.00000 255057.15999
34.00000 55.00000 255076.09304
34.00000 56.00000 255097.83507
34.00000 57.00000 255115.12105
34.00000 58.00000 255120.55586
34.00000 59.00000 255131.24512
34.00000 60.00000 255150.83125
34.00000 61.00000 255173.68213
34.00000 62.00000 255187.67013
34.00000 63.00000 255206.46744
34.00000 64.00000 255207.52996
34.00000 65.00000 255200.58669
34.00000 66.00000 255205.37132
34.00000 67.00000 255239.05176
34.00000 68.00000 255262.89372
34.00000 69.00000 255278.07762
34.00000 70.00000 255286.16950
35.00000 25.00000 254667.18284
35.00000 26.00000 254696.33597
35.00000 27.00000 254728.65392
35.00000 28.00000 254787.26481
35.00000 29.00000 254820.83175
35.00000 30.00000 254791.09646
35.00000 31.00000 254764.25112
35.00000 32.00000 254770.45470
35.00000 33.00000 254766.24442
35.00000 34.00000 254745.75512
35.00000 35.00000 254751.51415
35.00000 36.00000 254757.00335
35.00000 37.00000 254755.14420
35.00000 38.00000 254758.31194
35.00000 39.00000 254759.11985
35.00000 40.00000 254774.55507
35.00000 41.00000 254806.40051
35.00000 42.00000 254841.85253
35.00000 43.00000 254882.65768
35.00000 44.00000 254899.18587
35.00000 45.00000 254910.69739
35.00000 46.00000 254931.90383
35.00000 47.00000 254966.12205
35.00000 48.00000 254996.61238
35.00000 49.00000 255015.44579
35.00000 50.00000 255015.56558
35.00000 51.00000 255027.73398
35.00000 52.00000 255033.94224
35.00000 53.00000 255031.38371
35.00000 54.00000 255031.04137
35.00000 55.00000 255051.72867
35.00000 56.00000 255075.71699
35.00000 57.00000 255095.19950
35.00000 58.00000 255101.50574
35.00000 59.00000 255110.58699
35.00000 60.00000 255128.18530
35.00000 61.00000 255149.84031
35.00000 62.00000 255165.84971
35.00000 63.00000 255187.54673
35.00000 64.00000 255190.44099
35.00000 65.00000 255184.21349
35.00000 66.00000 255189.12228
35.00000 67.00000 255220.91668
35.00000 68.00000 255243.09575
35.00000 69.00000 255257.05879
35.00000 70.00000 255265.78170
36.00000 25.00000 254648.71244
36.00000 26.00000 254676.36577
36.00000 27.00000 254706.53734
36.00000 28.00000 254763.58529
36.00000 29.00000 254796.01525
36.00000 30.00000 254765.05405
36.00000 31.00000 254736.22705
36.00000 32.00000 254744.10137
36.00000 33.00000 254744.03525
36.00000 34.00000 254724.61357
36.00000 35.00000 254721.17532
36.00000 36.00000 254733.18492
36.00000 37.00000 254740.85326
36.00000 38.00000 254744.76283
36.00000 39.00000 254745.60233
36.00000 40.00000 254758.31333
36.00000 41.00000 254787.23429
36.00000 42.00000 254821.15767
36.00000 43.00000 254863.00071
36.00000 44.00000 254882.42167
36.00000 45.00000 254894.93413
36.00000 46.00000 254914.82996
36.00000 47.00000 254946.51120
36.00000 48.00000 254975.39400
36.00000 49.00000 254993.07040
36.00000 50.00000 254993.16054
36.00000 51.00000 255010.59820
36.00000 52.00000 255019.42149
36.00000 53.00000 255014.28485
36.00000 54.00000 255010.62239
36.00000 55.00000 255032.76798
36.00000 56.00000 255058.59809
36.00000 57.00000 255079.26409
36.00000 58.00000 255086.26560
36.00000 59.00000 255097.66227
36.00000 60.00000 255114.79537
36.00000 61.00000 255133.36779
36.00000 62.00000 255148.03139
36.00000 63.00000 255173.70609
36.00000 64.00000 255177.26362
36.00000 65.00000 255168.67955
36.00000 66.00000 255170.67767
36.00000 67.00000 255204.43625
36.00000 68.00000 255228.12578
36.00000 69.00000 255242.58078
36.00000 70.00000 255251.97219
37.00000 25.00000 254615.22252
37.00000 26.00000 254641.36262
37.00000 27.00000 254670.20199
37.00000 28.00000 254726.81985
37.00000 29.00000 254759.44710
37.00000 30.00000 254728.69490
37.00000 31.00000 254698.26389
37.00000 32.00000 254707.67870
37.00000 33.00000 254711.55497
37.00000 34.00000 254697.98875
37.00000 35.00000 254693.76817
37.00000 36.00000 254707.14707
37.00000 37.00000 254705.09734
37.00000 38.00000 254714.76256
37.00000 39.00000 254716.24460
37.00000 40.00000 254731.34007
37.00000 41.00000 254758.47675
37.00000 42.00000 254788.70494
37.00000 43.00000 254829.94956
37.00000 44.00000 254852.48935
37.00000 45.00000 254866.37864
37.00000 46.00000 254885.74902
37.00000 47.00000 254916.54204
37.00000 48.00000 254945.46999
37.00000 49.00000 254961.38131
37.00000 50.00000 254959.94095
37.00000 51.00000 254979.69305
37.00000 52.00000 254994.19103
37.00000 53.00000 254991.62701
37.00000 54.00000 254985.70029
37.00000 55.00000 255007.85881
37.00000 56.00000 255032.43981
37.00000 57.00000 255049.87069
37.00000 58.00000 255055.83610
37.00000 59.00000 255069.54929
37.00000 60.00000 255089.45646
37.00000 61.00000 255108.36596
37.00000 62.00000 255121.19413
37.00000 63.00000 255148.18103
37.00000 64.00000 255151.89006
37.00000 65.00000 255142.16410
37.00000 66.00000 255142.92426
37.00000 67.00000 255176.91270
37.00000 68.00000 255201.92587
37.00000 69.00000 255218.05017
37.00000 70.00000 255227.76495
38.00000 25.00000 254579.73407
38.00000 26.00000 254602.55854
38.00000 27.00000 254628.83078
38.00000 28.00000 254685.80481
38.00000 29.00000 254721.00826
38.00000 30.00000 254694.01503
38.00000 31.00000 254664.50540
38.00000 32.00000 254674.29981
38.00000 33.00000 254678.58661
38.00000 34.00000 254667.15460
38.00000 35.00000 254661.87443
38.00000 36.00000 254676.24410
38.00000 37.00000 254676.89535
38.00000 38.00000 254680.20189
38.00000 39.00000 254679.63932
38.00000 40.00000 254702.76781
38.00000 41.00000 254734.70326
38.00000 42.00000 254760.54644
38.00000 43.00000 254796.65856
38.00000 44.00000 254819.01886
38.00000 45.00000 254832.83828
38.00000 46.00000 254852.21501
38.00000 47.00000 254884.18828
38.00000 48.00000 254915.36832
38.00000 49.00000 254931.60627
38.00000 50.00000 254929.14780
38.00000 51.00000 254947.98813
38.00000 52.00000 254964.92859
38.00000 53.00000 254966.28207
38.00000 54.00000 254959.32957
38.00000 55.00000 254979.44179
38.00000 56.00000 255001.41951
38.00000 57.00000 255014.50529
38.00000 58.00000 255018.87813
38.00000 59.00000 255033.12499
38.00000 60.00000 255057.09652
38.00000 61.00000 255080.51619
38.00000 62.00000 255092.96347
38.00000 63.00000 255117.56741
38.00000 64.00000 255120.14486
38.00000 65.00000 255111.59125
38.00000 66.00000 255113.86280
38.00000 67.00000 255147.11681
38.00000 68.00000 255173.00678
38.00000 69.00000 255191.41762
38.00000 70.00000 255200.94876
39.00000 25.00000 254552.39622
39.00000 26.00000 254573.35924
39.00000 27.00000 254597.41574
39.00000 28.00000 254653.58872
39.00000 29.00000 254690.21919
39.00000 30.00000 254666.10163
39.00000 31.00000 254637.34565
39.00000 32.00000 254647.48891
39.00000 33.00000 254650.99601
39.00000 34.00000 254638.91788
39.00000 35.00000 254632.89215
39.00000 36.00000 254644.22663
39.00000 37.00000 254643.74070
39.00000 38.00000 254641.49066
39.00000 39.00000 254647.39675
39.00000 40.00000 254677.02056
39.00000 41.00000 254716.51564
39.00000 42.00000 254741.01453
39.00000 43.00000 254772.26877
39.00000 44.00000 254791.79576
39.00000 45.00000 254804.56843
39.00000 46.00000 254824.44130
39.00000 47.00000 254858.26878
39.00000 48.00000 254891.86390
39.00000 49.00000 254909.89885
39.00000 50.00000 254908.30305
39.00000 51.00000 254926.12159
39.00000 52.00000 254941.66196
39.00000 53.00000 254942.64293
39.00000 54.00000 254933.84292
39.00000 55.00000 254952.23136
39.00000 56.00000 254973.03184
39.00000 57.00000 254984.41311
39.00000 58.00000 254988.50654
39.00000 59.00000 255003.07660
39.00000 60.00000 255029.45275
39.00000 61.00000 255055.45824
39.00000 62.00000 255067.24254
39.00000 63.00000 255089.28130
39.00000 64.00000 255090.87417
39.00000 65.00000 255084.30288
39.00000 66.00000 255088.90463
39.00000 67.00000 255122.83859
39.00000 68.00000 255149.59696
39.00000 69.00000 255168.88928
39.00000 70.00000 255178.32587
40.00000 25.00000 254561.65849
40.00000 26.00000 254583.20612
40.00000 27.00000 254606.66046
40.00000 28.00000 254657.51058
40.00000 29.00000 254690.41710
40.00000 30.00000 254664.51518
40.00000 31.00000 254633.38503
40.00000 32.00000 254645.71415
40.00000 33.00000 254650.63072
40.00000 34.00000 254641.88287
40.00000 35.00000 254638.80357
40.00000 36.00000 254642.05514
40.00000 37.00000 254639.98800
40.00000 38.00000 254637.59973
40.00000 39.00000 254638.26592
40.00000 40.00000 254670.45920
40.00000 41.00000 254720.33723
40.00000 42.00000 254744.32898
40.00000 43.00000 254774.19454
40.00000 44.00000 254790.81191
40.00000 45.00000 254803.96827
40.00000 46.00000 254823.46611
40.00000 47.00000 254856.48407
40.00000 48.00000 254888.94405
40.00000 49.00000 254908.44296
40.00000 50.00000 254909.35884
40.00000 51.00000 254928.67642
40.00000 52.00000 254942.33490
40.00000 53.00000 254939.42543
40.00000 54.00000 254927.63047
40.00000 55.00000 254945.87189
40.00000 56.00000 254966.41865
40.00000 57.00000 254979.75010
40.00000 58.00000 254986.73603
40.00000 59.00000 255003.33378
40.00000 60.00000 255028.05033
40.00000 61.00000 255050.18012
40.00000 62.00000 255057.17789
40.00000 63.00000 255079.98823
40.00000 64.00000 255083.79983
40.00000 65.00000 255080.30063
40.00000 66.00000 255087.66742
40.00000 67.00000 255122.62585
40.00000 68.00000 255147.40636
40.00000 69.00000 255162.66388
40.00000 70.00000 255171.20873
41.00000 25.00000 254595.04695
41.00000 26.00000 254619.62171
41.00000 27.00000 254644.70363
41.00000 28.00000 254690.93737
41.00000 29.00000 254717.99840
41.00000 30.00000 254687.37878
41.00000 31.00000 254652.34275
41.00000 32.00000 254664.47535
41.00000 33.00000 254669.60114
41.00000 34.00000 254663.83591
41.00000 35.00000 254665.12607
41.00000 36.00000 254664.85507
41.00000 37.00000 254659.46513
41.00000 38.00000 254659.73539
41.00000 39.00000 254663.78201
41.00000 40.00000 254689.04152
41.00000 41.00000 254731.62197
41.00000 42.00000 254771.24253
41.00000 43.00000 254803.28896
41.00000 44.00000 254815.66146
41.00000 45.00000 254829.17634
41.00000 46.00000 254847.19983
41.00000 47.00000 254877.17453
41.00000 48.00000 254905.46072
41.00000 49.00000 254922.72533
41.00000 50.00000 254924.09072
41.00000 51.00000 254943.25716
41.00000 52.00000 254955.19078
41.00000 53.00000 254950.11672
41.00000 54.00000 254938.89423
41.00000 55.00000 254957.15221
41.00000 56.00000 254976.35745
41.00000 57.00000 254991.52366
41.00000 58.00000 255001.05340
41.00000 59.00000 255017.73144
41.00000 60.00000 255039.45851
41.00000 61.00000 255057.61713
41.00000 62.00000 255060.64048
41.00000 63.00000 255082.24662
41.00000 64.00000 255087.81277
41.00000 65.00000 255087.63982
41.00000 66.00000 255098.13438
41.00000 67.00000 255134.43532
41.00000 68.00000 255158.63800
41.00000 69.00000 255170.81554
41.00000 70.00000 255177.09291
42.00000 25.00000 254620.58347
42.00000 26.00000 254650.50912
42.00000 27.00000 254680.48309
42.00000 28.00000 254724.48325
42.00000 29.00000 254745.43929
42.00000 30.00000 254708.45243
42.00000 31.00000 254669.66626
42.00000 32.00000 254681.00125
42.00000 33.00000 254686.47418
42.00000 34.00000 254683.17608
42.00000 35.00000 254688.03563
42.00000 36.00000 254688.30728
42.00000 37.00000 254682.12220
42.00000 38.00000 254683.29099
42.00000 39.00000 254688.57191
42.00000 40.00000 254711.80337
42.00000 41.00000 254747.24553
42.00000 42.00000 254792.87358
42.00000 43.00000 254831.57577
42.00000 44.00000 254843.49905
42.00000 45.00000 254855.91897
42.00000 46.00000 254873.46381
42.00000 47.00000 254900.84043
42.00000 48.00000 254925.44398
42.00000 49.00000 254938.92929
42.00000 50.00000 254937.96965
42.00000 51.00000 254954.65661
42.00000 52.00000 254964.02572
42.00000 53.00000 254958.13673
42.00000 54.00000 254950.96514
42.00000 55.00000 254970.76734
42.00000 56.00000 254990.47135
42.00000 57.00000 255007.26193
42.00000 58.00000 255017.84525
42.00000 59.00000 255032.17334
42.00000 60.00000 255050.17848
42.00000 61.00000 255065.56893
42.00000 62.00000 255067.74753
42.00000 63.00000 255088.87900
42.00000 64.00000 255095.17511
42.00000 65.00000 255096.49794
42.00000 66.00000 255108.31164
42.00000 67.00000 255144.96765
42.00000 68.00000 255169.99285
42.00000 69.00000 255182.29073
42.00000 70.00000 255185.76559
43.00000 25.00000 254658.39999
43.00000 26.00000 254689.27877
43.00000 27.00000 254720.18566
43.00000 28.00000 254764.24555
43.00000 29.00000 254782.68392
43.00000 30.00000 254742.04492
43.00000 31.00000 254700.91582
43.00000 32.00000 254712.63025
43.00000 33.00000 254719.36464
43.00000 34.00000 254717.29700
43.00000 35.00000 254722.57940
43.00000 36.00000 254724.73324
43.00000 37.00000 254720.41530
43.00000 38.00000 254721.35284
43.00000 39.00000 254726.09626
43.00000 40.00000 254748.95345
43.00000 41.00000 254783.58412
43.00000 42.00000 254823.22014
43.00000 43.00000 254872.78924
43.00000 44.00000 254882.45414
43.00000 45.00000 254892.11919
43.00000 46.00000 254906.60100
43.00000 47.00000 254932.06539
43.00000 48.00000 254955.75853
43.00000 49.00000 254966.84513
43.00000 50.00000 254962.36725
43.00000 51.00000 254976.95559
43.00000 52.00000 254985.47721
43.00000 53.00000 254979.85443
43.00000 54.00000 254974.98841
43.00000 55.00000 254997.05855
43.00000 56.00000 255019.75687
43.00000 57.00000 255038.30505
43.00000 58.00000 255047.20494
43.00000 59.00000 255059.65549
43.00000 60.00000 255074.54784
43.00000 61.00000 255087.38575
43.00000 62.00000 255089.74506
43.00000 63.00000 255111.71146
43.00000 64.00000 255118.08779
43.00000 65.00000 255118.74472
43.00000 66.00000 255129.37098
43.00000 67.00000 255165.93059
43.00000 68.00000 255190.97271
43.00000 69.00000 255203.26658
43.00000 70.00000 255205.38684
44.00000 25.00000 254645.61904
44.00000 26.00000 254674.84343
44.00000 27.00000 254703.67648
44.00000 28.00000 254749.94784
44.00000 29.00000 254769.58233
44.00000 30.00000 254728.93015
44.00000 31.00000 254686.69375
44.00000 32.00000 254698.56354
44.00000 33.00000 254705.95365
44.00000 34.00000 254703.95101
44.00000 35.00000 254708.48801
44.00000 36.00000 254713.72135
44.00000 37.00000 254711.71993
44.00000 38.00000 254713.03268
44.00000 39.00000 254717.59121
44.00000 40.00000 254741.77095
44.00000 41.00000 254775.97792
44.00000 42.00000 254810.30508
44.00000 43.00000 254854.89780
44.00000 44.00000 254875.95843
44.00000 45.00000 254887.67735
44.00000 46.00000 254900.88172
44.00000 47.00000 254924.20212
44.00000 48.00000 254949.31864
44.00000 49.00000 254959.77103
44.00000 50.00000 254952.45089
44.00000 51.00000 254967.61051
44.00000 52.00000 254977.49692
44.00000 53.00000 254973.53320
44.00000 54.00000 254969.22515
44.00000 55.00000 254993.18773
44.00000 56.00000 255018.96796
44.00000 57.00000 255037.45165
44.00000 58.00000 255042.65585
44.00000 59.00000 255056.52532
44.00000 60.00000 255072.14806
44.00000 61.00000 255083.97210
44.00000 62.00000 255085.94926
44.00000 63.00000 255110.15627
44.00000 64.00000 255114.82167
44.00000 65.00000 255111.16723
44.00000 66.00000 255117.95841
44.00000 67.00000 255154.08312
44.00000 68.00000 255178.94854
44.00000 69.00000 255192.27791
44.00000 70.00000 255195.31304
45.00000 25.00000 254612.94374
45.00000 26.00000 254638.60705
45.00000 27.00000 254664.83566
45.00000 28.00000 254713.21995
45.00000 29.00000 254736.51281
45.00000 30.00000 254700.01264
45.00000 31.00000 254660.50049
45.00000 32.00000 254672.13930
45.00000 33.00000 254679.45366
45.00000 34.00000 254676.99716
45.00000 35.00000 254680.86696
45.00000 36.00000 254688.66358
45.00000 37.00000 254688.40963
45.00000 38.00000 254689.59602
45.00000 39.00000 254693.41952
45.00000 40.00000 254717.71343
45.00000 41.00000 254754.23706
45.00000 42.00000 254786.50120
45.00000 43.00000 254825.66564
45.00000 44.00000 254850.32647
45.00000 45.00000 254853.59610
45.00000 46.00000 254876.60447
45.00000 47.00000 254899.22121
45.00000 48.00000 254924.88440
45.00000 49.00000 254935.89011
45.00000 50.00000 254927.47316
45.00000 51.00000 254943.00410
45.00000 52.00000 254954.30011
45.00000 53.00000 254953.77410
45.00000 54.00000 254951.62162
45.00000 55.00000 254973.82537
45.00000 56.00000 254998.03792
45.00000 57.00000 255015.41329
45.00000 58.00000 255019.15446
45.00000 59.00000 255032.19050
45.00000 60.00000 255049.55314
45.00000 61.00000 255065.91431
45.00000 62.00000 255070.23351
45.00000 63.00000 255094.49267
45.00000 64.00000 255098.31938
45.00000 65.00000 255092.06983
45.00000 66.00000 255096.47546
45.00000 67.00000 255129.16382
45.00000 68.00000 255151.60046
45.00000 69.00000 255165.76455
45.00000 70.00000 255170.69953
46.00000 25.00000 254572.02171
46.00000 26.00000 254592.34893
46.00000 27.00000 254615.73989
46.00000 28.00000 254665.48975
46.00000 29.00000 254694.21987
46.00000 30.00000 254667.13626
46.00000 31.00000 254635.92277
46.00000 32.00000 254647.49129
46.00000 33.00000 254653.80152
46.00000 34.00000 254648.83136
46.00000 35.00000 254650.94983
46.00000 36.00000 254658.60652
46.00000 37.00000 254659.24952
46.00000 38.00000 254660.84128
46.00000 39.00000 254664.48072
46.00000 40.00000 254687.78757
46.00000 41.00000 254723.86041
46.00000 42.00000 254755.81634
46.00000 43.00000 254789.05935
46.00000 44.00000 254808.52678
46.00000 45.00000 254817.72790
46.00000 46.00000 254833.89183
46.00000 47.00000 254867.91042
46.00000 48.00000 254895.93596
46.00000 49.00000 254907.75668
46.00000 50.00000 254897.98602
46.00000 51.00000 254911.93298
46.00000 52.00000 254922.72310
46.00000 53.00000 254925.25290
46.00000 54.00000 254925.98933
46.00000 55.00000 254944.14224
46.00000 56.00000 254964.00999
46.00000 57.00000 254979.18415
46.00000 58.00000 254984.47500
46.00000 59.00000 254996.01180
46.00000 60.00000 255014.64541
46.00000 61.00000 255037.37308
46.00000 62.00000 255048.38520
46.00000 63.00000 255069.96442
46.00000 64.00000 255072.42605
46.00000 65.00000 255065.59776
46.00000 66.00000 255070.18887
46.00000 67.00000 255099.10051
46.00000 68.00000 255119.07121
46.00000 69.00000 255133.46473
46.00000 70.00000 255140.14671
47.00000 25.00000 254563.58680
47.00000 26.00000 254580.93299
47.00000 27.00000 254603.35034
47.00000 28.00000 254654.53113
47.00000 29.00000 254686.92433
47.00000 30.00000 254665.58058
47.00000 31.00000 254639.51826
47.00000 32.00000 254650.93293
47.00000 33.00000 254655.64827
47.00000 34.00000 254648.43974
47.00000 35.00000 254649.58786
47.00000 36.00000 254655.17554
47.00000 37.00000 254654.87292
47.00000 38.00000 254655.91522
47.00000 39.00000 254659.41253
47.00000 40.00000 254681.00450
47.00000 41.00000 254714.81046
47.00000 42.00000 254746.47514
47.00000 43.00000 254779.63560
47.00000 44.00000 254796.41034
47.00000 45.00000 254803.77609
47.00000 46.00000 254819.19115
47.00000 47.00000 254857.48906
47.00000 48.00000 254892.04059
47.00000 49.00000 254903.78053
47.00000 50.00000 254891.45006
47.00000 51.00000 254903.19068
47.00000 52.00000 254912.85003
47.00000 53.00000 254915.85265
47.00000 54.00000 254916.91726
47.00000 55.00000 254933.47926
47.00000 56.00000 254952.13948
47.00000 57.00000 254966.31488
47.00000 58.00000 254971.72145
47.00000 59.00000 254983.89680
47.00000 60.00000 255003.80465
47.00000 61.00000 255029.20310
47.00000 62.00000 255045.62016
47.00000 63.00000 255066.68239
47.00000 64.00000 255067.90330
47.00000 65.00000 255059.59809
47.00000 66.00000 255063.21868
47.00000 67.00000 255091.08594
47.00000 68.00000 255110.57305
47.00000 69.00000 255124.93077
47.00000 70.00000 255132.48428
48.00000 25.00000 254582.20565
48.00000 26.00000 254598.65107
48.00000 27.00000 254621.16502
48.00000 28.00000 254671.20348
48.00000 29.00000 254703.33330
48.00000 30.00000 254682.95851
48.00000 31.00000 254658.64943
48.00000 32.00000 254672.28994
48.00000 33.00000 254678.82011
48.00000 34.00000 254672.75652
48.00000 35.00000 254674.89752
48.00000 36.00000 254677.52430
48.00000 37.00000 254675.34937
48.00000 38.00000 254675.19678
48.00000 39.00000 254677.69161
48.00000 40.00000 254698.23982
48.00000 41.00000 254730.37894
48.00000 42.00000 254761.95194
48.00000 43.00000 254796.91181
48.00000 44.00000 254812.87511
48.00000 45.00000 254820.27200
48.00000 46.00000 254834.05840
48.00000 47.00000 254869.41353
48.00000 48.00000 254894.94028
48.00000 49.00000 254914.11577
48.00000 50.00000 254901.81492
48.00000 51.00000 254912.57794
48.00000 52.00000 254922.38973
48.00000 53.00000 254925.79537
48.00000 54.00000 254925.80233
48.00000 55.00000 254941.17129
48.00000 56.00000 254958.18003
48.00000 57.00000 254971.24944
48.00000 58.00000 254977.02396
48.00000 59.00000 254993.13629
48.00000 60.00000 255016.16543
48.00000 61.00000 255041.99916
48.00000 62.00000 255059.38287
48.00000 63.00000 255081.42285
48.00000 64.00000 255082.28280
48.00000 65.00000 255072.54432
48.00000 66.00000 255074.82591
48.00000 67.00000 255104.13356
48.00000 68.00000 255123.89411
48.00000 69.00000 255137.33033
48.00000 70.00000 255145.41164
49.00000 25.00000 254585.46547
49.00000 26.00000 254604.48004
49.00000 27.00000 254629.69769
49.00000 28.00000 254678.27838
49.00000 29.00000 254708.35079
49.00000 30.00000 254686.48626
49.00000 31.00000 254662.54253
49.00000 32.00000 254676.80680
49.00000 33.00000 254685.46521
49.00000 34.00000 254682.17871
49.00000 35.00000 254686.46072
49.00000 36.00000 254687.45416
49.00000 37.00000 254683.01252
49.00000 38.00000 254681.58388
49.00000 39.00000 254683.26580
49.00000 40.00000 254704.19665
49.00000 41.00000 254736.33773
49.00000 42.00000 254768.50543
49.00000 43.00000 254805.05568
49.00000 44.00000 254820.98325
49.00000 45.00000 254830.51909
49.00000 46.00000 254846.51906
49.00000 47.00000 254879.85238
49.00000 48.00000 254902.58427
49.00000 49.00000 254899.11854
49.00000 50.00000 254898.63333
49.00000 51.00000 254908.71709
49.00000 52.00000 254919.84492
49.00000 53.00000 254925.63594
49.00000 54.00000 254926.30587
49.00000 55.00000 254939.47579
49.00000 56.00000 254953.93890
49.00000 57.00000 254966.01747
49.00000 58.00000 254973.29638
49.00000 59.00000 254992.20356
49.00000 60.00000 255018.23166
49.00000 61.00000 255045.34553
49.00000 62.00000 255063.33213
49.00000 63.00000 255085.38000
49.00000 64.00000 255087.36532
49.00000 65.00000 255078.28943
49.00000 66.00000 255080.74240
49.00000 67.00000 255111.40290
49.00000 68.00000 255131.19357
49.00000 69.00000 255143.10408
49.00000 70.00000 255151.52744
50.00000 25.00000 254564.35024
50.00000 26.00000 254590.09412
50.00000 27.00000 254621.63341
50.00000 28.00000 254670.58327
50.00000 29.00000 254697.11225
50.00000 30.00000 254670.56266
50.00000 31.00000 254644.96055
50.00000 32.00000 254657.88018
50.00000 33.00000 254667.34069
50.00000 34.00000 254666.19367
50.00000 35.00000 254671.88090
50.00000 36.00000 254671.58629
50.00000 37.00000 254665.56524
50.00000 38.00000 254664.41375
50.00000 39.00000 254667.00909
50.00000 40.00000 254689.40329
50.00000 41.00000 254723.50742
50.00000 42.00000 254757.34134
50.00000 43.00000 254794.63049
50.00000 44.00000 254808.89308
50.00000 45.00000 254817.36168
50.00000 46.00000 254835.60183
50.00000 47.00000 254868.28027
50.00000 48.00000 254889.09141
50.00000 49.00000 254891.93965
50.00000 50.00000 254880.99060
50.00000 51.00000 254887.51677
50.00000 52.00000 254901.39505
50.00000 53.00000 254907.65137
50.00000 54.00000 254908.79387
50.00000 55.00000 254920.26092
50.00000 56.00000 254933.63770
50.00000 57.00000 254946.26261
50.00000 58.00000 254955.61573
50.00000 59.00000 254974.78101
50.00000 60.00000 255001.45989
50.00000 61.00000 255029.15541
50.00000 62.00000 255047.59357
50.00000 63.00000 255069.68505
50.00000 64.00000 255074.09485
50.00000 65.00000 255068.15151
50.00000 66.00000 255073.31232
50.00000 67.00000 255104.98224
50.00000 68.00000 255125.11785
50.00000 69.00000 255135.89240
50.00000 70.00000 255143.55817
51.00000 25.00000 254565.23856
51.00000 26.00000 254592.16387
51.00000 27.00000 254623.51941
51.00000 28.00000 254674.84781
51.00000 29.00000 254700.84227
51.00000 30.00000 254671.81229
51.00000 31.00000 254643.66672
51.00000 32.00000 254656.67843
51.00000 33.00000 254667.09291
51.00000 34.00000 254666.01538
51.00000 35.00000 254669.97381
51.00000 36.00000 254669.87927
51.00000 37.00000 254662.69712
51.00000 38.00000 254660.85888
51.00000 39.00000 254663.90745
51.00000 40.00000 254689.60918
51.00000 41.00000 254725.55865
51.00000 42.00000 254758.90771
51.00000 43.00000 254795.47091
51.00000 44.00000 254807.99939
51.00000 45.00000 254812.85298
51.00000 46.00000 254827.24962
51.00000 47.00000 254857.78957
51.00000 48.00000 254881.94462
51.00000 49.00000 254887.80964
51.00000 50.00000 254877.04664
51.00000 51.00000 254898.35230
51.00000 52.00000 254907.07100
51.00000 53.00000 254912.50372
51.00000 54.00000 254910.41689
51.00000 55.00000 254920.73070
51.00000 56.00000 254933.90250
51.00000 57.00000 254946.24651
51.00000 58.00000 254954.54286
51.00000 59.00000 254975.30268
51.00000 60.00000 255002.81369
51.00000 61.00000 255029.85412
51.00000 62.00000 255045.88941
51.00000 63.00000 255068.11527
51.00000 64.00000 255074.07927
51.00000 65.00000 255068.98576
51.00000 66.00000 255073.77027
51.00000 67.00000 255110.31382
51.00000 68.00000 255133.94807
51.00000 69.00000 255144.15913
51.00000 70.00000 255150.76304
52.00000 25.00000 254573.18115
52.00000 26.00000 254598.44484
52.00000 27.00000 254626.26394
52.00000 28.00000 254679.01731
52.00000 29.00000 254705.79237
52.00000 30.00000 254675.48493
52.00000 31.00000 254644.68993
52.00000 32.00000 254657.02060
52.00000 33.00000 254667.15396
52.00000 34.00000 254665.24057
52.00000 35.00000 254667.25776
52.00000 36.00000 254667.56912
52.00000 37.00000 254661.00826
52.00000 38.00000 254658.96646
52.00000 39.00000 254661.88994
52.00000 40.00000 254688.90703
52.00000 41.00000 254725.16612
52.00000 42.00000 254757.04507
52.00000 43.00000 254793.73308
52.00000 44.00000 254807.15991
52.00000 45.00000 254810.71234
52.00000 46.00000 254821.40123
52.00000 47.00000 254847.17255
52.00000 48.00000 254871.43222
52.00000 49.00000 254882.60035
52.00000 50.00000 254872.58401
52.00000 51.00000 254893.10430
52.00000 52.00000 254912.26680
52.00000 53.00000 254918.95505
52.00000 54.00000 254914.85365
52.00000 55.00000 254923.07716
52.00000 56.00000 254936.47076
52.00000 57.00000 254949.20523
52.00000 58.00000 254955.34190
52.00000 59.00000 254979.28016
52.00000 60.00000 255008.74195
52.00000 61.00000 255035.35866
52.00000 62.00000 255047.81791
52.00000 63.00000 255067.01414
52.00000 64.00000 255071.60440
52.00000 65.00000 255066.84297
52.00000 66.00000 255069.21576
52.00000 67.00000 255108.44633
52.00000 68.00000 255136.44996
52.00000 69.00000 255149.48273
52.00000 70.00000 255156.03917
53.00000 25.00000 254582.99248
53.00000 26.00000 254606.30010
53.00000 27.00000 254630.17400
53.00000 28.00000 254682.27295
53.00000 29.00000 254709.64668
53.00000 30.00000 254679.06726
53.00000 31.00000 254647.04678
53.00000 32.00000 254658.20221
53.00000 33.00000 254666.96995
53.00000 34.00000 254663.90235
53.00000 35.00000 254665.31365
53.00000 36.00000 254667.07993
53.00000 37.00000 254662.02198
53.00000 38.00000 254660.23427
53.00000 39.00000 254662.25839
53.00000 40.00000 254687.81495
53.00000 41.00000 254722.73775
53.00000 42.00000 254752.81866
53.00000 43.00000 254789.21167
53.00000 44.00000 254804.21459
53.00000 45.00000 254809.56448
53.00000 46.00000 254819.76587
53.00000 47.00000 254842.34087
53.00000 48.00000 254864.12566
53.00000 49.00000 254876.23024
53.00000 50.00000 254868.55670
53.00000 51.00000 254888.80814
53.00000 52.00000 254907.11220
53.00000 53.00000 254911.99212
53.00000 54.00000 254919.90632
53.00000 55.00000 254929.50202
53.00000 56.00000 254943.31744
53.00000 57.00000 254957.06515
53.00000 58.00000 254961.05477
53.00000 59.00000 254986.00341
53.00000 60.00000 255015.46967
53.00000 61.00000 255040.88305
53.00000 62.00000 255050.29979
53.00000 63.00000 255066.00355
53.00000 64.00000 255068.38112
53.00000 65.00000 255063.63680
53.00000 66.00000 255064.52671
53.00000 67.00000 255102.24807
53.00000 68.00000 255130.89876
53.00000 69.00000 255146.72393
53.00000 70.00000 255154.44151
54.00000 25.00000 254575.89298
54.00000 26.00000 254597.35782
54.00000 27.00000 254618.36571
54.00000 28.00000 254669.35558
54.00000 29.00000 254698.27763
54.00000 30.00000 254669.69474
54.00000 31.00000 254637.88724
54.00000 32.00000 254647.78672
54.00000 33.00000 254653.95553
54.00000 34.00000 254648.56718
54.00000 35.00000 254649.09198
54.00000 36.00000 254653.35186
54.00000 37.00000 254650.35681
54.00000 38.00000 254648.11548
54.00000 39.00000 254649.19041
54.00000 40.00000 254673.17482
54.00000 41.00000 254706.85013
54.00000 42.00000 254736.44192
54.00000 43.00000 254772.75208
54.00000 44.00000 254788.42396
54.00000 45.00000 254795.31386
54.00000 46.00000 254806.29837
54.00000 47.00000 254827.23942
54.00000 48.00000 254847.53201
54.00000 49.00000 254859.04502
54.00000 50.00000 254852.60698
54.00000 51.00000 254869.82662
54.00000 52.00000 254884.38548
54.00000 53.00000 254887.81007
54.00000 54.00000 254907.90639
54.00000 55.00000 254928.60318
54.00000 56.00000 254947.07972
54.00000 57.00000 254960.47499
54.00000 58.00000 254961.63746
54.00000 59.00000 254984.39206
54.00000 60.00000 255010.88938
54.00000 61.00000 255034.00514
54.00000 62.00000 255042.97323
54.00000 63.00000 255057.05303
54.00000 64.00000 255057.67327
54.00000 65.00000 255052.06883
54.00000 66.00000 255052.41964
54.00000 67.00000 255086.54848
54.00000 68.00000 255113.00359
54.00000 69.00000 255128.90074
54.00000 70.00000 255138.65223
55.00000 25.00000 254575.43435
55.00000 26.00000 254596.66340
55.00000 27.00000 254616.21721
55.00000 28.00000 254665.71417
55.00000 29.00000 254694.98651
55.00000 30.00000 254667.89604
55.00000 31.00000 254635.38773
55.00000 32.00000 254644.68326
55.00000 33.00000 254650.08346
55.00000 34.00000 254644.34353
55.00000 35.00000 254644.36092
55.00000 36.00000 254646.88336
55.00000 37.00000 254642.01055
55.00000 38.00000 254636.54069
55.00000 39.00000 254636.27616
55.00000 40.00000 254664.39646
55.00000 41.00000 254701.43943
55.00000 42.00000 254732.64132
55.00000 43.00000 254769.03807
55.00000 44.00000 254783.60977
55.00000 45.00000 254789.56764
55.00000 46.00000 254799.30423
55.00000 47.00000 254820.24488
55.00000 48.00000 254840.98919
55.00000 49.00000 254852.37242
55.00000 50.00000 254846.55053
55.00000 51.00000 254863.12914
55.00000 52.00000 254877.99757
55.00000 53.00000 254877.38355
55.00000 54.00000 254889.09924
55.00000 55.00000 254925.95825
55.00000 56.00000 254946.43905
55.00000 57.00000 254959.58623
55.00000 58.00000 254961.67035
55.00000 59.00000 254985.79533
55.00000 60.00000 255011.14285
55.00000 61.00000 255032.29886
55.00000 62.00000 255040.45911
55.00000 63.00000 255054.08331
55.00000 64.00000 255052.17142
55.00000 65.00000 255044.90265
55.00000 66.00000 255045.36380
55.00000 67.00000 255081.35792
55.00000 68.00000 255108.66290
55.00000 69.00000 255122.96086
55.00000 70.00000 255133.86064
