k1 k2 chisq 
11.00000 25.00000 725598.05544
11.00000 26.00000 725785.53914
11.00000 27.00000 725898.47207
11.00000 28.00000 725531.84641
11.00000 29.00000 724516.88672
11.00000 30.00000 725044.88851
11.00000 31.00000 725124.90038
11.00000 32.00000 724663.68386
11.00000 33.00000 724331.28364
11.00000 34.00000 723836.77186
11.00000 35.00000 723363.51664
11.00000 36.00000 723125.62890
11.00000 37.00000 723594.31668
11.00000 38.00000 724058.30440
11.00000 39.00000 724355.47281
11.00000 40.00000 724863.21673
11.00000 41.00000 726063.82131
11.00000 42.00000 726375.23171
11.00000 43.00000 725759.18687
11.00000 44.00000 726062.45135
11.00000 45.00000 726687.66804
11.00000 46.00000 727101.09551
11.00000 47.00000 727203.97735
11.00000 48.00000 726756.41259
11.00000 49.00000 726275.49878
11.00000 50.00000 725689.87999
11.00000 51.00000 724859.15792
11.00000 52.00000 724164.07495
11.00000 53.00000 723662.70484
11.00000 54.00000 724290.78723
11.00000 55.00000 724555.07739
11.00000 56.00000 724270.89560
11.00000 57.00000 723719.70502
11.00000 58.00000 723672.90528
11.00000 59.00000 724254.29364
11.00000 60.00000 725590.52062
11.00000 61.00000 726972.82101
11.00000 62.00000 727508.87657
11.00000 63.00000 727291.01844
11.00000 64.00000 727334.13182
11.00000 65.00000 727386.24067
11.00000 66.00000 726961.60965
11.00000 67.00000 725636.44244
11.00000 68.00000 725233.12770
11.00000 69.00000 725403.54105
11.00000 70.00000 724236.26186
12.00000 25.00000 725642.95198
12.00000 26.00000 725905.91359
12.00000 27.00000 726044.47237
12.00000 28.00000 725663.11596
12.00000 29.00000 724642.82514
12.00000 30.00000 725131.79331
12.00000 31.00000 725185.72955
12.00000 32.00000 724684.70914
12.00000 33.00000 724362.57604
12.00000 34.00000 723886.01784
12.00000 35.00000 723389.58761
12.00000 36.00000 723096.79278
12.00000 37.00000 723578.79618
12.00000 38.00000 724064.15641
12.00000 39.00000 724356.76720
12.00000 40.00000 724836.10061
12.00000 41.00000 726026.99689
12.00000 42.00000 726327.22875
12.00000 43.00000 725676.50832
12.00000 44.00000 725933.32617
12.00000 45.00000 726543.97753
12.00000 46.00000 726976.00652
12.00000 47.00000 727085.12982
12.00000 48.00000 726624.41469
12.00000 49.00000 726188.71997
12.00000 50.00000 725691.85430
12.00000 51.00000 724879.87694
12.00000 52.00000 724180.68953
12.00000 53.00000 723727.15801
12.00000 54.00000 724414.02332
12.00000 55.00000 724671.51508
12.00000 56.00000 724368.07115
12.00000 57.00000 723822.12179
12.00000 58.00000 723799.38567
12.00000 59.00000 724351.86857
12.00000 60.00000 725641.81952
12.00000 61.00000 726990.70464
12.00000 62.00000 727531.16580
12.00000 63.00000 727281.09966
12.00000 64.00000 727298.95895
12.00000 65.00000 727359.61297
12.00000 66.00000 726971.47307
12.00000 67.00000 725634.19719
12.00000 68.00000 725231.54926
12.00000 69.00000 725431.93372
12.00000 70.00000 724312.11367
13.00000 25.00000 724753.17644
13.00000 26.00000 725012.82832
13.00000 27.00000 725338.82521
13.00000 28.00000 725049.98765
13.00000 29.00000 724140.99032
13.00000 30.00000 724712.46822
13.00000 31.00000 724819.03505
13.00000 32.00000 724241.45417
13.00000 33.00000 723753.85941
13.00000 34.00000 723209.07106
13.00000 35.00000 722803.81992
13.00000 36.00000 722394.00038
13.00000 37.00000 722692.60795
13.00000 38.00000 723128.92195
13.00000 39.00000 723456.85072
13.00000 40.00000 723842.77373
13.00000 41.00000 725007.30808
13.00000 42.00000 725457.08183
13.00000 43.00000 725016.59789
13.00000 44.00000 725356.37597
13.00000 45.00000 725998.19999
13.00000 46.00000 726461.87486
13.00000 47.00000 726565.44769
13.00000 48.00000 726027.51484
13.00000 49.00000 725451.54085
13.00000 50.00000 724917.96570
13.00000 51.00000 724072.99558
13.00000 52.00000 723244.23308
13.00000 53.00000 722713.87181
13.00000 54.00000 723461.16672
13.00000 55.00000 723699.85957
13.00000 56.00000 723423.29173
13.00000 57.00000 722975.57930
13.00000 58.00000 723084.49808
13.00000 59.00000 723598.22448
13.00000 60.00000 724861.71952
13.00000 61.00000 726230.37873
13.00000 62.00000 726822.39204
13.00000 63.00000 726527.93873
13.00000 64.00000 726489.42948
13.00000 65.00000 726531.68383
13.00000 66.00000 726202.45577
13.00000 67.00000 724768.22673
13.00000 68.00000 724274.75311
13.00000 69.00000 724489.89119
13.00000 70.00000 723456.73537
14.00000 25.00000 723610.85375
14.00000 26.00000 723848.94455
14.00000 27.00000 724291.62019
14.00000 28.00000 724094.51650
14.00000 29.00000 723294.23436
14.00000 30.00000 723909.41557
14.00000 31.00000 724031.15022
14.00000 32.00000 723456.39396
14.00000 33.00000 722889.32364
14.00000 34.00000 722275.56797
14.00000 35.00000 721873.07483
14.00000 36.00000 721387.28765
14.00000 37.00000 721549.27224
14.00000 38.00000 721920.20545
14.00000 39.00000 722251.37442
14.00000 40.00000 722586.77289
14.00000 41.00000 723722.95993
14.00000 42.00000 724250.59185
14.00000 43.00000 723966.76882
14.00000 44.00000 724427.15892
14.00000 45.00000 725162.23592
14.00000 46.00000 725688.55819
14.00000 47.00000 725787.15677
14.00000 48.00000 725216.20685
14.00000 49.00000 724548.09646
14.00000 50.00000 723927.62571
14.00000 51.00000 723028.00761
14.00000 52.00000 722118.04289
14.00000 53.00000 721524.41829
14.00000 54.00000 722250.80764
14.00000 55.00000 722459.78099
14.00000 56.00000 722184.33888
14.00000 57.00000 721798.08445
14.00000 58.00000 721990.30154
14.00000 59.00000 722496.42670
14.00000 60.00000 723782.01133
14.00000 61.00000 725213.90858
14.00000 62.00000 725868.16806
14.00000 63.00000 725581.24005
14.00000 64.00000 725537.51251
14.00000 65.00000 725574.22612
14.00000 66.00000 725246.20538
14.00000 67.00000 723798.90643
14.00000 68.00000 723275.48391
14.00000 69.00000 723475.61646
14.00000 70.00000 722442.51491
15.00000 25.00000 721578.88144
15.00000 26.00000 721777.42725
15.00000 27.00000 722196.80724
15.00000 28.00000 721999.01080
15.00000 29.00000 721233.78902
15.00000 30.00000 721975.73951
15.00000 31.00000 722270.55664
15.00000 32.00000 721882.13214
15.00000 33.00000 721436.30481
15.00000 34.00000 720850.11931
15.00000 35.00000 720395.83909
15.00000 36.00000 719903.54715
15.00000 37.00000 720029.69713
15.00000 38.00000 720355.91154
15.00000 39.00000 720634.91746
15.00000 40.00000 720937.03275
15.00000 41.00000 721983.80256
15.00000 42.00000 722386.55791
15.00000 43.00000 722027.44752
15.00000 44.00000 722555.23702
15.00000 45.00000 723419.32359
15.00000 46.00000 724098.75694
15.00000 47.00000 724289.39714
15.00000 48.00000 723790.46987
15.00000 49.00000 723162.07838
15.00000 50.00000 722515.89558
15.00000 51.00000 721634.55672
15.00000 52.00000 720748.48995
15.00000 53.00000 720103.97112
15.00000 54.00000 720733.52839
15.00000 55.00000 720928.13675
15.00000 56.00000 720567.36421
15.00000 57.00000 720073.67659
15.00000 58.00000 720214.89235
15.00000 59.00000 720782.21492
15.00000 60.00000 722136.52494
15.00000 61.00000 723642.29185
15.00000 62.00000 724348.84955
15.00000 63.00000 724141.72190
15.00000 64.00000 724159.28742
15.00000 65.00000 724213.17369
15.00000 66.00000 723854.93245
15.00000 67.00000 722514.01745
15.00000 68.00000 722042.85310
15.00000 69.00000 722173.83524
15.00000 70.00000 721017.73398
16.00000 25.00000 720474.16281
16.00000 26.00000 720670.48361
16.00000 27.00000 721080.99465
16.00000 28.00000 720746.20704
16.00000 29.00000 719860.18806
16.00000 30.00000 720692.95577
16.00000 31.00000 721182.08006
16.00000 32.00000 720951.02155
16.00000 33.00000 720703.26669
16.00000 34.00000 720292.62980
16.00000 35.00000 719908.90146
16.00000 36.00000 719442.74807
16.00000 37.00000 719593.08386
16.00000 38.00000 719931.95739
16.00000 39.00000 720186.38000
16.00000 40.00000 720427.52977
16.00000 41.00000 721364.75897
16.00000 42.00000 721605.12513
16.00000 43.00000 721053.14778
16.00000 44.00000 721496.08772
16.00000 45.00000 722381.80671
16.00000 46.00000 723172.92577
16.00000 47.00000 723456.94893
16.00000 48.00000 723029.00286
16.00000 49.00000 722530.01870
16.00000 50.00000 722025.88828
16.00000 51.00000 721225.11849
16.00000 52.00000 720384.27879
16.00000 53.00000 719764.07204
16.00000 54.00000 720403.99131
16.00000 55.00000 720566.79202
16.00000 56.00000 720080.29138
16.00000 57.00000 719454.01409
16.00000 58.00000 719562.97135
16.00000 59.00000 720161.91407
16.00000 60.00000 721522.32906
16.00000 61.00000 723038.76579
16.00000 62.00000 723797.43030
16.00000 63.00000 723621.21618
16.00000 64.00000 723676.96643
16.00000 65.00000 723784.70706
16.00000 66.00000 723493.55119
16.00000 67.00000 722202.52333
16.00000 68.00000 721762.87315
16.00000 69.00000 721880.74564
16.00000 70.00000 720694.02401
17.00000 25.00000 719590.39388
17.00000 26.00000 719751.67601
17.00000 27.00000 720256.84895
17.00000 28.00000 719806.20053
17.00000 29.00000 718706.54002
17.00000 30.00000 719625.38259
17.00000 31.00000 720365.97881
17.00000 32.00000 720270.61059
17.00000 33.00000 720172.85253
17.00000 34.00000 719942.57897
17.00000 35.00000 719743.51024
17.00000 36.00000 719415.65547
17.00000 37.00000 719564.28554
17.00000 38.00000 719866.36216
17.00000 39.00000 720118.83843
17.00000 40.00000 720299.24081
17.00000 41.00000 721059.28053
17.00000 42.00000 721096.82563
17.00000 43.00000 720363.20094
17.00000 44.00000 720685.16338
17.00000 45.00000 721478.44192
17.00000 46.00000 722285.96406
17.00000 47.00000 722659.38834
17.00000 48.00000 722315.88825
17.00000 49.00000 721958.28934
17.00000 50.00000 721647.65667
17.00000 51.00000 721016.01689
17.00000 52.00000 720285.94240
17.00000 53.00000 719710.62262
17.00000 54.00000 720368.16437
17.00000 55.00000 720520.49328
17.00000 56.00000 719920.37145
17.00000 57.00000 719143.29683
17.00000 58.00000 719212.13884
17.00000 59.00000 719837.59530
17.00000 60.00000 721149.99633
17.00000 61.00000 722589.94479
17.00000 62.00000 723342.73313
17.00000 63.00000 723158.61556
17.00000 64.00000 723224.78874
17.00000 65.00000 723363.54329
17.00000 66.00000 723154.29465
17.00000 67.00000 721908.29542
17.00000 68.00000 721504.65632
17.00000 69.00000 721618.15555
17.00000 70.00000 720426.13688
18.00000 25.00000 719672.87876
18.00000 26.00000 719761.25404
18.00000 27.00000 720240.85918
18.00000 28.00000 719687.03116
18.00000 29.00000 718361.12674
18.00000 30.00000 719270.24326
18.00000 31.00000 720145.94930
18.00000 32.00000 720207.26292
18.00000 33.00000 720338.34790
18.00000 34.00000 720283.59534
18.00000 35.00000 720178.56187
18.00000 36.00000 720101.22511
18.00000 37.00000 720421.81174
18.00000 38.00000 720729.98383
18.00000 39.00000 720949.05563
18.00000 40.00000 721150.26520
18.00000 41.00000 721799.81133
18.00000 42.00000 721597.89941
18.00000 43.00000 720597.06772
18.00000 44.00000 720793.78595
18.00000 45.00000 721493.28825
18.00000 46.00000 722238.60448
18.00000 47.00000 722659.95954
18.00000 48.00000 722415.20216
18.00000 49.00000 722249.59775
18.00000 50.00000 722088.49966
18.00000 51.00000 721634.61287
18.00000 52.00000 721118.93887
18.00000 53.00000 720649.66419
18.00000 54.00000 721282.10504
18.00000 55.00000 721452.06432
18.00000 56.00000 720790.05346
18.00000 57.00000 719875.72967
18.00000 58.00000 719824.76844
18.00000 59.00000 720492.11138
18.00000 60.00000 721789.66598
18.00000 61.00000 723148.15954
18.00000 62.00000 723810.70800
18.00000 63.00000 723640.20816
18.00000 64.00000 723788.98923
18.00000 65.00000 724007.39806
18.00000 66.00000 723827.90584
18.00000 67.00000 722716.65733
18.00000 68.00000 722427.10937
18.00000 69.00000 722541.28150
18.00000 70.00000 721272.21557
19.00000 25.00000 721276.42385
19.00000 26.00000 721255.55575
19.00000 27.00000 721477.45987
19.00000 28.00000 720781.88478
19.00000 29.00000 719269.59574
19.00000 30.00000 720095.15129
19.00000 31.00000 720879.79295
19.00000 32.00000 721009.02488
19.00000 33.00000 721360.87868
19.00000 34.00000 721456.50170
19.00000 35.00000 721370.26871
19.00000 36.00000 721520.65870
19.00000 37.00000 722138.57500
19.00000 38.00000 722573.40619
19.00000 39.00000 722803.55934
19.00000 40.00000 723105.79036
19.00000 41.00000 723780.16161
19.00000 42.00000 723423.52320
19.00000 43.00000 722173.18692
19.00000 44.00000 722272.88341
19.00000 45.00000 722926.75893
19.00000 46.00000 723583.81354
19.00000 47.00000 723995.38860
19.00000 48.00000 723810.81906
19.00000 49.00000 723792.49945
19.00000 50.00000 723673.35784
19.00000 51.00000 723317.63675
19.00000 52.00000 723001.35762
19.00000 53.00000 722652.69627
19.00000 54.00000 723281.60598
19.00000 55.00000 723498.38196
19.00000 56.00000 722843.21577
19.00000 57.00000 721857.99860
19.00000 58.00000 721679.43225
19.00000 59.00000 722391.95901
19.00000 60.00000 723736.85065
19.00000 61.00000 725071.35106
19.00000 62.00000 725619.02530
19.00000 63.00000 725484.19730
19.00000 64.00000 725762.27325
19.00000 65.00000 726078.41141
19.00000 66.00000 725871.67680
19.00000 67.00000 724914.26885
19.00000 68.00000 724764.88034
19.00000 69.00000 724889.33033
19.00000 70.00000 723512.64032
20.00000 25.00000 722404.20782
20.00000 26.00000 722437.30584
20.00000 27.00000 722651.37837
20.00000 28.00000 721701.33086
20.00000 29.00000 719957.96929
20.00000 30.00000 720787.39004
20.00000 31.00000 721633.22930
20.00000 32.00000 721637.27904
20.00000 33.00000 722085.63614
20.00000 34.00000 722351.36411
20.00000 35.00000 722416.97685
20.00000 36.00000 722571.09847
20.00000 37.00000 723337.68062
20.00000 38.00000 723925.14895
20.00000 39.00000 724221.36452
20.00000 40.00000 724493.16964
20.00000 41.00000 725167.13061
20.00000 42.00000 724762.26236
20.00000 43.00000 723365.41594
20.00000 44.00000 723292.95280
20.00000 45.00000 723912.43604
20.00000 46.00000 724634.19564
20.00000 47.00000 725048.65486
20.00000 48.00000 724771.48030
20.00000 49.00000 724857.51505
20.00000 50.00000 724953.33048
20.00000 51.00000 724643.63156
20.00000 52.00000 724339.28474
20.00000 53.00000 724100.46745
20.00000 54.00000 724864.90064
20.00000 55.00000 725057.10885
20.00000 56.00000 724340.94039
20.00000 57.00000 723328.53468
20.00000 58.00000 723190.42343
20.00000 59.00000 723834.03927
20.00000 60.00000 725117.15367
20.00000 61.00000 726434.27842
20.00000 62.00000 727032.26070
20.00000 63.00000 726800.33633
20.00000 64.00000 727080.00611
20.00000 65.00000 727524.48354
20.00000 66.00000 727471.49041
20.00000 67.00000 726499.64732
20.00000 68.00000 726402.53135
20.00000 69.00000 726620.85857
20.00000 70.00000 725311.69233
21.00000 25.00000 724212.50521
21.00000 26.00000 724237.75816
21.00000 27.00000 724734.23983
21.00000 28.00000 723668.19143
21.00000 29.00000 721581.82942
21.00000 30.00000 722228.33929
21.00000 31.00000 723168.65401
21.00000 32.00000 723019.10257
21.00000 33.00000 723267.93571
21.00000 34.00000 723521.39215
21.00000 35.00000 723790.29121
21.00000 36.00000 723956.24191
21.00000 37.00000 724737.80733
21.00000 38.00000 725432.62658
21.00000 39.00000 725863.23699
21.00000 40.00000 726160.05269
21.00000 41.00000 726819.28407
21.00000 42.00000 726421.40262
21.00000 43.00000 725043.82282
21.00000 44.00000 724876.89334
21.00000 45.00000 725354.87692
21.00000 46.00000 726061.43561
21.00000 47.00000 726518.51061
21.00000 48.00000 726137.79587
21.00000 49.00000 726152.66761
21.00000 50.00000 726400.22840
21.00000 51.00000 726208.24445
21.00000 52.00000 725912.73696
21.00000 53.00000 725718.67469
21.00000 54.00000 726609.48592
21.00000 55.00000 726864.94413
21.00000 56.00000 726162.01576
21.00000 57.00000 725140.45023
21.00000 58.00000 725047.67242
21.00000 59.00000 725637.31404
21.00000 60.00000 726812.32652
21.00000 61.00000 728029.77029
21.00000 62.00000 728639.59665
21.00000 63.00000 728327.35147
21.00000 64.00000 728561.78600
21.00000 65.00000 729049.89538
21.00000 66.00000 729148.81959
21.00000 67.00000 728206.10077
21.00000 68.00000 728160.84213
21.00000 69.00000 728446.20085
21.00000 70.00000 727245.30894
22.00000 25.00000 726725.74852
22.00000 26.00000 726558.72074
22.00000 27.00000 727082.09119
22.00000 28.00000 726029.13147
22.00000 29.00000 723779.05526
22.00000 30.00000 724029.31899
22.00000 31.00000 724737.90423
22.00000 32.00000 724495.00462
22.00000 33.00000 724550.16375
22.00000 34.00000 724643.81940
22.00000 35.00000 724937.98287
22.00000 36.00000 725129.45995
22.00000 37.00000 725937.69841
22.00000 38.00000 726713.25495
22.00000 39.00000 727267.22305
22.00000 40.00000 727708.21720
22.00000 41.00000 728494.97301
22.00000 42.00000 728187.91728
22.00000 43.00000 726872.51097
22.00000 44.00000 726735.31991
22.00000 45.00000 727128.65158
22.00000 46.00000 727683.91851
22.00000 47.00000 728089.19030
22.00000 48.00000 727674.59814
22.00000 49.00000 727614.83934
22.00000 50.00000 727834.30364
22.00000 51.00000 727688.88565
22.00000 52.00000 727445.82661
22.00000 53.00000 727306.31053
22.00000 54.00000 728266.93886
22.00000 55.00000 728627.56945
22.00000 56.00000 728031.74726
22.00000 57.00000 727076.16313
22.00000 58.00000 726968.28832
22.00000 59.00000 727528.21182
22.00000 60.00000 728650.38765
22.00000 61.00000 729809.71932
22.00000 62.00000 730350.98958
22.00000 63.00000 730013.29403
22.00000 64.00000 730239.37780
22.00000 65.00000 730739.64842
22.00000 66.00000 730871.12602
22.00000 67.00000 729988.69849
22.00000 68.00000 730009.21257
22.00000 69.00000 730345.55726
22.00000 70.00000 729200.50680
23.00000 25.00000 729475.49980
23.00000 26.00000 729338.30446
23.00000 27.00000 729523.11764
23.00000 28.00000 728481.63326
23.00000 29.00000 726275.43773
23.00000 30.00000 726145.89549
23.00000 31.00000 726305.39953
23.00000 32.00000 725951.96372
23.00000 33.00000 725889.24220
23.00000 34.00000 725807.04364
23.00000 35.00000 725924.34671
23.00000 36.00000 726067.04461
23.00000 37.00000 726867.17789
23.00000 38.00000 727659.53766
23.00000 39.00000 728267.97817
23.00000 40.00000 728854.24415
23.00000 41.00000 729842.30992
23.00000 42.00000 729722.36209
23.00000 43.00000 728548.61048
23.00000 44.00000 728537.74360
23.00000 45.00000 728979.03362
23.00000 46.00000 729425.91787
23.00000 47.00000 729756.31424
23.00000 48.00000 729365.88693
23.00000 49.00000 729256.05383
23.00000 50.00000 729320.95477
23.00000 51.00000 729124.15079
23.00000 52.00000 728906.85285
23.00000 53.00000 728780.99632
23.00000 54.00000 729738.91779
23.00000 55.00000 730178.16589
23.00000 56.00000 729700.80568
23.00000 57.00000 728838.55417
23.00000 58.00000 728713.40486
23.00000 59.00000 729277.70888
23.00000 60.00000 730439.38123
23.00000 61.00000 731638.40357
23.00000 62.00000 732136.53317
23.00000 63.00000 731869.53449
23.00000 64.00000 732136.15865
23.00000 65.00000 732606.08325
23.00000 66.00000 732649.29154
23.00000 67.00000 731830.68224
23.00000 68.00000 731877.43775
23.00000 69.00000 732210.38873
23.00000 70.00000 731057.21636
24.00000 25.00000 730940.34987
24.00000 26.00000 731081.61406
24.00000 27.00000 731368.75675
24.00000 28.00000 730135.82997
24.00000 29.00000 727807.61573
24.00000 30.00000 727569.49576
24.00000 31.00000 727577.50254
24.00000 32.00000 726865.04058
24.00000 33.00000 726654.42067
24.00000 34.00000 726554.75427
24.00000 35.00000 726630.17293
24.00000 36.00000 726592.80385
24.00000 37.00000 727339.40654
24.00000 38.00000 728147.91280
24.00000 39.00000 728765.77828
24.00000 40.00000 729377.01871
24.00000 41.00000 730508.89735
24.00000 42.00000 730582.45305
24.00000 43.00000 729575.73111
24.00000 44.00000 729563.48184
24.00000 45.00000 729992.25570
24.00000 46.00000 730452.79997
24.00000 47.00000 730733.89854
24.00000 48.00000 730259.56317
24.00000 49.00000 730104.99337
24.00000 50.00000 730192.54554
24.00000 51.00000 729909.59746
24.00000 52.00000 729625.26218
24.00000 53.00000 729541.58707
24.00000 54.00000 730608.75068
24.00000 55.00000 731049.93003
24.00000 56.00000 730637.76905
24.00000 57.00000 729900.66117
24.00000 58.00000 729870.46217
24.00000 59.00000 730370.62472
24.00000 60.00000 731515.68738
24.00000 61.00000 732758.84265
24.00000 62.00000 733315.51257
24.00000 63.00000 733007.52063
24.00000 64.00000 733237.61972
24.00000 65.00000 733725.89146
24.00000 66.00000 733810.62560
24.00000 67.00000 732917.87342
24.00000 68.00000 732939.87917
24.00000 69.00000 733328.03891
24.00000 70.00000 732259.38874
25.00000 25.00000 731220.86696
25.00000 26.00000 731860.71981
25.00000 27.00000 732477.02445
25.00000 28.00000 731217.41608
25.00000 29.00000 728491.38600
25.00000 30.00000 728146.77672
25.00000 31.00000 728287.65437
25.00000 32.00000 727421.41161
25.00000 33.00000 727005.30493
25.00000 34.00000 726788.63808
25.00000 35.00000 726906.90175
25.00000 36.00000 726778.04077
25.00000 37.00000 727419.47209
25.00000 38.00000 728190.01461
25.00000 39.00000 728798.58018
25.00000 40.00000 729392.30474
25.00000 41.00000 730602.96105
25.00000 42.00000 730829.71598
25.00000 43.00000 729982.80446
25.00000 44.00000 730017.94156
25.00000 45.00000 730384.24621
25.00000 46.00000 730762.18642
25.00000 47.00000 731016.96856
25.00000 48.00000 730532.24238
25.00000 49.00000 730266.18853
25.00000 50.00000 730295.35834
25.00000 51.00000 729998.85549
25.00000 52.00000 729704.26018
25.00000 53.00000 729634.62443
25.00000 54.00000 730776.04882
25.00000 55.00000 731253.19358
25.00000 56.00000 730951.94710
25.00000 57.00000 730336.05788
25.00000 58.00000 730352.33903
25.00000 59.00000 730807.43391
25.00000 60.00000 731923.88419
25.00000 61.00000 733155.56244
25.00000 62.00000 733705.62263
25.00000 63.00000 733381.34986
25.00000 64.00000 733600.17709
25.00000 65.00000 734085.80993
25.00000 66.00000 734217.37115
25.00000 67.00000 733317.72305
25.00000 68.00000 733343.34458
25.00000 69.00000 733766.00951
25.00000 70.00000 732789.41279
26.00000 25.00000 732379.16203
26.00000 26.00000 733375.70017
26.00000 27.00000 733835.39976
26.00000 28.00000 732775.90495
26.00000 29.00000 730023.34175
26.00000 30.00000 729377.19418
26.00000 31.00000 729250.31843
26.00000 32.00000 728397.07304
26.00000 33.00000 727893.20557
26.00000 34.00000 727421.49490
26.00000 35.00000 727390.70468
26.00000 36.00000 727199.36854
26.00000 37.00000 727744.20447
26.00000 38.00000 728414.25893
26.00000 39.00000 728962.34148
26.00000 40.00000 729550.34131
26.00000 41.00000 730838.48570
26.00000 42.00000 731191.95289
26.00000 43.00000 730479.84521
26.00000 44.00000 730651.21985
26.00000 45.00000 731092.84025
26.00000 46.00000 731386.55571
26.00000 47.00000 731570.33212
26.00000 48.00000 731129.09769
26.00000 49.00000 730773.81354
26.00000 50.00000 730584.31535
26.00000 51.00000 730210.72857
26.00000 52.00000 729945.27734
26.00000 53.00000 729888.20960
26.00000 54.00000 731016.69762
26.00000 55.00000 731528.12417
26.00000 56.00000 731364.32811
26.00000 57.00000 730880.30451
26.00000 58.00000 730892.36673
26.00000 59.00000 731329.48462
26.00000 60.00000 732489.85474
26.00000 61.00000 733785.78733
26.00000 62.00000 734321.54666
26.00000 63.00000 734038.14801
26.00000 64.00000 734282.38794
26.00000 65.00000 734752.95844
26.00000 66.00000 734831.64374
26.00000 67.00000 733946.91901
26.00000 68.00000 733980.18120
26.00000 69.00000 734413.36440
26.00000 70.00000 733463.47367
27.00000 25.00000 733610.55904
27.00000 26.00000 734653.42429
27.00000 27.00000 735458.88170
27.00000 28.00000 734573.84077
27.00000 29.00000 732280.63839
27.00000 30.00000 731529.87391
27.00000 31.00000 730707.64010
27.00000 32.00000 729802.11561
27.00000 33.00000 729289.45169
27.00000 34.00000 728600.57091
27.00000 35.00000 728260.81796
27.00000 36.00000 727964.90226
27.00000 37.00000 728433.63938
27.00000 38.00000 728994.52515
27.00000 39.00000 729424.81218
27.00000 40.00000 729981.08871
27.00000 41.00000 731293.81301
27.00000 42.00000 731680.98355
27.00000 43.00000 731030.03979
27.00000 44.00000 731303.34753
27.00000 45.00000 731869.55265
27.00000 46.00000 732210.62831
27.00000 47.00000 732374.18016
27.00000 48.00000 731963.51100
27.00000 49.00000 731556.31820
27.00000 50.00000 731167.24537
27.00000 51.00000 730705.75339
27.00000 52.00000 730453.79362
27.00000 53.00000 730385.31680
27.00000 54.00000 731455.64559
27.00000 55.00000 731998.57540
27.00000 56.00000 731922.44892
27.00000 57.00000 731508.93950
27.00000 58.00000 731515.31819
27.00000 59.00000 731979.54968
27.00000 60.00000 733238.21584
27.00000 61.00000 734632.42108
27.00000 62.00000 735200.28568
27.00000 63.00000 735001.62535
27.00000 64.00000 735285.25432
27.00000 65.00000 735723.89337
27.00000 66.00000 735704.45399
27.00000 67.00000 734847.96369
27.00000 68.00000 734878.73838
27.00000 69.00000 735288.57542
27.00000 70.00000 734316.05393
28.00000 25.00000 732629.01234
28.00000 26.00000 734030.61406
28.00000 27.00000 735233.81868
28.00000 28.00000 734822.53451
28.00000 29.00000 732822.68687
28.00000 30.00000 732211.57097
28.00000 31.00000 731189.28208
28.00000 32.00000 729771.58387
28.00000 33.00000 729167.67097
28.00000 34.00000 728546.78779
28.00000 35.00000 728189.11821
28.00000 36.00000 727548.05287
28.00000 37.00000 727835.74978
28.00000 38.00000 728378.78314
28.00000 39.00000 728777.42915
28.00000 40.00000 729192.47615
28.00000 41.00000 730523.23318
28.00000 42.00000 731058.56826
28.00000 43.00000 730578.42183
28.00000 44.00000 730861.99553
28.00000 45.00000 731434.76115
28.00000 46.00000 731816.17489
28.00000 47.00000 731933.20968
28.00000 48.00000 731403.13392
28.00000 49.00000 730901.76218
28.00000 50.00000 730535.69810
28.00000 51.00000 729944.22149
28.00000 52.00000 729479.00646
28.00000 53.00000 729363.39660
28.00000 54.00000 730512.67419
28.00000 55.00000 730995.39932
28.00000 56.00000 730942.66660
28.00000 57.00000 730696.83891
28.00000 58.00000 730864.00097
28.00000 59.00000 731242.10842
28.00000 60.00000 732465.56837
28.00000 61.00000 733923.42658
28.00000 62.00000 734603.94735
28.00000 63.00000 734383.98885
28.00000 64.00000 734651.53231
28.00000 65.00000 735135.39525
28.00000 66.00000 735190.35353
28.00000 67.00000 734222.13267
28.00000 68.00000 734174.23431
28.00000 69.00000 734622.20014
28.00000 70.00000 733758.04650
29.00000 25.00000 730190.22142
29.00000 26.00000 731690.71917
29.00000 27.00000 733507.43043
29.00000 28.00000 733474.85154
29.00000 29.00000 732174.24004
29.00000 30.00000 731518.19263
29.00000 31.00000 730491.44723
29.00000 32.00000 728899.44021
29.00000 33.00000 728039.24400
29.00000 34.00000 727373.94527
29.00000 35.00000 727129.10998
29.00000 36.00000 726328.48475
29.00000 37.00000 726383.00100
29.00000 38.00000 726806.55185
29.00000 39.00000 727176.68281
29.00000 40.00000 727491.77734
29.00000 41.00000 728726.58033
29.00000 42.00000 729311.16449
29.00000 43.00000 729022.70527
29.00000 44.00000 729408.48113
29.00000 45.00000 730013.69825
29.00000 46.00000 730396.75687
29.00000 47.00000 730489.04932
29.00000 48.00000 729925.82707
29.00000 49.00000 729271.76585
29.00000 50.00000 728813.53106
29.00000 51.00000 728152.50919
29.00000 52.00000 727539.32675
29.00000 53.00000 727255.78201
29.00000 54.00000 728314.54988
29.00000 55.00000 728757.87690
29.00000 56.00000 728694.30087
29.00000 57.00000 728523.32462
29.00000 58.00000 728813.31556
29.00000 59.00000 729176.32359
29.00000 60.00000 730413.98754
29.00000 61.00000 731940.74846
29.00000 62.00000 732689.65563
29.00000 63.00000 732506.69541
29.00000 64.00000 732802.45443
29.00000 65.00000 733294.73823
29.00000 66.00000 733400.90707
29.00000 67.00000 732401.35849
29.00000 68.00000 732295.59934
29.00000 69.00000 732702.79055
29.00000 70.00000 731879.66173
30.00000 25.00000 731034.88322
30.00000 26.00000 732223.35854
30.00000 27.00000 733771.26298
30.00000 28.00000 734083.27220
30.00000 29.00000 733190.08317
30.00000 30.00000 732427.00879
30.00000 31.00000 731759.66025
30.00000 32.00000 730597.35115
30.00000 33.00000 729561.89474
30.00000 34.00000 728445.52896
30.00000 35.00000 728062.44402
30.00000 36.00000 727334.59389
30.00000 37.00000 727302.98876
30.00000 38.00000 727519.28770
30.00000 39.00000 727751.05902
30.00000 40.00000 728048.17225
30.00000 41.00000 729116.46271
30.00000 42.00000 729412.62231
30.00000 43.00000 728906.26930
30.00000 44.00000 729346.64016
30.00000 45.00000 730079.26454
30.00000 46.00000 730574.42089
30.00000 47.00000 730749.99059
30.00000 48.00000 730336.36650
30.00000 49.00000 729755.53373
30.00000 50.00000 729220.50951
30.00000 51.00000 728532.38222
30.00000 52.00000 727931.84732
30.00000 53.00000 727528.76331
30.00000 54.00000 728360.75011
30.00000 55.00000 728764.68547
30.00000 56.00000 728625.15599
30.00000 57.00000 728324.16005
30.00000 58.00000 728552.03106
30.00000 59.00000 729099.14615
30.00000 60.00000 730504.94415
30.00000 61.00000 732146.96792
30.00000 62.00000 732919.92118
30.00000 63.00000 732855.21382
30.00000 64.00000 733232.40334
30.00000 65.00000 733726.16264
30.00000 66.00000 733782.17689
30.00000 67.00000 732811.95950
30.00000 68.00000 732684.91992
30.00000 69.00000 733003.74056
30.00000 70.00000 732031.10110
31.00000 25.00000 732140.19906
31.00000 26.00000 733122.93154
31.00000 27.00000 734091.06904
31.00000 28.00000 734318.62063
31.00000 29.00000 733515.34180
31.00000 30.00000 733530.98989
31.00000 31.00000 732642.63265
31.00000 32.00000 732149.63943
31.00000 33.00000 731367.62042
31.00000 34.00000 730021.21992
31.00000 35.00000 729186.60977
31.00000 36.00000 728567.04575
31.00000 37.00000 728599.77539
31.00000 38.00000 728690.64197
31.00000 39.00000 728731.20066
31.00000 40.00000 728990.43505
31.00000 41.00000 729912.19240
31.00000 42.00000 729891.46585
31.00000 43.00000 729023.15305
31.00000 44.00000 729386.55166
31.00000 45.00000 730165.81491
31.00000 46.00000 730731.77017
31.00000 47.00000 731000.90233
31.00000 48.00000 730742.03004
31.00000 49.00000 730349.15636
31.00000 50.00000 729835.36529
31.00000 51.00000 729172.76475
31.00000 52.00000 728627.18494
31.00000 53.00000 728163.16564
31.00000 54.00000 728806.51401
31.00000 55.00000 729179.13772
31.00000 56.00000 728940.26780
31.00000 57.00000 728460.38341
31.00000 58.00000 728560.02468
31.00000 59.00000 729321.31674
31.00000 60.00000 730910.51343
31.00000 61.00000 732645.13049
31.00000 62.00000 733446.26674
31.00000 63.00000 733531.36477
31.00000 64.00000 733994.72730
31.00000 65.00000 734455.90125
31.00000 66.00000 734386.59273
31.00000 67.00000 733495.22176
31.00000 68.00000 733392.49582
31.00000 69.00000 733639.86284
31.00000 70.00000 732504.92862
32.00000 25.00000 731946.09669
32.00000 26.00000 732892.92769
32.00000 27.00000 733792.37242
32.00000 28.00000 733822.52477
32.00000 29.00000 733156.31851
32.00000 30.00000 733703.97579
32.00000 31.00000 733598.40160
32.00000 32.00000 732194.71044
32.00000 33.00000 731766.74045
32.00000 34.00000 730784.15630
32.00000 35.00000 729963.12034
32.00000 36.00000 728913.46806
32.00000 37.00000 728884.12062
32.00000 38.00000 729070.70704
32.00000 39.00000 729094.72594
32.00000 40.00000 729089.46599
32.00000 41.00000 729851.42225
32.00000 42.00000 729722.58846
32.00000 43.00000 728671.13851
32.00000 44.00000 728799.21743
32.00000 45.00000 729559.34948
32.00000 46.00000 730293.74286
32.00000 47.00000 730643.76621
32.00000 48.00000 730370.97613
32.00000 49.00000 730111.21213
32.00000 50.00000 729833.90739
32.00000 51.00000 729180.24311
32.00000 52.00000 728508.02408
32.00000 53.00000 728019.05760
32.00000 54.00000 728707.92093
32.00000 55.00000 728913.94647
32.00000 56.00000 728460.14985
32.00000 57.00000 727881.81611
32.00000 58.00000 728075.45116
32.00000 59.00000 728807.55861
32.00000 60.00000 730368.21968
32.00000 61.00000 732163.41730
32.00000 62.00000 733172.89330
32.00000 63.00000 733269.55227
32.00000 64.00000 733728.96215
32.00000 65.00000 734256.71217
32.00000 66.00000 734305.79277
32.00000 67.00000 733354.88448
32.00000 68.00000 733217.72976
32.00000 69.00000 733509.03428
32.00000 70.00000 732433.11018
33.00000 25.00000 731752.65080
33.00000 26.00000 732512.84312
33.00000 27.00000 733322.17795
33.00000 28.00000 733187.47130
33.00000 29.00000 732425.05306
33.00000 30.00000 733362.46958
33.00000 31.00000 733843.24298
33.00000 32.00000 733145.15692
33.00000 33.00000 732252.78212
33.00000 34.00000 731544.33581
33.00000 35.00000 730893.93995
33.00000 36.00000 729744.11581
33.00000 37.00000 729447.96580
33.00000 38.00000 729599.88814
33.00000 39.00000 729665.05213
33.00000 40.00000 729468.14365
33.00000 41.00000 729921.50485
33.00000 42.00000 729521.65655
33.00000 43.00000 728262.90401
33.00000 44.00000 728214.78811
33.00000 45.00000 728857.08697
33.00000 46.00000 729664.71621
33.00000 47.00000 730120.56367
33.00000 48.00000 729894.05991
33.00000 49.00000 729718.42354
33.00000 50.00000 729620.93876
33.00000 51.00000 729127.16533
33.00000 52.00000 728496.37957
33.00000 53.00000 727967.73218
33.00000 54.00000 728610.23701
33.00000 55.00000 728746.71573
33.00000 56.00000 728131.31556
33.00000 57.00000 727375.65741
33.00000 58.00000 727551.10982
33.00000 59.00000 728312.91020
33.00000 60.00000 729837.06541
33.00000 61.00000 731578.62369
33.00000 62.00000 732679.50385
33.00000 63.00000 732870.81080
33.00000 64.00000 733396.16872
33.00000 65.00000 733958.60361
33.00000 66.00000 734105.34970
33.00000 67.00000 733297.91449
33.00000 68.00000 733202.31945
33.00000 69.00000 733455.87580
33.00000 70.00000 732402.72382
34.00000 25.00000 731333.25898
34.00000 26.00000 731849.67425
34.00000 27.00000 732502.27998
34.00000 28.00000 732297.39307
34.00000 29.00000 731360.87969
34.00000 30.00000 732257.25970
34.00000 31.00000 733083.97036
34.00000 32.00000 732836.60909
34.00000 33.00000 732405.27685
34.00000 34.00000 731699.63095
34.00000 35.00000 731101.39026
34.00000 36.00000 730338.39241
34.00000 37.00000 730084.23007
34.00000 38.00000 730044.19414
34.00000 39.00000 730041.46715
34.00000 40.00000 729814.53938
34.00000 41.00000 729995.01038
34.00000 42.00000 729195.52489
34.00000 43.00000 727605.56345
34.00000 44.00000 727450.10839
34.00000 45.00000 727968.97007
34.00000 46.00000 728661.98372
34.00000 47.00000 729127.62795
34.00000 48.00000 728980.48933
34.00000 49.00000 728905.36019
34.00000 50.00000 728892.47288
34.00000 51.00000 728588.62638
34.00000 52.00000 728155.14779
34.00000 53.00000 727700.93031
34.00000 54.00000 728257.47820
34.00000 55.00000 728375.72402
34.00000 56.00000 727690.35043
34.00000 57.00000 726786.58975
34.00000 58.00000 726807.10736
34.00000 59.00000 727589.29684
34.00000 60.00000 729059.08543
34.00000 61.00000 730687.01247
34.00000 62.00000 731716.89387
34.00000 63.00000 731972.69721
34.00000 64.00000 732590.73495
34.00000 65.00000 733242.20455
34.00000 66.00000 733466.44676
34.00000 67.00000 732884.56424
34.00000 68.00000 732915.84642
34.00000 69.00000 733173.07297
34.00000 70.00000 732118.13671
35.00000 25.00000 731025.56509
35.00000 26.00000 731407.58471
35.00000 27.00000 731879.30000
35.00000 28.00000 731595.17636
35.00000 29.00000 730560.55565
35.00000 30.00000 731297.38486
35.00000 31.00000 732071.50951
35.00000 32.00000 732073.39699
35.00000 33.00000 731987.09458
35.00000 34.00000 731647.19906
35.00000 35.00000 731171.78379
35.00000 36.00000 730767.59993
35.00000 37.00000 730826.44062
35.00000 38.00000 730804.03982
35.00000 39.00000 730652.77835
35.00000 40.00000 730408.27350
35.00000 41.00000 730446.76259
35.00000 42.00000 729354.48283
35.00000 43.00000 727423.93684
35.00000 44.00000 727122.36060
35.00000 45.00000 727534.01804
35.00000 46.00000 728040.44319
35.00000 47.00000 728394.55214
35.00000 48.00000 728210.30673
35.00000 49.00000 728178.86818
35.00000 50.00000 728163.56438
35.00000 51.00000 727963.91120
35.00000 52.00000 727718.39285
35.00000 53.00000 727407.17986
35.00000 54.00000 727964.74322
35.00000 55.00000 728107.23333
35.00000 56.00000 727414.93152
35.00000 57.00000 726435.23689
35.00000 58.00000 726299.36152
35.00000 59.00000 727048.78388
35.00000 60.00000 728440.29198
35.00000 61.00000 729940.37178
35.00000 62.00000 730837.66417
35.00000 63.00000 731092.03323
35.00000 64.00000 731773.43603
35.00000 65.00000 732522.93820
35.00000 66.00000 732825.27311
35.00000 67.00000 732441.16166
35.00000 68.00000 732616.47891
35.00000 69.00000 732933.12275
35.00000 70.00000 731917.41500
36.00000 25.00000 730494.16754
36.00000 26.00000 730827.85263
36.00000 27.00000 731262.47735
36.00000 28.00000 730797.13174
36.00000 29.00000 729650.35639
36.00000 30.00000 730357.42908
36.00000 31.00000 731153.76690
36.00000 32.00000 731031.99732
36.00000 33.00000 730965.67462
36.00000 34.00000 730927.13200
36.00000 35.00000 730802.12101
36.00000 36.00000 730492.78292
36.00000 37.00000 730706.86214
36.00000 38.00000 730943.74498
36.00000 39.00000 730888.11465
36.00000 40.00000 730438.02868
36.00000 41.00000 730280.71277
36.00000 42.00000 729098.46417
36.00000 43.00000 727029.76517
36.00000 44.00000 726318.09490
36.00000 45.00000 726614.03222
36.00000 46.00000 727272.45292
36.00000 47.00000 727630.31134
36.00000 48.00000 727174.42912
36.00000 49.00000 727133.17537
36.00000 50.00000 727354.00216
36.00000 51.00000 727214.53461
36.00000 52.00000 726991.28182
36.00000 53.00000 726820.09862
36.00000 54.00000 727544.26219
36.00000 55.00000 727695.99214
36.00000 56.00000 726955.14595
36.00000 57.00000 725935.90769
36.00000 58.00000 725807.06886
36.00000 59.00000 726412.26779
36.00000 60.00000 727603.82303
36.00000 61.00000 728942.52140
36.00000 62.00000 729814.74396
36.00000 63.00000 729944.73519
36.00000 64.00000 730583.49350
36.00000 65.00000 731428.52569
36.00000 66.00000 731915.88217
36.00000 67.00000 731567.20030
36.00000 68.00000 731800.02899
36.00000 69.00000 732212.47394
36.00000 70.00000 731351.60711
37.00000 25.00000 730641.31296
37.00000 26.00000 730880.57619
37.00000 27.00000 731251.85677
37.00000 28.00000 730677.18376
37.00000 29.00000 729344.51021
37.00000 30.00000 729929.87109
37.00000 31.00000 730724.85680
37.00000 32.00000 730626.29133
37.00000 33.00000 730514.78804
37.00000 34.00000 730530.10072
37.00000 35.00000 730637.37559
37.00000 36.00000 730620.08633
37.00000 37.00000 731253.18614
37.00000 38.00000 731475.94761
37.00000 39.00000 731567.07492
37.00000 40.00000 731136.79928
37.00000 41.00000 730693.36620
37.00000 42.00000 729330.04182
37.00000 43.00000 727235.14760
37.00000 44.00000 726346.86911
37.00000 45.00000 726424.07485
37.00000 46.00000 727095.15685
37.00000 47.00000 727534.39264
37.00000 48.00000 727026.81508
37.00000 49.00000 726850.54693
37.00000 50.00000 727047.38454
37.00000 51.00000 726954.46733
37.00000 52.00000 726770.41639
37.00000 53.00000 726629.76734
37.00000 54.00000 727448.35284
37.00000 55.00000 727703.89275
37.00000 56.00000 727035.84660
37.00000 57.00000 726001.72276
37.00000 58.00000 725829.12568
37.00000 59.00000 726378.38580
37.00000 60.00000 727446.96744
37.00000 61.00000 728601.31696
37.00000 62.00000 729347.93076
37.00000 63.00000 729428.30170
37.00000 64.00000 730058.07655
37.00000 65.00000 730894.74983
37.00000 66.00000 731425.31713
37.00000 67.00000 731119.45782
37.00000 68.00000 731407.72121
37.00000 69.00000 731861.02048
37.00000 70.00000 731063.62390
38.00000 25.00000 730911.24709
38.00000 26.00000 731066.10942
38.00000 27.00000 731321.09475
38.00000 28.00000 730716.57186
38.00000 29.00000 729246.56495
38.00000 30.00000 729620.19649
38.00000 31.00000 730274.13883
38.00000 32.00000 730268.35673
38.00000 33.00000 730250.50010
38.00000 34.00000 730253.04318
38.00000 35.00000 730395.04199
38.00000 36.00000 730664.48786
38.00000 37.00000 731436.94111
38.00000 38.00000 731973.36491
38.00000 39.00000 732031.51935
38.00000 40.00000 731938.30839
38.00000 41.00000 731585.17858
38.00000 42.00000 729809.55906
38.00000 43.00000 727501.14868
38.00000 44.00000 726844.57417
38.00000 45.00000 726900.30359
38.00000 46.00000 727289.70425
38.00000 47.00000 727651.93053
38.00000 48.00000 727268.93229
38.00000 49.00000 727064.72150
38.00000 50.00000 726984.45986
38.00000 51.00000 726790.94047
38.00000 52.00000 726663.53151
38.00000 53.00000 726517.99720
38.00000 54.00000 727295.85316
38.00000 55.00000 727630.27667
38.00000 56.00000 727097.25232
38.00000 57.00000 726135.06100
38.00000 58.00000 725890.31400
38.00000 59.00000 726412.27694
38.00000 60.00000 727448.40380
38.00000 61.00000 728516.71599
38.00000 62.00000 729053.97611
38.00000 63.00000 729087.33341
38.00000 64.00000 729721.63417
38.00000 65.00000 730535.53589
38.00000 66.00000 730966.08900
38.00000 67.00000 730656.66299
38.00000 68.00000 730996.34918
38.00000 69.00000 731501.41520
38.00000 70.00000 730689.88074
39.00000 25.00000 730776.98363
39.00000 26.00000 730899.92473
39.00000 27.00000 731049.30594
39.00000 28.00000 730402.48857
39.00000 29.00000 728865.66978
39.00000 30.00000 729080.36541
39.00000 31.00000 729546.54001
39.00000 32.00000 729537.19687
39.00000 33.00000 729624.80943
39.00000 34.00000 729681.52973
39.00000 35.00000 729812.11713
39.00000 36.00000 730188.78969
39.00000 37.00000 731133.03695
39.00000 38.00000 731768.67911
39.00000 39.00000 731983.03367
39.00000 40.00000 732087.53701
39.00000 41.00000 732017.02520
39.00000 42.00000 730173.77017
39.00000 43.00000 727463.94955
39.00000 44.00000 726884.33755
39.00000 45.00000 727102.69805
39.00000 46.00000 727365.09727
39.00000 47.00000 727604.07402
39.00000 48.00000 727201.68354
39.00000 49.00000 727014.32456
39.00000 50.00000 726772.28852
39.00000 51.00000 726414.20015
39.00000 52.00000 726267.53013
39.00000 53.00000 726120.12381
39.00000 54.00000 726876.63018
39.00000 55.00000 727211.38372
39.00000 56.00000 726769.71700
39.00000 57.00000 725890.11167
39.00000 58.00000 725615.74914
39.00000 59.00000 726071.34126
39.00000 60.00000 727082.15217
39.00000 61.00000 728135.74152
39.00000 62.00000 728538.52073
39.00000 63.00000 728456.28251
39.00000 64.00000 729051.73998
39.00000 65.00000 729857.51457
39.00000 66.00000 730206.19655
39.00000 67.00000 729832.77090
39.00000 68.00000 730204.50098
39.00000 69.00000 730779.79975
39.00000 70.00000 729972.87229
40.00000 25.00000 730459.02614
40.00000 26.00000 730608.74783
40.00000 27.00000 730759.46782
40.00000 28.00000 729978.28170
40.00000 29.00000 728356.73598
40.00000 30.00000 728524.42063
40.00000 31.00000 728940.18254
40.00000 32.00000 728686.27272
40.00000 33.00000 728689.37549
40.00000 34.00000 728827.78137
40.00000 35.00000 729076.01772
40.00000 36.00000 729308.14211
40.00000 37.00000 730372.56264
40.00000 38.00000 731343.97221
40.00000 39.00000 731773.59466
40.00000 40.00000 731926.08697
40.00000 41.00000 731913.03117
40.00000 42.00000 730400.95375
40.00000 43.00000 727768.81323
40.00000 44.00000 726263.82482
40.00000 45.00000 726553.32775
40.00000 46.00000 727278.58748
40.00000 47.00000 727555.31710
40.00000 48.00000 726789.98504
40.00000 49.00000 726539.89337
40.00000 50.00000 726473.30605
40.00000 51.00000 726006.98312
40.00000 52.00000 725632.98476
40.00000 53.00000 725497.23239
40.00000 54.00000 726430.31665
40.00000 55.00000 726710.39591
40.00000 56.00000 726295.41173
40.00000 57.00000 725537.08571
40.00000 58.00000 725361.41897
40.00000 59.00000 725646.08007
40.00000 60.00000 726499.72191
40.00000 61.00000 727513.47882
40.00000 62.00000 727966.44239
40.00000 63.00000 727653.92794
40.00000 64.00000 728100.01164
40.00000 65.00000 728929.84981
40.00000 66.00000 729356.00274
40.00000 67.00000 728851.63734
40.00000 68.00000 729200.36706
40.00000 69.00000 729872.03547
40.00000 70.00000 729174.07541
41.00000 25.00000 730916.29887
41.00000 26.00000 731137.58919
41.00000 27.00000 731334.84355
41.00000 28.00000 730534.29512
41.00000 29.00000 728839.52744
41.00000 30.00000 728871.47557
41.00000 31.00000 729163.49245
41.00000 32.00000 728733.71689
41.00000 33.00000 728536.13912
41.00000 34.00000 728568.32166
41.00000 35.00000 728848.61337
41.00000 36.00000 728993.90424
41.00000 37.00000 729885.99857
41.00000 38.00000 730982.57260
41.00000 39.00000 731684.92791
41.00000 40.00000 732116.99252
41.00000 41.00000 732647.34877
41.00000 42.00000 731623.97991
41.00000 43.00000 729479.02787
41.00000 44.00000 727919.76789
41.00000 45.00000 727660.13825
41.00000 46.00000 728275.51082
41.00000 47.00000 728512.31362
41.00000 48.00000 727560.70841
41.00000 49.00000 727009.93835
41.00000 50.00000 726822.06128
41.00000 51.00000 726279.58395
41.00000 52.00000 725736.29386
41.00000 53.00000 725452.41218
41.00000 54.00000 726432.23864
41.00000 55.00000 726727.51129
41.00000 56.00000 726394.70371
41.00000 57.00000 725758.60178
41.00000 58.00000 725647.75807
41.00000 59.00000 725868.21698
41.00000 60.00000 726697.26139
41.00000 61.00000 727692.11365
41.00000 62.00000 728144.88602
41.00000 63.00000 727753.97381
41.00000 64.00000 728086.22283
41.00000 65.00000 728802.63627
41.00000 66.00000 729186.18635
41.00000 67.00000 728600.52517
41.00000 68.00000 728899.51410
41.00000 69.00000 729569.79124
41.00000 70.00000 728916.13100
42.00000 25.00000 730406.72201
42.00000 26.00000 730718.79262
42.00000 27.00000 731002.51907
42.00000 28.00000 730322.37180
42.00000 29.00000 728686.98939
42.00000 30.00000 728505.79674
42.00000 31.00000 728554.04124
42.00000 32.00000 728030.40460
42.00000 33.00000 727653.43383
42.00000 34.00000 727447.83172
42.00000 35.00000 727585.59604
42.00000 36.00000 727690.69673
42.00000 37.00000 728419.40381
42.00000 38.00000 729214.86470
42.00000 39.00000 729891.98004
42.00000 40.00000 730594.93222
42.00000 41.00000 731746.46710
42.00000 42.00000 731465.70399
42.00000 43.00000 729886.17322
42.00000 44.00000 728943.77515
42.00000 45.00000 728444.75348
42.00000 46.00000 728428.10283
42.00000 47.00000 728471.28667
42.00000 48.00000 727502.56617
42.00000 49.00000 726721.99427
42.00000 50.00000 726211.38697
42.00000 51.00000 725549.54796
42.00000 52.00000 724973.56066
42.00000 53.00000 724571.83610
42.00000 54.00000 725413.42630
42.00000 55.00000 725707.43434
42.00000 56.00000 725459.37019
42.00000 57.00000 724934.83495
42.00000 58.00000 724811.73355
42.00000 59.00000 724974.30315
42.00000 60.00000 725848.11666
42.00000 61.00000 726887.40011
42.00000 62.00000 727256.29881
42.00000 63.00000 726820.64207
42.00000 64.00000 727107.68990
42.00000 65.00000 727734.36255
42.00000 66.00000 727994.91700
42.00000 67.00000 727350.02447
42.00000 68.00000 727622.71411
42.00000 69.00000 728268.20593
42.00000 70.00000 727577.56699
43.00000 25.00000 729041.84407
43.00000 26.00000 729440.52385
43.00000 27.00000 729820.96611
43.00000 28.00000 729300.50718
43.00000 29.00000 727835.55429
43.00000 30.00000 727478.78390
43.00000 31.00000 727240.03556
43.00000 32.00000 726592.61572
43.00000 33.00000 726082.30172
43.00000 34.00000 725649.51753
43.00000 35.00000 725555.92191
43.00000 36.00000 725535.39233
43.00000 37.00000 726198.15038
43.00000 38.00000 726807.34061
43.00000 39.00000 727177.74129
43.00000 40.00000 727924.00733
43.00000 41.00000 729551.37284
43.00000 42.00000 729949.09518
43.00000 43.00000 729246.29467
43.00000 44.00000 728830.65989
43.00000 45.00000 728458.33107
43.00000 46.00000 728036.01005
43.00000 47.00000 727741.15018
43.00000 48.00000 726693.26685
43.00000 49.00000 725773.89596
43.00000 50.00000 724979.45327
43.00000 51.00000 724084.47423
43.00000 52.00000 723449.29596
43.00000 53.00000 723018.55344
43.00000 54.00000 723753.48085
43.00000 55.00000 723941.34324
43.00000 56.00000 723683.58174
43.00000 57.00000 723254.63569
43.00000 58.00000 723116.38954
43.00000 59.00000 723147.69232
43.00000 60.00000 724074.19012
43.00000 61.00000 725256.14821
43.00000 62.00000 725579.31562
43.00000 63.00000 725054.02790
43.00000 64.00000 725304.01612
43.00000 65.00000 725914.61076
43.00000 66.00000 726084.90611
43.00000 67.00000 725317.24805
43.00000 68.00000 725543.68471
43.00000 69.00000 726182.45301
43.00000 70.00000 725440.73989
44.00000 25.00000 728680.40775
44.00000 26.00000 729172.04972
44.00000 27.00000 729614.25691
44.00000 28.00000 729072.39811
44.00000 29.00000 727668.81205
44.00000 30.00000 727323.58374
44.00000 31.00000 726996.31756
44.00000 32.00000 726152.71620
44.00000 33.00000 725514.03571
44.00000 34.00000 725040.07712
44.00000 35.00000 724891.15087
44.00000 36.00000 724548.21274
44.00000 37.00000 725045.96929
44.00000 38.00000 725810.02859
44.00000 39.00000 726268.44597
44.00000 40.00000 726404.10630
44.00000 41.00000 728111.16787
44.00000 42.00000 729143.95991
44.00000 43.00000 729133.35264
44.00000 44.00000 728512.81638
44.00000 45.00000 728529.03546
44.00000 46.00000 728374.46557
44.00000 47.00000 728044.57287
44.00000 48.00000 726667.00738
44.00000 49.00000 725594.35618
44.00000 50.00000 724847.94659
44.00000 51.00000 723815.89115
44.00000 52.00000 722910.23717
44.00000 53.00000 722406.19869
44.00000 54.00000 723260.57575
44.00000 55.00000 723342.53474
44.00000 56.00000 722896.84138
44.00000 57.00000 722449.45989
44.00000 58.00000 722445.47957
44.00000 59.00000 722370.43452
44.00000 60.00000 723297.36406
44.00000 61.00000 724635.86484
44.00000 62.00000 725104.88448
44.00000 63.00000 724519.92174
44.00000 64.00000 724678.84679
44.00000 65.00000 725257.07349
44.00000 66.00000 725443.54289
44.00000 67.00000 724470.75722
44.00000 68.00000 724560.69889
44.00000 69.00000 725167.69570
44.00000 70.00000 724390.17500
45.00000 25.00000 728846.21093
45.00000 26.00000 729282.81721
45.00000 27.00000 729704.28277
45.00000 28.00000 729144.24437
45.00000 29.00000 727723.47808
45.00000 30.00000 727452.16579
45.00000 31.00000 727125.04987
45.00000 32.00000 726237.82522
45.00000 33.00000 725480.51053
45.00000 34.00000 724930.76251
45.00000 35.00000 724773.73243
45.00000 36.00000 724376.35730
45.00000 37.00000 724684.22286
45.00000 38.00000 725381.78109
45.00000 39.00000 725960.34579
45.00000 40.00000 726253.65437
45.00000 41.00000 727771.32727
45.00000 42.00000 728857.40068
45.00000 43.00000 729085.38949
45.00000 44.00000 729221.56825
45.00000 45.00000 729126.79567
45.00000 46.00000 729154.59522
45.00000 47.00000 728906.03886
45.00000 48.00000 727558.50655
45.00000 49.00000 726134.48045
45.00000 50.00000 725195.48622
45.00000 51.00000 724143.86980
45.00000 52.00000 723116.99660
45.00000 53.00000 722414.76827
45.00000 54.00000 723228.81353
45.00000 55.00000 723323.23223
45.00000 56.00000 722748.00111
45.00000 57.00000 722104.88403
45.00000 58.00000 722101.21371
45.00000 59.00000 722104.23423
45.00000 60.00000 723143.88839
45.00000 61.00000 724564.42319
45.00000 62.00000 725120.95559
45.00000 63.00000 724676.31103
45.00000 64.00000 724851.03582
45.00000 65.00000 725279.41260
45.00000 66.00000 725379.89570
45.00000 67.00000 724334.88487
45.00000 68.00000 724302.32072
45.00000 69.00000 724752.60423
45.00000 70.00000 723846.88150
46.00000 25.00000 729242.59664
46.00000 26.00000 729446.35249
46.00000 27.00000 729716.51954
46.00000 28.00000 729129.56485
46.00000 29.00000 727644.75559
46.00000 30.00000 727451.98568
46.00000 31.00000 727145.77609
46.00000 32.00000 726371.88446
46.00000 33.00000 725642.83157
46.00000 34.00000 724967.70704
46.00000 35.00000 724707.88441
46.00000 36.00000 724458.63278
46.00000 37.00000 724762.54201
46.00000 38.00000 725232.08986
46.00000 39.00000 725711.85718
46.00000 40.00000 726335.86711
46.00000 41.00000 727839.87601
46.00000 42.00000 728633.93891
46.00000 43.00000 728730.08169
46.00000 44.00000 729260.77173
46.00000 45.00000 729824.87828
46.00000 46.00000 729793.37930
46.00000 47.00000 729633.35549
46.00000 48.00000 728700.29854
46.00000 49.00000 727268.79298
46.00000 50.00000 725814.28888
46.00000 51.00000 724663.45963
46.00000 52.00000 723698.46796
46.00000 53.00000 722858.96194
46.00000 54.00000 723402.30551
46.00000 55.00000 723476.98464
46.00000 56.00000 722832.04231
46.00000 57.00000 722006.73326
46.00000 58.00000 721838.64015
46.00000 59.00000 721985.90007
46.00000 60.00000 723208.13578
46.00000 61.00000 724747.61048
46.00000 62.00000 725315.47322
46.00000 63.00000 725076.95975
46.00000 64.00000 725375.15501
46.00000 65.00000 725727.56151
46.00000 66.00000 725596.13909
46.00000 67.00000 724541.15348
46.00000 68.00000 724430.43575
46.00000 69.00000 724716.30762
46.00000 70.00000 723580.58434
47.00000 25.00000 729628.01432
47.00000 26.00000 729674.22424
47.00000 27.00000 729800.88636
47.00000 28.00000 729082.67471
47.00000 29.00000 727505.65277
47.00000 30.00000 727381.82810
47.00000 31.00000 727159.44217
47.00000 32.00000 726394.13496
47.00000 33.00000 725726.74889
47.00000 34.00000 725021.91696
47.00000 35.00000 724693.32263
47.00000 36.00000 724457.02391
47.00000 37.00000 724817.61016
47.00000 38.00000 725246.05947
47.00000 39.00000 725646.33006
47.00000 40.00000 726282.57981
47.00000 41.00000 727745.17685
47.00000 42.00000 728394.29384
47.00000 43.00000 728294.41074
47.00000 44.00000 728914.77885
47.00000 45.00000 729736.89156
47.00000 46.00000 730085.20905
47.00000 47.00000 729848.07409
47.00000 48.00000 729186.54873
47.00000 49.00000 728029.93100
47.00000 50.00000 726515.48916
47.00000 51.00000 725118.37786
47.00000 52.00000 724152.04190
47.00000 53.00000 723359.82074
47.00000 54.00000 723812.22186
47.00000 55.00000 723747.58641
47.00000 56.00000 722965.99781
47.00000 57.00000 722063.19200
47.00000 58.00000 721863.93748
47.00000 59.00000 722050.70305
47.00000 60.00000 723323.46445
47.00000 61.00000 724966.55159
47.00000 62.00000 725654.25675
47.00000 63.00000 725462.62740
47.00000 64.00000 725801.62571
47.00000 65.00000 726211.64338
47.00000 66.00000 726025.48930
47.00000 67.00000 724895.71169
47.00000 68.00000 724705.14789
47.00000 69.00000 724930.41250
47.00000 70.00000 723669.77801
48.00000 25.00000 729282.31561
48.00000 26.00000 729296.57217
48.00000 27.00000 729370.75481
48.00000 28.00000 728490.42036
48.00000 29.00000 726835.79342
48.00000 30.00000 726812.16802
48.00000 31.00000 726686.19159
48.00000 32.00000 725784.34712
48.00000 33.00000 725138.06466
48.00000 34.00000 724545.36518
48.00000 35.00000 724247.59637
48.00000 36.00000 723848.13964
48.00000 37.00000 724168.14345
48.00000 38.00000 724654.60899
48.00000 39.00000 725039.77592
48.00000 40.00000 725485.36420
48.00000 41.00000 726864.29975
48.00000 42.00000 727519.19925
48.00000 43.00000 727378.59660
48.00000 44.00000 727932.72693
48.00000 45.00000 728823.33225
48.00000 46.00000 729417.80538
48.00000 47.00000 729454.57008
48.00000 48.00000 728570.97682
48.00000 49.00000 727488.23826
48.00000 50.00000 726287.29559
48.00000 51.00000 724820.08140
48.00000 52.00000 723612.31740
48.00000 53.00000 722883.41645
48.00000 54.00000 723496.25566
48.00000 55.00000 723333.96558
48.00000 56.00000 722338.76235
48.00000 57.00000 721345.46274
48.00000 58.00000 721274.83988
48.00000 59.00000 721479.24374
48.00000 60.00000 722702.43146
48.00000 61.00000 724368.70142
48.00000 62.00000 725232.27339
48.00000 63.00000 725045.32187
48.00000 64.00000 725358.36383
48.00000 65.00000 725811.80283
48.00000 66.00000 725766.84378
48.00000 67.00000 724594.99330
48.00000 68.00000 724276.47318
48.00000 69.00000 724428.73669
48.00000 70.00000 723162.69432
49.00000 25.00000 729476.87177
49.00000 26.00000 729309.33742
49.00000 27.00000 729243.06208
49.00000 28.00000 728211.30420
49.00000 29.00000 726349.23638
49.00000 30.00000 726372.63343
49.00000 31.00000 726387.30665
49.00000 32.00000 725512.95470
49.00000 33.00000 724844.88337
49.00000 34.00000 724319.26517
49.00000 35.00000 724099.16620
49.00000 36.00000 723764.25268
49.00000 37.00000 724025.55997
49.00000 38.00000 724476.88270
49.00000 39.00000 724874.13621
49.00000 40.00000 725293.89598
49.00000 41.00000 726486.89116
49.00000 42.00000 726989.42929
49.00000 43.00000 726717.39102
49.00000 44.00000 727223.48552
49.00000 45.00000 728040.18944
49.00000 46.00000 728684.82659
49.00000 47.00000 728960.87030
49.00000 48.00000 728357.28286
49.00000 49.00000 727347.71154
49.00000 50.00000 726326.12024
49.00000 51.00000 725142.80123
49.00000 52.00000 723864.58721
49.00000 53.00000 722949.85147
49.00000 54.00000 723575.41307
49.00000 55.00000 723459.10431
49.00000 56.00000 722348.07159
49.00000 57.00000 721128.86397
49.00000 58.00000 721041.37410
49.00000 59.00000 721440.70087
49.00000 60.00000 722720.68197
49.00000 61.00000 724282.72169
49.00000 62.00000 725158.88700
49.00000 63.00000 725101.72600
49.00000 64.00000 725495.85385
49.00000 65.00000 725897.70665
49.00000 66.00000 725923.15185
49.00000 67.00000 724940.03395
49.00000 68.00000 724570.89534
49.00000 69.00000 724503.64264
49.00000 70.00000 723168.31193
50.00000 25.00000 730117.68400
50.00000 26.00000 729719.87334
50.00000 27.00000 729425.38816
50.00000 28.00000 728310.38393
50.00000 29.00000 726246.46169
50.00000 30.00000 726145.63131
50.00000 31.00000 726152.31006
50.00000 32.00000 725502.65617
50.00000 33.00000 724919.02261
50.00000 34.00000 724329.77957
50.00000 35.00000 724055.00081
50.00000 36.00000 723934.50342
50.00000 37.00000 724240.72822
50.00000 38.00000 724564.15617
50.00000 39.00000 724877.35935
50.00000 40.00000 725359.25139
50.00000 41.00000 726416.77872
50.00000 42.00000 726675.56364
50.00000 43.00000 726168.72518
50.00000 44.00000 726670.22285
50.00000 45.00000 727439.49863
50.00000 46.00000 727998.99526
50.00000 47.00000 728390.30294
50.00000 48.00000 728136.34394
50.00000 49.00000 727552.47378
50.00000 50.00000 726712.34541
50.00000 51.00000 725762.07169
50.00000 52.00000 724851.94965
50.00000 53.00000 723816.55773
50.00000 54.00000 724085.79163
50.00000 55.00000 724008.37077
50.00000 56.00000 722924.14803
50.00000 57.00000 721545.82099
50.00000 58.00000 721203.10722
50.00000 59.00000 721806.25019
50.00000 60.00000 723216.04962
50.00000 61.00000 724718.57183
50.00000 62.00000 725432.20189
50.00000 63.00000 725482.34624
50.00000 64.00000 726015.45160
50.00000 65.00000 726473.14545
50.00000 66.00000 726441.21718
50.00000 67.00000 725706.95767
50.00000 68.00000 725442.22962
50.00000 69.00000 725285.77113
50.00000 70.00000 723756.26270
51.00000 25.00000 730392.19782
51.00000 26.00000 729899.84072
51.00000 27.00000 729497.49717
51.00000 28.00000 728192.35186
51.00000 29.00000 725960.56881
51.00000 30.00000 725782.29126
51.00000 31.00000 725809.66861
51.00000 32.00000 725157.95425
51.00000 33.00000 724686.39792
51.00000 34.00000 724172.04237
51.00000 35.00000 723918.88881
51.00000 36.00000 723811.27458
51.00000 37.00000 724150.41983
51.00000 38.00000 724426.90515
51.00000 39.00000 724642.98227
51.00000 40.00000 725034.91302
51.00000 41.00000 725990.71984
51.00000 42.00000 726114.50382
51.00000 43.00000 725412.24843
51.00000 44.00000 725828.38758
51.00000 45.00000 726610.25572
51.00000 46.00000 727209.73797
51.00000 47.00000 727615.40698
51.00000 48.00000 727527.19259
51.00000 49.00000 727389.27615
51.00000 50.00000 727093.98684
51.00000 51.00000 726188.69434
51.00000 52.00000 725374.11515
51.00000 53.00000 724494.56289
51.00000 54.00000 724645.19085
51.00000 55.00000 724309.84072
51.00000 56.00000 723129.63500
51.00000 57.00000 721773.26441
51.00000 58.00000 721434.65519
51.00000 59.00000 721971.44156
51.00000 60.00000 723350.32138
51.00000 61.00000 724853.75840
51.00000 62.00000 725564.76513
51.00000 63.00000 725552.29559
51.00000 64.00000 726152.38661
51.00000 65.00000 726794.01664
51.00000 66.00000 726885.26215
51.00000 67.00000 726225.56529
51.00000 68.00000 726022.38076
51.00000 69.00000 725935.83679
51.00000 70.00000 724416.78266
52.00000 25.00000 730597.21120
52.00000 26.00000 730084.29971
52.00000 27.00000 729685.77290
52.00000 28.00000 728161.75033
52.00000 29.00000 725734.41835
52.00000 30.00000 725548.41155
52.00000 31.00000 725628.27393
52.00000 32.00000 724823.16980
52.00000 33.00000 724345.60977
52.00000 34.00000 723958.89535
52.00000 35.00000 723817.04695
52.00000 36.00000 723656.29711
52.00000 37.00000 723983.07054
52.00000 38.00000 724254.18476
52.00000 39.00000 724425.86922
52.00000 40.00000 724650.45188
52.00000 41.00000 725476.63705
52.00000 42.00000 725540.65404
52.00000 43.00000 724755.15309
52.00000 44.00000 725020.07708
52.00000 45.00000 725762.35932
52.00000 46.00000 726445.41359
52.00000 47.00000 726905.27403
52.00000 48.00000 726797.66728
52.00000 49.00000 726923.18679
52.00000 50.00000 727148.43819
52.00000 51.00000 726701.99967
52.00000 52.00000 725864.59349
52.00000 53.00000 725110.50058
52.00000 54.00000 725361.67418
52.00000 55.00000 724874.18604
52.00000 56.00000 723411.91731
52.00000 57.00000 722003.45056
52.00000 58.00000 721838.68195
52.00000 59.00000 722296.98430
52.00000 60.00000 723519.47101
52.00000 61.00000 724933.92228
52.00000 62.00000 725702.43444
52.00000 63.00000 725621.49374
52.00000 64.00000 726193.70302
52.00000 65.00000 726939.69184
52.00000 66.00000 727217.50184
52.00000 67.00000 726665.23046
52.00000 68.00000 726524.14207
52.00000 69.00000 726473.61031
52.00000 70.00000 725107.82856
53.00000 25.00000 730903.88179
53.00000 26.00000 730402.75883
53.00000 27.00000 730024.76217
53.00000 28.00000 728432.01181
53.00000 29.00000 725797.24038
53.00000 30.00000 725470.41564
53.00000 31.00000 725471.08190
53.00000 32.00000 724637.99419
53.00000 33.00000 724094.60326
53.00000 34.00000 723714.79670
53.00000 35.00000 723620.91331
53.00000 36.00000 723517.51225
53.00000 37.00000 723847.76988
53.00000 38.00000 724097.80023
53.00000 39.00000 724238.73432
53.00000 40.00000 724397.31691
53.00000 41.00000 725083.04086
53.00000 42.00000 725037.60191
53.00000 43.00000 724189.04549
53.00000 44.00000 724401.11600
53.00000 45.00000 725069.53312
53.00000 46.00000 725750.50605
53.00000 47.00000 726296.98218
53.00000 48.00000 726218.64799
53.00000 49.00000 726354.48287
53.00000 50.00000 726786.52099
53.00000 51.00000 726729.86238
53.00000 52.00000 726398.42060
53.00000 53.00000 725792.49071
53.00000 54.00000 725935.95724
53.00000 55.00000 725597.13559
53.00000 56.00000 724171.53218
53.00000 57.00000 722529.69806
53.00000 58.00000 722313.80182
53.00000 59.00000 722816.80298
53.00000 60.00000 723950.99160
53.00000 61.00000 725180.87080
53.00000 62.00000 725861.10493
53.00000 63.00000 725794.62984
53.00000 64.00000 726367.05877
53.00000 65.00000 727088.08316
53.00000 66.00000 727426.62399
53.00000 67.00000 727009.54899
53.00000 68.00000 727000.19267
53.00000 69.00000 726996.26337
53.00000 70.00000 725745.89539
54.00000 25.00000 731874.53789
54.00000 26.00000 731402.00562
54.00000 27.00000 730989.36825
54.00000 28.00000 729424.64216
54.00000 29.00000 726644.65054
54.00000 30.00000 726026.55385
54.00000 31.00000 725790.38320
54.00000 32.00000 725013.57759
54.00000 33.00000 724439.85152
54.00000 34.00000 723937.29365
54.00000 35.00000 723765.52888
54.00000 36.00000 723758.92378
54.00000 37.00000 724175.60241
54.00000 38.00000 724450.01441
54.00000 39.00000 724589.43244
54.00000 40.00000 724820.00877
54.00000 41.00000 725473.73041
54.00000 42.00000 725262.58516
54.00000 43.00000 724280.90454
54.00000 44.00000 724548.31860
54.00000 45.00000 725228.00501
54.00000 46.00000 725842.26673
54.00000 47.00000 726409.59636
54.00000 48.00000 726425.59240
54.00000 49.00000 726555.57123
54.00000 50.00000 726835.62229
54.00000 51.00000 726883.38066
54.00000 52.00000 726834.82472
54.00000 53.00000 726528.69427
54.00000 54.00000 726767.60891
54.00000 55.00000 726580.24095
54.00000 56.00000 725408.02425
54.00000 57.00000 723755.24445
54.00000 58.00000 723254.55766
54.00000 59.00000 723810.82392
54.00000 60.00000 724939.42183
54.00000 61.00000 726059.66678
54.00000 62.00000 726560.91861
54.00000 63.00000 726505.18059
54.00000 64.00000 727110.68167
54.00000 65.00000 727821.71781
54.00000 66.00000 728076.42207
54.00000 67.00000 727684.74824
54.00000 68.00000 727764.04388
54.00000 69.00000 727863.51056
54.00000 70.00000 726658.00945
55.00000 25.00000 732318.67215
55.00000 26.00000 731931.49666
55.00000 27.00000 731569.01560
55.00000 28.00000 729913.39981
55.00000 29.00000 727035.64892
55.00000 30.00000 726300.79567
55.00000 31.00000 725981.68086
55.00000 32.00000 725031.57807
55.00000 33.00000 724413.65673
55.00000 34.00000 723896.10147
55.00000 35.00000 723712.22459
55.00000 36.00000 723620.44129
55.00000 37.00000 724088.37813
55.00000 38.00000 724435.92762
55.00000 39.00000 724586.43440
55.00000 40.00000 724804.86399
55.00000 41.00000 725481.14792
55.00000 42.00000 725246.67225
55.00000 43.00000 724153.64457
55.00000 44.00000 724293.03657
55.00000 45.00000 724948.62972
55.00000 46.00000 725570.37642
55.00000 47.00000 726095.08435
55.00000 48.00000 726063.97701
55.00000 49.00000 726256.66508
55.00000 50.00000 726620.19752
55.00000 51.00000 726609.38796
55.00000 52.00000 726610.85576
55.00000 53.00000 726559.90937
55.00000 54.00000 727080.25253
55.00000 55.00000 726900.61474
55.00000 56.00000 725862.84078
55.00000 57.00000 724411.40157
55.00000 58.00000 723953.85581
55.00000 59.00000 724313.79712
55.00000 60.00000 725331.03271
55.00000 61.00000 726431.10982
55.00000 62.00000 726916.52950
55.00000 63.00000 726708.09402
55.00000 64.00000 727278.50180
55.00000 65.00000 728070.97351
55.00000 66.00000 728367.42859
55.00000 67.00000 727880.80383
55.00000 68.00000 727997.41732
55.00000 69.00000 728245.19457
55.00000 70.00000 727181.25763
