k1 k2 chisq 
11.00000 25.00000 87672.30760
11.00000 26.00000 87689.63213
11.00000 27.00000 87711.46686
11.00000 28.00000 87733.81172
11.00000 29.00000 87739.89072
11.00000 30.00000 87720.41027
11.00000 31.00000 87711.34781
11.00000 32.00000 87712.30802
11.00000 33.00000 87716.02325
11.00000 34.00000 87730.50185
11.00000 35.00000 87747.24870
11.00000 36.00000 87754.38522
11.00000 37.00000 87756.37264
11.00000 38.00000 87754.72498
11.00000 39.00000 87758.43407
11.00000 40.00000 87772.44157
11.00000 41.00000 87788.42242
11.00000 42.00000 87808.16251
11.00000 43.00000 87824.00130
11.00000 44.00000 87822.26654
11.00000 45.00000 87819.98817
11.00000 46.00000 87815.99422
11.00000 47.00000 87816.88466
11.00000 48.00000 87825.53335
11.00000 49.00000 87836.56532
11.00000 50.00000 87843.91164
11.00000 51.00000 87849.80930
11.00000 52.00000 87860.65262
11.00000 53.00000 87868.80149
11.00000 54.00000 87871.99023
11.00000 55.00000 87870.27499
11.00000 56.00000 87867.80305
11.00000 57.00000 87864.52836
11.00000 58.00000 87867.53478
11.00000 59.00000 87884.46933
11.00000 60.00000 87903.53262
11.00000 61.00000 87922.94903
11.00000 62.00000 87935.69137
11.00000 63.00000 87942.41933
11.00000 64.00000 87952.92271
11.00000 65.00000 87963.14669
11.00000 66.00000 87971.05096
11.00000 67.00000 87971.99660
11.00000 68.00000 87969.04596
11.00000 69.00000 87967.66077
11.00000 70.00000 87961.43799
12.00000 25.00000 87684.31755
12.00000 26.00000 87700.35960
12.00000 27.00000 87721.17855
12.00000 28.00000 87742.08341
12.00000 29.00000 87746.55855
12.00000 30.00000 87725.96768
12.00000 31.00000 87716.20803
12.00000 32.00000 87716.52909
12.00000 33.00000 87720.25700
12.00000 34.00000 87735.05995
12.00000 35.00000 87752.16203
12.00000 36.00000 87759.81780
12.00000 37.00000 87762.76441
12.00000 38.00000 87762.12545
12.00000 39.00000 87766.26920
12.00000 40.00000 87780.42122
12.00000 41.00000 87796.97217
12.00000 42.00000 87816.93066
12.00000 43.00000 87832.68818
12.00000 44.00000 87830.85728
12.00000 45.00000 87828.00306
12.00000 46.00000 87823.30987
12.00000 47.00000 87823.62317
12.00000 48.00000 87831.66429
12.00000 49.00000 87842.88769
12.00000 50.00000 87851.38944
12.00000 51.00000 87858.11782
12.00000 52.00000 87869.40292
12.00000 53.00000 87877.42782
12.00000 54.00000 87880.32288
12.00000 55.00000 87878.10599
12.00000 56.00000 87874.65407
12.00000 57.00000 87870.68577
12.00000 58.00000 87873.48340
12.00000 59.00000 87890.44585
12.00000 60.00000 87909.24595
12.00000 61.00000 87928.32660
12.00000 62.00000 87940.98986
12.00000 63.00000 87947.52967
12.00000 64.00000 87958.08528
12.00000 65.00000 87968.54026
12.00000 66.00000 87976.83001
12.00000 67.00000 87977.84528
12.00000 68.00000 87974.84540
12.00000 69.00000 87973.04158
12.00000 70.00000 87966.54022
13.00000 25.00000 87695.76214
13.00000 26.00000 87711.96720
13.00000 27.00000 87732.88836
13.00000 28.00000 87753.99484
13.00000 29.00000 87759.63632
13.00000 30.00000 87739.61782
13.00000 31.00000 87730.48793
13.00000 32.00000 87727.99068
13.00000 33.00000 87727.11706
13.00000 34.00000 87737.94893
13.00000 35.00000 87753.46741
13.00000 36.00000 87762.40141
13.00000 37.00000 87767.32603
13.00000 38.00000 87768.33500
13.00000 39.00000 87772.78178
13.00000 40.00000 87785.45236
13.00000 41.00000 87800.21797
13.00000 42.00000 87818.77615
13.00000 43.00000 87834.92413
13.00000 44.00000 87834.45420
13.00000 45.00000 87832.42519
13.00000 46.00000 87828.78563
13.00000 47.00000 87830.45141
13.00000 48.00000 87838.64791
13.00000 49.00000 87849.02917
13.00000 50.00000 87856.10774
13.00000 51.00000 87861.85570
13.00000 52.00000 87873.53797
13.00000 53.00000 87882.29086
13.00000 54.00000 87886.47752
13.00000 55.00000 87884.46731
13.00000 56.00000 87880.94194
13.00000 57.00000 87876.57745
13.00000 58.00000 87878.25794
13.00000 59.00000 87895.51360
13.00000 60.00000 87915.04572
13.00000 61.00000 87934.46819
13.00000 62.00000 87947.55864
13.00000 63.00000 87953.11666
13.00000 64.00000 87962.53404
13.00000 65.00000 87971.92147
13.00000 66.00000 87979.38650
13.00000 67.00000 87979.24322
13.00000 68.00000 87975.42818
13.00000 69.00000 87973.33095
13.00000 70.00000 87966.88075
14.00000 25.00000 87716.19079
14.00000 26.00000 87732.14697
14.00000 27.00000 87751.81433
14.00000 28.00000 87772.91781
14.00000 29.00000 87780.30598
14.00000 30.00000 87760.91662
14.00000 31.00000 87751.05363
14.00000 32.00000 87745.79794
14.00000 33.00000 87741.09777
14.00000 34.00000 87748.02247
14.00000 35.00000 87761.29067
14.00000 36.00000 87771.59844
14.00000 37.00000 87778.70533
14.00000 38.00000 87781.21938
14.00000 39.00000 87785.53701
14.00000 40.00000 87796.83356
14.00000 41.00000 87809.79432
14.00000 42.00000 87826.39084
14.00000 43.00000 87842.14249
14.00000 44.00000 87842.77674
14.00000 45.00000 87841.62017
14.00000 46.00000 87838.88684
14.00000 47.00000 87841.78939
14.00000 48.00000 87850.71025
14.00000 49.00000 87860.87207
14.00000 50.00000 87866.56591
14.00000 51.00000 87871.33576
14.00000 52.00000 87882.98445
14.00000 53.00000 87891.65813
14.00000 54.00000 87896.22509
14.00000 55.00000 87894.49773
14.00000 56.00000 87891.56704
14.00000 57.00000 87887.62779
14.00000 58.00000 87888.73391
14.00000 59.00000 87906.40367
14.00000 60.00000 87926.14845
14.00000 61.00000 87945.07623
14.00000 62.00000 87957.60855
14.00000 63.00000 87962.12435
14.00000 64.00000 87970.28206
14.00000 65.00000 87978.23225
14.00000 66.00000 87984.25169
14.00000 67.00000 87983.03575
14.00000 68.00000 87978.81978
14.00000 69.00000 87976.86896
14.00000 70.00000 87970.91416
15.00000 25.00000 87675.44726
15.00000 26.00000 87691.95708
15.00000 27.00000 87710.71339
15.00000 28.00000 87732.36568
15.00000 29.00000 87742.89998
15.00000 30.00000 87727.69270
15.00000 31.00000 87719.10201
15.00000 32.00000 87713.18213
15.00000 33.00000 87707.20621
15.00000 34.00000 87712.21456
15.00000 35.00000 87724.14205
15.00000 36.00000 87736.86894
15.00000 37.00000 87746.83338
15.00000 38.00000 87751.50698
15.00000 39.00000 87756.29861
15.00000 40.00000 87766.21202
15.00000 41.00000 87777.45864
15.00000 42.00000 87791.78532
15.00000 43.00000 87806.56376
15.00000 44.00000 87809.81047
15.00000 45.00000 87812.07563
15.00000 46.00000 87812.57027
15.00000 47.00000 87817.97388
15.00000 48.00000 87829.30581
15.00000 49.00000 87840.68299
15.00000 50.00000 87845.71979
15.00000 51.00000 87849.97276
15.00000 52.00000 87861.98170
15.00000 53.00000 87871.17636
15.00000 54.00000 87876.38217
15.00000 55.00000 87874.74300
15.00000 56.00000 87871.53047
15.00000 57.00000 87867.00269
15.00000 58.00000 87867.93745
15.00000 59.00000 87888.06242
15.00000 60.00000 87910.17061
15.00000 61.00000 87930.92387
15.00000 62.00000 87944.24882
15.00000 63.00000 87947.96862
15.00000 64.00000 87954.86068
15.00000 65.00000 87961.42662
15.00000 66.00000 87966.34644
15.00000 67.00000 87965.21717
15.00000 68.00000 87961.86876
15.00000 69.00000 87960.72643
15.00000 70.00000 87955.00192
16.00000 25.00000 87632.62307
16.00000 26.00000 87649.65510
16.00000 27.00000 87668.43021
16.00000 28.00000 87689.42228
16.00000 29.00000 87700.53676
16.00000 30.00000 87688.17482
16.00000 31.00000 87681.33410
16.00000 32.00000 87676.67078
16.00000 33.00000 87672.16875
16.00000 34.00000 87678.03375
16.00000 35.00000 87690.36630
16.00000 36.00000 87703.91277
16.00000 37.00000 87715.17801
16.00000 38.00000 87720.97836
16.00000 39.00000 87726.06717
16.00000 40.00000 87735.49787
16.00000 41.00000 87745.88947
16.00000 42.00000 87758.54075
16.00000 43.00000 87771.82817
16.00000 44.00000 87776.06621
16.00000 45.00000 87781.23936
16.00000 46.00000 87785.31360
16.00000 47.00000 87792.98641
16.00000 48.00000 87806.56789
16.00000 49.00000 87820.01352
16.00000 50.00000 87825.77945
16.00000 51.00000 87830.33107
16.00000 52.00000 87842.37938
16.00000 53.00000 87852.01012
16.00000 54.00000 87858.26691
16.00000 55.00000 87856.73111
16.00000 56.00000 87852.78596
16.00000 57.00000 87847.31153
16.00000 58.00000 87847.96935
16.00000 59.00000 87869.63575
16.00000 60.00000 87893.45003
16.00000 61.00000 87916.26251
16.00000 62.00000 87931.11661
16.00000 63.00000 87934.23001
16.00000 64.00000 87940.68023
16.00000 65.00000 87947.05761
16.00000 66.00000 87951.83949
16.00000 67.00000 87951.82903
16.00000 68.00000 87949.82883
16.00000 69.00000 87949.54364
16.00000 70.00000 87943.74582
17.00000 25.00000 87611.54906
17.00000 26.00000 87629.15331
17.00000 27.00000 87649.47379
17.00000 28.00000 87668.83975
17.00000 29.00000 87676.81687
17.00000 30.00000 87663.11665
17.00000 31.00000 87656.50604
17.00000 32.00000 87653.66774
17.00000 33.00000 87652.38345
17.00000 34.00000 87662.39473
17.00000 35.00000 87678.34743
17.00000 36.00000 87691.22664
17.00000 37.00000 87699.60497
17.00000 38.00000 87702.16520
17.00000 39.00000 87705.58994
17.00000 40.00000 87715.06677
17.00000 41.00000 87726.32936
17.00000 42.00000 87740.18569
17.00000 43.00000 87754.55228
17.00000 44.00000 87759.37503
17.00000 45.00000 87765.22502
17.00000 46.00000 87769.96208
17.00000 47.00000 87777.68745
17.00000 48.00000 87791.14645
17.00000 49.00000 87805.43311
17.00000 50.00000 87812.73239
17.00000 51.00000 87818.76379
17.00000 52.00000 87830.71930
17.00000 53.00000 87840.18526
17.00000 54.00000 87846.72047
17.00000 55.00000 87845.51581
17.00000 56.00000 87841.33791
17.00000 57.00000 87835.49578
17.00000 58.00000 87836.26173
17.00000 59.00000 87858.32069
17.00000 60.00000 87881.92869
17.00000 61.00000 87904.83571
17.00000 62.00000 87919.90297
17.00000 63.00000 87922.53318
17.00000 64.00000 87929.05176
17.00000 65.00000 87936.09427
17.00000 66.00000 87941.67547
17.00000 67.00000 87942.98003
17.00000 68.00000 87942.19687
17.00000 69.00000 87942.61013
17.00000 70.00000 87936.76917
18.00000 25.00000 87585.11162
18.00000 26.00000 87602.77648
18.00000 27.00000 87623.80509
18.00000 28.00000 87641.21771
18.00000 29.00000 87646.04900
18.00000 30.00000 87630.98187
18.00000 31.00000 87625.04785
18.00000 32.00000 87625.07828
18.00000 33.00000 87628.09095
18.00000 34.00000 87642.98312
18.00000 35.00000 87663.29089
18.00000 36.00000 87676.49893
18.00000 37.00000 87682.27349
18.00000 38.00000 87680.93511
18.00000 39.00000 87682.20221
18.00000 40.00000 87692.20252
18.00000 41.00000 87705.04135
18.00000 42.00000 87720.61961
18.00000 43.00000 87736.21053
18.00000 44.00000 87742.57654
18.00000 45.00000 87749.40607
18.00000 46.00000 87754.16150
18.00000 47.00000 87761.34561
18.00000 48.00000 87773.62217
18.00000 49.00000 87787.87824
18.00000 50.00000 87796.87271
18.00000 51.00000 87805.03878
18.00000 52.00000 87817.59589
18.00000 53.00000 87826.95921
18.00000 54.00000 87832.72764
18.00000 55.00000 87831.92840
18.00000 56.00000 87828.27801
18.00000 57.00000 87822.83051
18.00000 58.00000 87824.46866
18.00000 59.00000 87846.52697
18.00000 60.00000 87869.07822
18.00000 61.00000 87891.00525
18.00000 62.00000 87905.20971
18.00000 63.00000 87908.00547
18.00000 64.00000 87915.32856
18.00000 65.00000 87923.41756
18.00000 66.00000 87929.82903
18.00000 67.00000 87932.06637
18.00000 68.00000 87932.54233
18.00000 69.00000 87934.13857
18.00000 70.00000 87929.00361
19.00000 25.00000 87548.79490
19.00000 26.00000 87566.60511
19.00000 27.00000 87587.51708
19.00000 28.00000 87603.24076
19.00000 29.00000 87606.08693
19.00000 30.00000 87590.33529
19.00000 31.00000 87584.96524
19.00000 32.00000 87588.28355
19.00000 33.00000 87595.98255
19.00000 34.00000 87615.30372
19.00000 35.00000 87639.06036
19.00000 36.00000 87653.41035
19.00000 37.00000 87658.37029
19.00000 38.00000 87654.47960
19.00000 39.00000 87654.08316
19.00000 40.00000 87665.55011
19.00000 41.00000 87680.63210
19.00000 42.00000 87698.02918
19.00000 43.00000 87714.48972
19.00000 44.00000 87722.59533
19.00000 45.00000 87730.52505
19.00000 46.00000 87735.10488
19.00000 47.00000 87741.70528
19.00000 48.00000 87752.67380
19.00000 49.00000 87766.49350
19.00000 50.00000 87776.44984
19.00000 51.00000 87786.53958
19.00000 52.00000 87800.29900
19.00000 53.00000 87809.86156
19.00000 54.00000 87814.65246
19.00000 55.00000 87814.63015
19.00000 56.00000 87812.30755
19.00000 57.00000 87808.08357
19.00000 58.00000 87811.15608
19.00000 59.00000 87833.27912
19.00000 60.00000 87854.71587
19.00000 61.00000 87875.36563
19.00000 62.00000 87888.31182
19.00000 63.00000 87892.05588
19.00000 64.00000 87900.80240
19.00000 65.00000 87910.11912
19.00000 66.00000 87917.17180
19.00000 67.00000 87920.14941
19.00000 68.00000 87921.64711
19.00000 69.00000 87924.32200
19.00000 70.00000 87920.05050
20.00000 25.00000 87518.79532
20.00000 26.00000 87536.35336
20.00000 27.00000 87557.74241
20.00000 28.00000 87574.04808
20.00000 29.00000 87577.59125
20.00000 30.00000 87563.72733
20.00000 31.00000 87560.62865
20.00000 32.00000 87563.20897
20.00000 33.00000 87571.32641
20.00000 34.00000 87591.34919
20.00000 35.00000 87616.34764
20.00000 36.00000 87632.44549
20.00000 37.00000 87638.95718
20.00000 38.00000 87636.05313
20.00000 39.00000 87635.84123
20.00000 40.00000 87646.55248
20.00000 41.00000 87662.71854
20.00000 42.00000 87681.57774
20.00000 43.00000 87698.16265
20.00000 44.00000 87706.03220
20.00000 45.00000 87714.02425
20.00000 46.00000 87718.89026
20.00000 47.00000 87725.68729
20.00000 48.00000 87735.88284
20.00000 49.00000 87749.42878
20.00000 50.00000 87759.70895
20.00000 51.00000 87770.89434
20.00000 52.00000 87786.81872
20.00000 53.00000 87798.43719
20.00000 54.00000 87804.66371
20.00000 55.00000 87804.28030
20.00000 56.00000 87800.89642
20.00000 57.00000 87795.69820
20.00000 58.00000 87798.65892
20.00000 59.00000 87821.29237
20.00000 60.00000 87843.30459
20.00000 61.00000 87864.29210
20.00000 62.00000 87877.58547
20.00000 63.00000 87881.21512
20.00000 64.00000 87890.16874
20.00000 65.00000 87900.24613
20.00000 66.00000 87908.37353
20.00000 67.00000 87912.12974
20.00000 68.00000 87914.42137
20.00000 69.00000 87917.86640
20.00000 70.00000 87914.49815
21.00000 25.00000 87516.89779
21.00000 26.00000 87529.38958
21.00000 27.00000 87549.55314
21.00000 28.00000 87566.96186
21.00000 29.00000 87572.86442
21.00000 30.00000 87562.74189
21.00000 31.00000 87563.47208
21.00000 32.00000 87564.66320
21.00000 33.00000 87568.89023
21.00000 34.00000 87584.29725
21.00000 35.00000 87607.12598
21.00000 36.00000 87623.48593
21.00000 37.00000 87632.01266
21.00000 38.00000 87632.93583
21.00000 39.00000 87635.76444
21.00000 40.00000 87644.98761
21.00000 41.00000 87659.91196
21.00000 42.00000 87678.68958
21.00000 43.00000 87694.79755
21.00000 44.00000 87700.63309
21.00000 45.00000 87706.87962
21.00000 46.00000 87711.44773
21.00000 47.00000 87718.74602
21.00000 48.00000 87728.83850
21.00000 49.00000 87742.72118
21.00000 50.00000 87753.43628
21.00000 51.00000 87765.42101
21.00000 52.00000 87783.08308
21.00000 53.00000 87796.93501
21.00000 54.00000 87805.97755
21.00000 55.00000 87806.06955
21.00000 56.00000 87802.00296
21.00000 57.00000 87795.16849
21.00000 58.00000 87795.67747
21.00000 59.00000 87817.19615
21.00000 60.00000 87838.85674
21.00000 61.00000 87859.78994
21.00000 62.00000 87874.26285
21.00000 63.00000 87877.95069
21.00000 64.00000 87886.92245
21.00000 65.00000 87897.17715
21.00000 66.00000 87905.71312
21.00000 67.00000 87910.12227
21.00000 68.00000 87913.25380
21.00000 69.00000 87917.28129
21.00000 70.00000 87914.56390
22.00000 25.00000 87529.36597
22.00000 26.00000 87533.90745
22.00000 27.00000 87548.72736
22.00000 28.00000 87566.35247
22.00000 29.00000 87574.31524
22.00000 30.00000 87566.94556
22.00000 31.00000 87570.47174
22.00000 32.00000 87571.84375
22.00000 33.00000 87573.59651
22.00000 34.00000 87584.10811
22.00000 35.00000 87602.57070
22.00000 36.00000 87618.92393
22.00000 37.00000 87630.02796
22.00000 38.00000 87635.83155
22.00000 39.00000 87642.50622
22.00000 40.00000 87651.47808
22.00000 41.00000 87664.45678
22.00000 42.00000 87681.26978
22.00000 43.00000 87695.48941
22.00000 44.00000 87698.58810
22.00000 45.00000 87702.76305
22.00000 46.00000 87706.88795
22.00000 47.00000 87714.45526
22.00000 48.00000 87724.86889
22.00000 49.00000 87739.37026
22.00000 50.00000 87750.32120
22.00000 51.00000 87763.20556
22.00000 52.00000 87782.48102
22.00000 53.00000 87797.97492
22.00000 54.00000 87809.20919
22.00000 55.00000 87810.21025
22.00000 56.00000 87806.23343
22.00000 57.00000 87798.59420
22.00000 58.00000 87796.72731
22.00000 59.00000 87817.02431
22.00000 60.00000 87838.28812
22.00000 61.00000 87858.82799
22.00000 62.00000 87874.22623
22.00000 63.00000 87878.57488
22.00000 64.00000 87887.97464
22.00000 65.00000 87898.32254
22.00000 66.00000 87906.26558
22.00000 67.00000 87911.25500
22.00000 68.00000 87915.20807
22.00000 69.00000 87919.60099
22.00000 70.00000 87917.31136
23.00000 25.00000 87546.51490
23.00000 26.00000 87548.05607
23.00000 27.00000 87556.36481
23.00000 28.00000 87572.67431
23.00000 29.00000 87580.90084
23.00000 30.00000 87574.13238
23.00000 31.00000 87578.24616
23.00000 32.00000 87580.27951
23.00000 33.00000 87581.30289
23.00000 34.00000 87588.98297
23.00000 35.00000 87603.01608
23.00000 36.00000 87620.19612
23.00000 37.00000 87634.84965
23.00000 38.00000 87645.41959
23.00000 39.00000 87655.16285
23.00000 40.00000 87664.38859
23.00000 41.00000 87675.50486
23.00000 42.00000 87689.19453
23.00000 43.00000 87700.29374
23.00000 44.00000 87701.26683
23.00000 45.00000 87704.22774
23.00000 46.00000 87707.73562
23.00000 47.00000 87714.74434
23.00000 48.00000 87725.20181
23.00000 49.00000 87739.84882
23.00000 50.00000 87750.34223
23.00000 51.00000 87763.87902
23.00000 52.00000 87784.52647
23.00000 53.00000 87800.94910
23.00000 54.00000 87813.16738
23.00000 55.00000 87815.03594
23.00000 56.00000 87811.42719
23.00000 57.00000 87803.72790
23.00000 58.00000 87800.78075
23.00000 59.00000 87820.70890
23.00000 60.00000 87842.05772
23.00000 61.00000 87862.42681
23.00000 62.00000 87878.02671
23.00000 63.00000 87882.96142
23.00000 64.00000 87892.56908
23.00000 65.00000 87902.64623
23.00000 66.00000 87909.45620
23.00000 67.00000 87915.01016
23.00000 68.00000 87919.65690
23.00000 69.00000 87924.11730
23.00000 70.00000 87921.89022
24.00000 25.00000 87554.64877
24.00000 26.00000 87555.99440
24.00000 27.00000 87563.60206
24.00000 28.00000 87576.81476
24.00000 29.00000 87583.77278
24.00000 30.00000 87575.63038
24.00000 31.00000 87578.36215
24.00000 32.00000 87580.53561
24.00000 33.00000 87581.94037
24.00000 34.00000 87590.26044
24.00000 35.00000 87604.14535
24.00000 36.00000 87619.82916
24.00000 37.00000 87635.25486
24.00000 38.00000 87647.80735
24.00000 39.00000 87659.15649
24.00000 40.00000 87669.76478
24.00000 41.00000 87680.35303
24.00000 42.00000 87691.88790
24.00000 43.00000 87700.75493
24.00000 44.00000 87700.21547
24.00000 45.00000 87702.30207
24.00000 46.00000 87705.47700
24.00000 47.00000 87712.31281
24.00000 48.00000 87722.97286
24.00000 49.00000 87737.61120
24.00000 50.00000 87747.74040
24.00000 51.00000 87760.27458
24.00000 52.00000 87780.67770
24.00000 53.00000 87797.77977
24.00000 54.00000 87810.94135
24.00000 55.00000 87814.57174
24.00000 56.00000 87812.18932
24.00000 57.00000 87805.18345
24.00000 58.00000 87802.36651
24.00000 59.00000 87821.83651
24.00000 60.00000 87843.03206
24.00000 61.00000 87863.00315
24.00000 62.00000 87877.97248
24.00000 63.00000 87882.59505
24.00000 64.00000 87891.50310
24.00000 65.00000 87900.99605
24.00000 66.00000 87907.11807
24.00000 67.00000 87911.93603
24.00000 68.00000 87916.29784
24.00000 69.00000 87920.87521
24.00000 70.00000 87918.49601
25.00000 25.00000 87551.36956
25.00000 26.00000 87553.49449
25.00000 27.00000 87562.90891
25.00000 28.00000 87574.85802
25.00000 29.00000 87582.10879
25.00000 30.00000 87572.12424
25.00000 31.00000 87572.87475
25.00000 32.00000 87574.65177
25.00000 33.00000 87576.29678
25.00000 34.00000 87586.10866
25.00000 35.00000 87602.26307
25.00000 36.00000 87617.13178
25.00000 37.00000 87630.95088
25.00000 38.00000 87641.85687
25.00000 39.00000 87652.60567
25.00000 40.00000 87664.27462
25.00000 41.00000 87675.41386
25.00000 42.00000 87686.88672
25.00000 43.00000 87696.23576
25.00000 44.00000 87695.46859
25.00000 45.00000 87695.89676
25.00000 46.00000 87697.01712
25.00000 47.00000 87703.26700
25.00000 48.00000 87713.95496
25.00000 49.00000 87728.50264
25.00000 50.00000 87739.14928
25.00000 51.00000 87751.05343
25.00000 52.00000 87770.45250
25.00000 53.00000 87787.14906
25.00000 54.00000 87800.15126
25.00000 55.00000 87805.60060
25.00000 56.00000 87805.96450
25.00000 57.00000 87801.59469
25.00000 58.00000 87800.14646
25.00000 59.00000 87818.71410
25.00000 60.00000 87838.49821
25.00000 61.00000 87856.64164
25.00000 62.00000 87869.76541
25.00000 63.00000 87873.84249
25.00000 64.00000 87882.18445
25.00000 65.00000 87891.46694
25.00000 66.00000 87897.64173
25.00000 67.00000 87901.38169
25.00000 68.00000 87904.60096
25.00000 69.00000 87908.83057
25.00000 70.00000 87906.33638
26.00000 25.00000 87547.02452
26.00000 26.00000 87549.45980
26.00000 27.00000 87561.88865
26.00000 28.00000 87572.18828
26.00000 29.00000 87578.40095
26.00000 30.00000 87567.17832
26.00000 31.00000 87566.17180
26.00000 32.00000 87568.65402
26.00000 33.00000 87571.83363
26.00000 34.00000 87584.43292
26.00000 35.00000 87603.70038
26.00000 36.00000 87618.64857
26.00000 37.00000 87630.54757
26.00000 38.00000 87637.74436
26.00000 39.00000 87645.99418
26.00000 40.00000 87658.54627
26.00000 41.00000 87671.03348
26.00000 42.00000 87683.89013
26.00000 43.00000 87694.75202
26.00000 44.00000 87694.82593
26.00000 45.00000 87693.92650
26.00000 46.00000 87691.72922
26.00000 47.00000 87696.49127
26.00000 48.00000 87707.37043
26.00000 49.00000 87721.92297
26.00000 50.00000 87733.12965
26.00000 51.00000 87744.48332
26.00000 52.00000 87762.76515
26.00000 53.00000 87778.06406
26.00000 54.00000 87788.92165
26.00000 55.00000 87794.93753
26.00000 56.00000 87797.91259
26.00000 57.00000 87797.09061
26.00000 58.00000 87798.44015
26.00000 59.00000 87816.69721
26.00000 60.00000 87835.37333
26.00000 61.00000 87851.84342
26.00000 62.00000 87862.95325
26.00000 63.00000 87866.70028
26.00000 64.00000 87874.59521
26.00000 65.00000 87883.43686
26.00000 66.00000 87889.45909
26.00000 67.00000 87891.88315
26.00000 68.00000 87893.43187
26.00000 69.00000 87896.81101
26.00000 70.00000 87894.04063
27.00000 25.00000 87550.89442
27.00000 26.00000 87556.20622
27.00000 27.00000 87570.52689
27.00000 28.00000 87578.43037
27.00000 29.00000 87583.57707
27.00000 30.00000 87568.58802
27.00000 31.00000 87563.43084
27.00000 32.00000 87567.54727
27.00000 33.00000 87573.49416
27.00000 34.00000 87589.66607
27.00000 35.00000 87611.67078
27.00000 36.00000 87626.89688
27.00000 37.00000 87637.15947
27.00000 38.00000 87640.61756
27.00000 39.00000 87645.62266
27.00000 40.00000 87658.61638
27.00000 41.00000 87672.25355
27.00000 42.00000 87686.17197
27.00000 43.00000 87697.90979
27.00000 44.00000 87699.00429
27.00000 45.00000 87697.73852
27.00000 46.00000 87693.18117
27.00000 47.00000 87696.43555
27.00000 48.00000 87707.62833
27.00000 49.00000 87722.28362
27.00000 50.00000 87733.50574
27.00000 51.00000 87744.32245
27.00000 52.00000 87761.81565
27.00000 53.00000 87775.62574
27.00000 54.00000 87783.69971
27.00000 55.00000 87789.13266
27.00000 56.00000 87793.57132
27.00000 57.00000 87795.30155
27.00000 58.00000 87799.34235
27.00000 59.00000 87818.22974
27.00000 60.00000 87836.67393
27.00000 61.00000 87852.40573
27.00000 62.00000 87862.01830
27.00000 63.00000 87865.44458
27.00000 64.00000 87872.96823
27.00000 65.00000 87881.18867
27.00000 66.00000 87886.57611
27.00000 67.00000 87887.82171
27.00000 68.00000 87887.91253
27.00000 69.00000 87890.38247
27.00000 70.00000 87887.15466
28.00000 25.00000 87546.11037
28.00000 26.00000 87548.86086
28.00000 27.00000 87562.12671
28.00000 28.00000 87579.09543
28.00000 29.00000 87586.06432
28.00000 30.00000 87568.19080
28.00000 31.00000 87561.71600
28.00000 32.00000 87562.67333
28.00000 33.00000 87568.31673
28.00000 34.00000 87585.36369
28.00000 35.00000 87607.61775
28.00000 36.00000 87623.52545
28.00000 37.00000 87633.57871
28.00000 38.00000 87636.25752
28.00000 39.00000 87639.89231
28.00000 40.00000 87650.43343
28.00000 41.00000 87663.17494
28.00000 42.00000 87677.97158
28.00000 43.00000 87691.11555
28.00000 44.00000 87692.67367
28.00000 45.00000 87690.94120
28.00000 46.00000 87685.75622
28.00000 47.00000 87687.99785
28.00000 48.00000 87696.87571
28.00000 49.00000 87709.93274
28.00000 50.00000 87720.54355
28.00000 51.00000 87731.27674
28.00000 52.00000 87749.49774
28.00000 53.00000 87764.13973
28.00000 54.00000 87772.57650
28.00000 55.00000 87777.07479
28.00000 56.00000 87781.84460
28.00000 57.00000 87785.00379
28.00000 58.00000 87790.21202
28.00000 59.00000 87808.98994
28.00000 60.00000 87827.21621
28.00000 61.00000 87842.26044
28.00000 62.00000 87850.88270
28.00000 63.00000 87852.70538
28.00000 64.00000 87858.82636
28.00000 65.00000 87866.14444
28.00000 66.00000 87870.99129
28.00000 67.00000 87871.83036
28.00000 68.00000 87871.04467
28.00000 69.00000 87873.01934
28.00000 70.00000 87870.70222
29.00000 25.00000 87531.45796
29.00000 26.00000 87530.75967
29.00000 27.00000 87541.17000
29.00000 28.00000 87557.33701
29.00000 29.00000 87565.93679
29.00000 30.00000 87555.82976
29.00000 31.00000 87553.46883
29.00000 32.00000 87552.86024
29.00000 33.00000 87556.60243
29.00000 34.00000 87571.75100
29.00000 35.00000 87592.38061
29.00000 36.00000 87608.09969
29.00000 37.00000 87618.18459
29.00000 38.00000 87621.58465
29.00000 39.00000 87625.84420
29.00000 40.00000 87634.99035
29.00000 41.00000 87646.04825
29.00000 42.00000 87660.25957
29.00000 43.00000 87674.30023
29.00000 44.00000 87676.52934
29.00000 45.00000 87674.76433
29.00000 46.00000 87669.91142
29.00000 47.00000 87672.73373
29.00000 48.00000 87680.14091
29.00000 49.00000 87691.05309
29.00000 50.00000 87699.87008
29.00000 51.00000 87709.81374
29.00000 52.00000 87727.96845
29.00000 53.00000 87743.18887
29.00000 54.00000 87753.01464
29.00000 55.00000 87757.80309
29.00000 56.00000 87762.74489
29.00000 57.00000 87766.28932
29.00000 58.00000 87772.09404
29.00000 59.00000 87791.27915
29.00000 60.00000 87809.96973
29.00000 61.00000 87825.34330
29.00000 62.00000 87833.85426
29.00000 63.00000 87834.48285
29.00000 64.00000 87839.13982
29.00000 65.00000 87845.04278
29.00000 66.00000 87848.73943
29.00000 67.00000 87849.09130
29.00000 68.00000 87847.46058
29.00000 69.00000 87848.45837
29.00000 70.00000 87846.36659
30.00000 25.00000 87499.34643
30.00000 26.00000 87501.39539
30.00000 27.00000 87510.27386
30.00000 28.00000 87527.92498
30.00000 29.00000 87539.57397
30.00000 30.00000 87530.70013
30.00000 31.00000 87535.84044
30.00000 32.00000 87537.07577
30.00000 33.00000 87539.38093
30.00000 34.00000 87551.88952
30.00000 35.00000 87569.48810
30.00000 36.00000 87585.40048
30.00000 37.00000 87596.25654
30.00000 38.00000 87601.15975
30.00000 39.00000 87606.56712
30.00000 40.00000 87615.72182
30.00000 41.00000 87626.38858
30.00000 42.00000 87639.65755
30.00000 43.00000 87652.98613
30.00000 44.00000 87657.57196
30.00000 45.00000 87658.55892
30.00000 46.00000 87655.62830
30.00000 47.00000 87659.02956
30.00000 48.00000 87665.92678
30.00000 49.00000 87675.19596
30.00000 50.00000 87681.87344
30.00000 51.00000 87691.13639
30.00000 52.00000 87709.10971
30.00000 53.00000 87724.13291
30.00000 54.00000 87734.54440
30.00000 55.00000 87739.12215
30.00000 56.00000 87742.37097
30.00000 57.00000 87743.71435
30.00000 58.00000 87749.63885
30.00000 59.00000 87771.78472
30.00000 60.00000 87793.24654
30.00000 61.00000 87811.47080
30.00000 62.00000 87821.62111
30.00000 63.00000 87821.44229
30.00000 64.00000 87825.06391
30.00000 65.00000 87830.12183
30.00000 66.00000 87833.49728
30.00000 67.00000 87834.85461
30.00000 68.00000 87833.69831
30.00000 69.00000 87833.88564
30.00000 70.00000 87830.47775
31.00000 25.00000 87483.31734
31.00000 26.00000 87488.56521
31.00000 27.00000 87497.17706
31.00000 28.00000 87515.50984
31.00000 29.00000 87528.12659
31.00000 30.00000 87522.05048
31.00000 31.00000 87523.39334
31.00000 32.00000 87529.64249
31.00000 33.00000 87534.24426
31.00000 34.00000 87546.73994
31.00000 35.00000 87560.82272
31.00000 36.00000 87576.09037
31.00000 37.00000 87587.25503
31.00000 38.00000 87593.13134
31.00000 39.00000 87599.25982
31.00000 40.00000 87608.97330
31.00000 41.00000 87619.61111
31.00000 42.00000 87631.86155
31.00000 43.00000 87643.83228
31.00000 44.00000 87650.60918
31.00000 45.00000 87655.23860
31.00000 46.00000 87655.44928
31.00000 47.00000 87659.04386
31.00000 48.00000 87665.72060
31.00000 49.00000 87673.22370
31.00000 50.00000 87676.75620
31.00000 51.00000 87684.84557
31.00000 52.00000 87702.16850
31.00000 53.00000 87716.18245
31.00000 54.00000 87725.59764
31.00000 55.00000 87729.43770
31.00000 56.00000 87731.54142
31.00000 57.00000 87731.66604
31.00000 58.00000 87738.19906
31.00000 59.00000 87762.76633
31.00000 60.00000 87786.27713
31.00000 61.00000 87806.39609
31.00000 62.00000 87817.11667
31.00000 63.00000 87816.76354
31.00000 64.00000 87819.99607
31.00000 65.00000 87824.38083
31.00000 66.00000 87827.50538
31.00000 67.00000 87829.98154
31.00000 68.00000 87829.60296
31.00000 69.00000 87829.58857
31.00000 70.00000 87825.23123
32.00000 25.00000 87479.93264
32.00000 26.00000 87485.40484
32.00000 27.00000 87495.73503
32.00000 28.00000 87511.76595
32.00000 29.00000 87523.31055
32.00000 30.00000 87520.33775
32.00000 31.00000 87522.42030
32.00000 32.00000 87526.72320
32.00000 33.00000 87532.72153
32.00000 34.00000 87546.44589
32.00000 35.00000 87561.55635
32.00000 36.00000 87573.59827
32.00000 37.00000 87582.83577
32.00000 38.00000 87588.82561
32.00000 39.00000 87595.95031
32.00000 40.00000 87607.22985
32.00000 41.00000 87618.72975
32.00000 42.00000 87631.37575
32.00000 43.00000 87643.19030
32.00000 44.00000 87649.28488
32.00000 45.00000 87654.34389
32.00000 46.00000 87655.82749
32.00000 47.00000 87659.30960
32.00000 48.00000 87666.77183
32.00000 49.00000 87674.75032
32.00000 50.00000 87678.14603
32.00000 51.00000 87684.98045
32.00000 52.00000 87700.68139
32.00000 53.00000 87714.03563
32.00000 54.00000 87723.48762
32.00000 55.00000 87725.94521
32.00000 56.00000 87726.08596
32.00000 57.00000 87724.50345
32.00000 58.00000 87730.67760
32.00000 59.00000 87755.52381
32.00000 60.00000 87780.34408
32.00000 61.00000 87802.45192
32.00000 62.00000 87814.14291
32.00000 63.00000 87813.63648
32.00000 64.00000 87816.54883
32.00000 65.00000 87820.72088
32.00000 66.00000 87824.41160
32.00000 67.00000 87827.99199
32.00000 68.00000 87829.60481
32.00000 69.00000 87831.48780
32.00000 70.00000 87826.72206
33.00000 25.00000 87479.85952
33.00000 26.00000 87485.48985
33.00000 27.00000 87497.06473
33.00000 28.00000 87512.58219
33.00000 29.00000 87523.48374
33.00000 30.00000 87523.03193
33.00000 31.00000 87528.20689
33.00000 32.00000 87529.30644
33.00000 33.00000 87530.20608
33.00000 34.00000 87545.72850
33.00000 35.00000 87565.21088
33.00000 36.00000 87577.21398
33.00000 37.00000 87584.13593
33.00000 38.00000 87588.00150
33.00000 39.00000 87594.50255
33.00000 40.00000 87606.54430
33.00000 41.00000 87618.72951
33.00000 42.00000 87632.14616
33.00000 43.00000 87644.58878
33.00000 44.00000 87650.29680
33.00000 45.00000 87655.07854
33.00000 46.00000 87656.20574
33.00000 47.00000 87659.33562
33.00000 48.00000 87668.31079
33.00000 49.00000 87677.77229
33.00000 50.00000 87682.24457
33.00000 51.00000 87688.70387
33.00000 52.00000 87702.56129
33.00000 53.00000 87714.57891
33.00000 54.00000 87723.18687
33.00000 55.00000 87724.12040
33.00000 56.00000 87722.30051
33.00000 57.00000 87718.78604
33.00000 58.00000 87724.10135
33.00000 59.00000 87748.84265
33.00000 60.00000 87774.27686
33.00000 61.00000 87798.23173
33.00000 62.00000 87811.45728
33.00000 63.00000 87811.72531
33.00000 64.00000 87815.18682
33.00000 65.00000 87819.27789
33.00000 66.00000 87823.12164
33.00000 67.00000 87828.02549
33.00000 68.00000 87831.66293
33.00000 69.00000 87835.70750
33.00000 70.00000 87831.62206
34.00000 25.00000 87482.99032
34.00000 26.00000 87491.02592
34.00000 27.00000 87504.51220
34.00000 28.00000 87520.89910
34.00000 29.00000 87530.74112
34.00000 30.00000 87529.18395
34.00000 31.00000 87533.86162
34.00000 32.00000 87534.66169
34.00000 33.00000 87534.64021
34.00000 34.00000 87548.03810
34.00000 35.00000 87568.87367
34.00000 36.00000 87582.92048
34.00000 37.00000 87588.85164
34.00000 38.00000 87588.28988
34.00000 39.00000 87592.36102
34.00000 40.00000 87605.10243
34.00000 41.00000 87618.58936
34.00000 42.00000 87633.23995
34.00000 43.00000 87646.36676
34.00000 44.00000 87652.21519
34.00000 45.00000 87656.96490
34.00000 46.00000 87657.27275
34.00000 47.00000 87660.24067
34.00000 48.00000 87671.15499
34.00000 49.00000 87682.91204
34.00000 50.00000 87689.02861
34.00000 51.00000 87695.58324
34.00000 52.00000 87708.49972
34.00000 53.00000 87719.21074
34.00000 54.00000 87726.23377
34.00000 55.00000 87725.40295
34.00000 56.00000 87721.90449
34.00000 57.00000 87716.62333
34.00000 58.00000 87720.49672
34.00000 59.00000 87744.94754
34.00000 60.00000 87770.88933
34.00000 61.00000 87796.63194
34.00000 62.00000 87811.45942
34.00000 63.00000 87812.92863
34.00000 64.00000 87817.75702
34.00000 65.00000 87822.37648
34.00000 66.00000 87825.61082
34.00000 67.00000 87831.45066
34.00000 68.00000 87836.78042
34.00000 69.00000 87842.83142
34.00000 70.00000 87840.37136
35.00000 25.00000 87491.31520
35.00000 26.00000 87501.63024
35.00000 27.00000 87516.29568
35.00000 28.00000 87532.45146
35.00000 29.00000 87540.46164
35.00000 30.00000 87537.37565
35.00000 31.00000 87540.28856
35.00000 32.00000 87541.66188
35.00000 33.00000 87543.97635
35.00000 34.00000 87558.01562
35.00000 35.00000 87582.62586
35.00000 36.00000 87595.19120
35.00000 37.00000 87600.84939
35.00000 38.00000 87595.99757
35.00000 39.00000 87596.46107
35.00000 40.00000 87608.53074
35.00000 41.00000 87622.48917
35.00000 42.00000 87637.67818
35.00000 43.00000 87650.51143
35.00000 44.00000 87656.62171
35.00000 45.00000 87661.89311
35.00000 46.00000 87662.27626
35.00000 47.00000 87665.90028
35.00000 48.00000 87678.58516
35.00000 49.00000 87692.57779
35.00000 50.00000 87700.49403
35.00000 51.00000 87707.54647
35.00000 52.00000 87720.34429
35.00000 53.00000 87730.24821
35.00000 54.00000 87735.50169
35.00000 55.00000 87732.25305
35.00000 56.00000 87726.69969
35.00000 57.00000 87719.52014
35.00000 58.00000 87721.74416
35.00000 59.00000 87746.34348
35.00000 60.00000 87773.17859
35.00000 61.00000 87800.16035
35.00000 62.00000 87815.85533
35.00000 63.00000 87818.34943
35.00000 64.00000 87824.71377
35.00000 65.00000 87830.64372
35.00000 66.00000 87834.04362
35.00000 67.00000 87839.95956
35.00000 68.00000 87845.67399
35.00000 69.00000 87852.31733
35.00000 70.00000 87850.70030
36.00000 25.00000 87479.69424
36.00000 26.00000 87490.17746
36.00000 27.00000 87505.52774
36.00000 28.00000 87521.21618
36.00000 29.00000 87528.30477
36.00000 30.00000 87525.18814
36.00000 31.00000 87528.77100
36.00000 32.00000 87528.62091
36.00000 33.00000 87529.91431
36.00000 34.00000 87546.63418
36.00000 35.00000 87572.41153
36.00000 36.00000 87596.51609
36.00000 37.00000 87593.89392
36.00000 38.00000 87584.95445
36.00000 39.00000 87581.97962
36.00000 40.00000 87590.54830
36.00000 41.00000 87604.97858
36.00000 42.00000 87621.89738
36.00000 43.00000 87636.01417
36.00000 44.00000 87643.39640
36.00000 45.00000 87650.63693
36.00000 46.00000 87653.49340
36.00000 47.00000 87658.13429
36.00000 48.00000 87669.84126
36.00000 49.00000 87684.05519
36.00000 50.00000 87693.53186
36.00000 51.00000 87701.73564
36.00000 52.00000 87714.60214
36.00000 53.00000 87724.69044
36.00000 54.00000 87730.41959
36.00000 55.00000 87723.46755
36.00000 56.00000 87713.66701
36.00000 57.00000 87703.77126
36.00000 58.00000 87705.51686
36.00000 59.00000 87729.94478
36.00000 60.00000 87757.45647
36.00000 61.00000 87786.05756
36.00000 62.00000 87804.12723
36.00000 63.00000 87806.49060
36.00000 64.00000 87813.46954
36.00000 65.00000 87820.98026
36.00000 66.00000 87826.25468
36.00000 67.00000 87830.83532
36.00000 68.00000 87835.23237
36.00000 69.00000 87841.67236
36.00000 70.00000 87841.09048
37.00000 25.00000 87467.32851
37.00000 26.00000 87476.02475
37.00000 27.00000 87490.99329
37.00000 28.00000 87505.28960
37.00000 29.00000 87510.71554
37.00000 30.00000 87507.26296
37.00000 31.00000 87512.11102
37.00000 32.00000 87512.93232
37.00000 33.00000 87515.08596
37.00000 34.00000 87534.56798
37.00000 35.00000 87561.56108
37.00000 36.00000 87583.32953
37.00000 37.00000 87585.98798
37.00000 38.00000 87573.58021
37.00000 39.00000 87567.82865
37.00000 40.00000 87571.19902
37.00000 41.00000 87584.42250
37.00000 42.00000 87602.36094
37.00000 43.00000 87618.39512
37.00000 44.00000 87627.49845
37.00000 45.00000 87636.84182
37.00000 46.00000 87642.89931
37.00000 47.00000 87649.47699
37.00000 48.00000 87660.35692
37.00000 49.00000 87674.60672
37.00000 50.00000 87685.70603
37.00000 51.00000 87696.27180
37.00000 52.00000 87710.11490
37.00000 53.00000 87719.74200
37.00000 54.00000 87724.41384
37.00000 55.00000 87715.25074
37.00000 56.00000 87703.41454
37.00000 57.00000 87691.40522
37.00000 58.00000 87692.19742
37.00000 59.00000 87715.99705
37.00000 60.00000 87742.33025
37.00000 61.00000 87769.75613
37.00000 62.00000 87788.72622
37.00000 63.00000 87791.91623
37.00000 64.00000 87800.75354
37.00000 65.00000 87810.46287
37.00000 66.00000 87817.59807
37.00000 67.00000 87821.54984
37.00000 68.00000 87825.00030
37.00000 69.00000 87830.93661
37.00000 70.00000 87830.53311
38.00000 25.00000 87460.04812
38.00000 26.00000 87465.84039
38.00000 27.00000 87479.14960
38.00000 28.00000 87491.13607
38.00000 29.00000 87494.29018
38.00000 30.00000 87490.10091
38.00000 31.00000 87496.01128
38.00000 32.00000 87498.98049
38.00000 33.00000 87502.91244
38.00000 34.00000 87523.28269
38.00000 35.00000 87550.15777
38.00000 36.00000 87571.30088
38.00000 37.00000 87579.60746
38.00000 38.00000 87571.82591
38.00000 39.00000 87564.71543
38.00000 40.00000 87563.16648
38.00000 41.00000 87571.38134
38.00000 42.00000 87586.70074
38.00000 43.00000 87603.24228
38.00000 44.00000 87614.28556
38.00000 45.00000 87625.80466
38.00000 46.00000 87635.10091
38.00000 47.00000 87643.89319
38.00000 48.00000 87654.17277
38.00000 49.00000 87668.15117
38.00000 50.00000 87680.03147
38.00000 51.00000 87692.95971
38.00000 52.00000 87708.85497
38.00000 53.00000 87719.13783
38.00000 54.00000 87722.24752
38.00000 55.00000 87712.14137
38.00000 56.00000 87700.47906
38.00000 57.00000 87687.89110
38.00000 58.00000 87687.17202
38.00000 59.00000 87710.00405
38.00000 60.00000 87734.21336
38.00000 61.00000 87758.28982
38.00000 62.00000 87775.81322
38.00000 63.00000 87780.18443
38.00000 64.00000 87791.49299
38.00000 65.00000 87803.63272
38.00000 66.00000 87812.06421
38.00000 67.00000 87815.88493
38.00000 68.00000 87818.90238
38.00000 69.00000 87824.48605
38.00000 70.00000 87823.42060
39.00000 25.00000 87456.94424
39.00000 26.00000 87460.04515
39.00000 27.00000 87471.15440
39.00000 28.00000 87481.18688
39.00000 29.00000 87483.03089
39.00000 30.00000 87478.62472
39.00000 31.00000 87485.13929
39.00000 32.00000 87489.44227
39.00000 33.00000 87494.67050
39.00000 34.00000 87514.38108
39.00000 35.00000 87540.08988
39.00000 36.00000 87561.06774
39.00000 37.00000 87572.84038
39.00000 38.00000 87572.29124
39.00000 39.00000 87568.18758
39.00000 40.00000 87564.51593
39.00000 41.00000 87567.80443
39.00000 42.00000 87579.23219
39.00000 43.00000 87594.13307
39.00000 44.00000 87605.93060
39.00000 45.00000 87618.63073
39.00000 46.00000 87629.82857
39.00000 47.00000 87640.28468
39.00000 48.00000 87650.14564
39.00000 49.00000 87663.64503
39.00000 50.00000 87675.39300
39.00000 51.00000 87689.58303
39.00000 52.00000 87708.12747
39.00000 53.00000 87720.85805
39.00000 54.00000 87725.13590
39.00000 55.00000 87715.88315
39.00000 56.00000 87704.40039
39.00000 57.00000 87691.13207
39.00000 58.00000 87688.75510
39.00000 59.00000 87710.31905
39.00000 60.00000 87732.40281
39.00000 61.00000 87753.36573
39.00000 62.00000 87769.43229
39.00000 63.00000 87774.34466
39.00000 64.00000 87786.60441
39.00000 65.00000 87799.43136
39.00000 66.00000 87807.99867
39.00000 67.00000 87812.18280
39.00000 68.00000 87816.00583
39.00000 69.00000 87822.47004
39.00000 70.00000 87821.58476
40.00000 25.00000 87463.84317
40.00000 26.00000 87464.80228
40.00000 27.00000 87474.66461
40.00000 28.00000 87484.18941
40.00000 29.00000 87486.21889
40.00000 30.00000 87483.01225
40.00000 31.00000 87490.53254
40.00000 32.00000 87493.53065
40.00000 33.00000 87497.59692
40.00000 34.00000 87515.19209
40.00000 35.00000 87539.26478
40.00000 36.00000 87559.72581
40.00000 37.00000 87572.37999
40.00000 38.00000 87573.47194
40.00000 39.00000 87571.48227
40.00000 40.00000 87569.98982
40.00000 41.00000 87570.04554
40.00000 42.00000 87582.61989
40.00000 43.00000 87598.10957
40.00000 44.00000 87607.59284
40.00000 45.00000 87618.92344
40.00000 46.00000 87630.44726
40.00000 47.00000 87642.39368
40.00000 48.00000 87653.04304
40.00000 49.00000 87666.06894
40.00000 50.00000 87676.52538
40.00000 51.00000 87690.35610
40.00000 52.00000 87711.42933
40.00000 53.00000 87728.08686
40.00000 54.00000 87736.20561
40.00000 55.00000 87729.58967
40.00000 56.00000 87716.63562
40.00000 57.00000 87700.81693
40.00000 58.00000 87697.06435
40.00000 59.00000 87717.44188
40.00000 60.00000 87738.83183
40.00000 61.00000 87758.70155
40.00000 62.00000 87774.14469
40.00000 63.00000 87779.10443
40.00000 64.00000 87790.53984
40.00000 65.00000 87802.54274
40.00000 66.00000 87810.57412
40.00000 67.00000 87815.15979
40.00000 68.00000 87821.01632
40.00000 69.00000 87829.70894
40.00000 70.00000 87829.98292
41.00000 25.00000 87477.59474
41.00000 26.00000 87477.81755
41.00000 27.00000 87486.51085
41.00000 28.00000 87496.08865
41.00000 29.00000 87498.50149
41.00000 30.00000 87495.72598
41.00000 31.00000 87502.74766
41.00000 32.00000 87504.84006
41.00000 33.00000 87507.53130
41.00000 34.00000 87522.40190
41.00000 35.00000 87543.72516
41.00000 36.00000 87563.05584
41.00000 37.00000 87575.80986
41.00000 38.00000 87578.17946
41.00000 39.00000 87578.70586
41.00000 40.00000 87579.19453
41.00000 41.00000 87577.44955
41.00000 42.00000 87589.91139
41.00000 43.00000 87608.10029
41.00000 44.00000 87618.01862
41.00000 45.00000 87628.07405
41.00000 46.00000 87637.92397
41.00000 47.00000 87649.58269
41.00000 48.00000 87659.86857
41.00000 49.00000 87671.63220
41.00000 50.00000 87680.06122
41.00000 51.00000 87692.59717
41.00000 52.00000 87714.25325
41.00000 53.00000 87732.88132
41.00000 54.00000 87743.65798
41.00000 55.00000 87741.25617
41.00000 56.00000 87730.74459
41.00000 57.00000 87715.49396
41.00000 58.00000 87711.11588
41.00000 59.00000 87730.07764
41.00000 60.00000 87750.04665
41.00000 61.00000 87767.98981
41.00000 62.00000 87781.79306
41.00000 63.00000 87787.82706
41.00000 64.00000 87799.03664
41.00000 65.00000 87810.30785
41.00000 66.00000 87817.39505
41.00000 67.00000 87821.13786
41.00000 68.00000 87827.10134
41.00000 69.00000 87836.55168
41.00000 70.00000 87837.79116
42.00000 25.00000 87488.49552
42.00000 26.00000 87490.34989
42.00000 27.00000 87498.18259
42.00000 28.00000 87508.52723
42.00000 29.00000 87512.29171
42.00000 30.00000 87509.30784
42.00000 31.00000 87514.40408
42.00000 32.00000 87515.60646
42.00000 33.00000 87516.97006
42.00000 34.00000 87528.96451
42.00000 35.00000 87546.65500
42.00000 36.00000 87563.57140
42.00000 37.00000 87573.99757
42.00000 38.00000 87573.82423
42.00000 39.00000 87573.81635
42.00000 40.00000 87578.56964
42.00000 41.00000 87584.25147
42.00000 42.00000 87595.25298
42.00000 43.00000 87614.89925
42.00000 44.00000 87625.85676
42.00000 45.00000 87635.34728
42.00000 46.00000 87642.49460
42.00000 47.00000 87653.11545
42.00000 48.00000 87662.98567
42.00000 49.00000 87673.27565
42.00000 50.00000 87679.06550
42.00000 51.00000 87689.72238
42.00000 52.00000 87711.33733
42.00000 53.00000 87730.18130
42.00000 54.00000 87741.62739
42.00000 55.00000 87741.28216
42.00000 56.00000 87732.85712
42.00000 57.00000 87719.69165
42.00000 58.00000 87716.44805
42.00000 59.00000 87734.76449
42.00000 60.00000 87754.69512
42.00000 61.00000 87771.95188
42.00000 62.00000 87784.12163
42.00000 63.00000 87791.29096
42.00000 64.00000 87802.23939
42.00000 65.00000 87812.75154
42.00000 66.00000 87819.14772
42.00000 67.00000 87821.87221
42.00000 68.00000 87827.07456
42.00000 69.00000 87836.06149
42.00000 70.00000 87837.79681
43.00000 25.00000 87492.24632
43.00000 26.00000 87496.08843
43.00000 27.00000 87503.45913
43.00000 28.00000 87514.54012
43.00000 29.00000 87520.28519
43.00000 30.00000 87517.07870
43.00000 31.00000 87520.67519
43.00000 32.00000 87521.09941
43.00000 33.00000 87521.06462
43.00000 34.00000 87530.38147
43.00000 35.00000 87544.55964
43.00000 36.00000 87558.93179
43.00000 37.00000 87567.22651
43.00000 38.00000 87564.93882
43.00000 39.00000 87562.73857
43.00000 40.00000 87567.77907
43.00000 41.00000 87576.85925
43.00000 42.00000 87592.27635
43.00000 43.00000 87612.10725
43.00000 44.00000 87623.86212
43.00000 45.00000 87633.84377
43.00000 46.00000 87638.94468
43.00000 47.00000 87648.41091
43.00000 48.00000 87657.81691
43.00000 49.00000 87667.60941
43.00000 50.00000 87672.13845
43.00000 51.00000 87681.14763
43.00000 52.00000 87702.08727
43.00000 53.00000 87720.23680
43.00000 54.00000 87731.22841
43.00000 55.00000 87731.28325
43.00000 56.00000 87724.29799
43.00000 57.00000 87713.18532
43.00000 58.00000 87710.83720
43.00000 59.00000 87729.09940
43.00000 60.00000 87749.80627
43.00000 61.00000 87767.28733
43.00000 62.00000 87778.63503
43.00000 63.00000 87786.36288
43.00000 64.00000 87797.20765
43.00000 65.00000 87807.40814
43.00000 66.00000 87813.81032
43.00000 67.00000 87815.92565
43.00000 68.00000 87820.19034
43.00000 69.00000 87828.10021
43.00000 70.00000 87829.54878
44.00000 25.00000 87475.79156
44.00000 26.00000 87480.39672
44.00000 27.00000 87489.24564
44.00000 28.00000 87499.91387
44.00000 29.00000 87506.59007
44.00000 30.00000 87505.54217
44.00000 31.00000 87511.08904
44.00000 32.00000 87511.38840
44.00000 33.00000 87510.08694
44.00000 34.00000 87518.16224
44.00000 35.00000 87531.33173
44.00000 36.00000 87544.39375
44.00000 37.00000 87552.02550
44.00000 38.00000 87550.57464
44.00000 39.00000 87548.27900
44.00000 40.00000 87546.55830
44.00000 41.00000 87549.99065
44.00000 42.00000 87563.65301
44.00000 43.00000 87582.57662
44.00000 44.00000 87603.05250
44.00000 45.00000 87620.70788
44.00000 46.00000 87629.19859
44.00000 47.00000 87638.21863
44.00000 48.00000 87643.31118
44.00000 49.00000 87651.51308
44.00000 50.00000 87657.08667
44.00000 51.00000 87665.82252
44.00000 52.00000 87685.88589
44.00000 53.00000 87703.63006
44.00000 54.00000 87714.85892
44.00000 55.00000 87714.15277
44.00000 56.00000 87706.62772
44.00000 57.00000 87694.97395
44.00000 58.00000 87692.13068
44.00000 59.00000 87711.81006
44.00000 60.00000 87735.05530
44.00000 61.00000 87755.74247
44.00000 62.00000 87769.84090
44.00000 63.00000 87777.46840
44.00000 64.00000 87787.98714
44.00000 65.00000 87798.16584
44.00000 66.00000 87805.43565
44.00000 67.00000 87807.52129
44.00000 68.00000 87811.04208
44.00000 69.00000 87818.02833
44.00000 70.00000 87818.87309
45.00000 25.00000 87458.56088
45.00000 26.00000 87463.00718
45.00000 27.00000 87473.40812
45.00000 28.00000 87484.49312
45.00000 29.00000 87490.72604
45.00000 30.00000 87491.00926
45.00000 31.00000 87498.49481
45.00000 32.00000 87499.46081
45.00000 33.00000 87497.93955
45.00000 34.00000 87506.03985
45.00000 35.00000 87519.71461
45.00000 36.00000 87533.38026
45.00000 37.00000 87541.35566
45.00000 38.00000 87541.47188
45.00000 39.00000 87540.85972
45.00000 40.00000 87538.60682
45.00000 41.00000 87539.91890
45.00000 42.00000 87550.94952
45.00000 43.00000 87568.97910
45.00000 44.00000 87584.10910
45.00000 45.00000 87604.10853
45.00000 46.00000 87619.14747
45.00000 47.00000 87629.95218
45.00000 48.00000 87632.39606
45.00000 49.00000 87639.42554
45.00000 50.00000 87646.55721
45.00000 51.00000 87655.86504
45.00000 52.00000 87674.55571
45.00000 53.00000 87690.66160
45.00000 54.00000 87700.95044
45.00000 55.00000 87699.28143
45.00000 56.00000 87691.19672
45.00000 57.00000 87679.22142
45.00000 58.00000 87675.60840
45.00000 59.00000 87696.95775
45.00000 60.00000 87722.45582
45.00000 61.00000 87746.54208
45.00000 62.00000 87763.89921
45.00000 63.00000 87771.70572
45.00000 64.00000 87782.42586
45.00000 65.00000 87792.70226
45.00000 66.00000 87800.52039
45.00000 67.00000 87803.39381
45.00000 68.00000 87806.31514
45.00000 69.00000 87811.78716
45.00000 70.00000 87811.38576
46.00000 25.00000 87443.14940
46.00000 26.00000 87447.06427
46.00000 27.00000 87457.81967
46.00000 28.00000 87469.30011
46.00000 29.00000 87474.33232
46.00000 30.00000 87474.42510
46.00000 31.00000 87482.77288
46.00000 32.00000 87484.71070
46.00000 33.00000 87483.88011
46.00000 34.00000 87492.60657
46.00000 35.00000 87507.05481
46.00000 36.00000 87522.67761
46.00000 37.00000 87532.37111
46.00000 38.00000 87534.82375
46.00000 39.00000 87536.63349
46.00000 40.00000 87537.24172
46.00000 41.00000 87539.51026
46.00000 42.00000 87547.39169
46.00000 43.00000 87561.07309
46.00000 44.00000 87574.83546
46.00000 45.00000 87593.12479
46.00000 46.00000 87608.81236
46.00000 47.00000 87620.32547
46.00000 48.00000 87621.13725
46.00000 49.00000 87629.05929
46.00000 50.00000 87637.36006
46.00000 51.00000 87647.61863
46.00000 52.00000 87665.56714
46.00000 53.00000 87679.73470
46.00000 54.00000 87687.72569
46.00000 55.00000 87684.99646
46.00000 56.00000 87676.65938
46.00000 57.00000 87665.10034
46.00000 58.00000 87661.29951
46.00000 59.00000 87684.56260
46.00000 60.00000 87711.68004
46.00000 61.00000 87738.05838
46.00000 62.00000 87757.88175
46.00000 63.00000 87765.94206
46.00000 64.00000 87777.23648
46.00000 65.00000 87787.83727
46.00000 66.00000 87795.26573
46.00000 67.00000 87799.14135
46.00000 68.00000 87801.81306
46.00000 69.00000 87805.91905
46.00000 70.00000 87804.12813
47.00000 25.00000 87442.63233
47.00000 26.00000 87446.06153
47.00000 27.00000 87456.68536
47.00000 28.00000 87467.37168
47.00000 29.00000 87471.02493
47.00000 30.00000 87470.51377
47.00000 31.00000 87478.93181
47.00000 32.00000 87482.00879
47.00000 33.00000 87483.10054
47.00000 34.00000 87493.53075
47.00000 35.00000 87509.28745
47.00000 36.00000 87526.05404
47.00000 37.00000 87536.77560
47.00000 38.00000 87540.13805
47.00000 39.00000 87543.02053
47.00000 40.00000 87546.11342
47.00000 41.00000 87549.80019
47.00000 42.00000 87557.19862
47.00000 43.00000 87567.90359
47.00000 44.00000 87579.27243
47.00000 45.00000 87595.27049
47.00000 46.00000 87609.84288
47.00000 47.00000 87621.97667
47.00000 48.00000 87619.97812
47.00000 49.00000 87628.42011
47.00000 50.00000 87637.73043
47.00000 51.00000 87648.13925
47.00000 52.00000 87666.48600
47.00000 53.00000 87680.28282
47.00000 54.00000 87686.99687
47.00000 55.00000 87682.90102
47.00000 56.00000 87673.54758
47.00000 57.00000 87661.99889
47.00000 58.00000 87658.79692
47.00000 59.00000 87683.08263
47.00000 60.00000 87711.15477
47.00000 61.00000 87738.88580
47.00000 62.00000 87759.75048
47.00000 63.00000 87768.20500
47.00000 64.00000 87780.13693
47.00000 65.00000 87791.27913
47.00000 66.00000 87798.83866
47.00000 67.00000 87803.25826
47.00000 68.00000 87805.81057
47.00000 69.00000 87809.35476
47.00000 70.00000 87806.76731
48.00000 25.00000 87447.96032
48.00000 26.00000 87450.84246
48.00000 27.00000 87461.40592
48.00000 28.00000 87471.37374
48.00000 29.00000 87474.40973
48.00000 30.00000 87474.61571
48.00000 31.00000 87483.07496
48.00000 32.00000 87485.51103
48.00000 33.00000 87487.69455
48.00000 34.00000 87499.68375
48.00000 35.00000 87516.95241
48.00000 36.00000 87533.17005
48.00000 37.00000 87543.30839
48.00000 38.00000 87546.26295
48.00000 39.00000 87549.45685
48.00000 40.00000 87555.12479
48.00000 41.00000 87560.82134
48.00000 42.00000 87569.51416
48.00000 43.00000 87579.06756
48.00000 44.00000 87586.72683
48.00000 45.00000 87598.98351
48.00000 46.00000 87610.42993
48.00000 47.00000 87622.76569
48.00000 48.00000 87631.24298
48.00000 49.00000 87631.34539
48.00000 50.00000 87639.48486
48.00000 51.00000 87648.59349
48.00000 52.00000 87667.71962
48.00000 53.00000 87683.14124
48.00000 54.00000 87690.48517
48.00000 55.00000 87685.78287
48.00000 56.00000 87675.24980
48.00000 57.00000 87663.46046
48.00000 58.00000 87661.72008
48.00000 59.00000 87686.16064
48.00000 60.00000 87714.39229
48.00000 61.00000 87742.42391
48.00000 62.00000 87763.54340
48.00000 63.00000 87772.55284
48.00000 64.00000 87785.03635
48.00000 65.00000 87796.85153
48.00000 66.00000 87804.99932
48.00000 67.00000 87809.41102
48.00000 68.00000 87811.64271
48.00000 69.00000 87814.82378
48.00000 70.00000 87811.77360
49.00000 25.00000 87457.38361
49.00000 26.00000 87460.01770
49.00000 27.00000 87469.96296
49.00000 28.00000 87478.71094
49.00000 29.00000 87480.41053
49.00000 30.00000 87480.74808
49.00000 31.00000 87488.82791
49.00000 32.00000 87491.29906
49.00000 33.00000 87494.62793
49.00000 34.00000 87508.21720
49.00000 35.00000 87527.17326
49.00000 36.00000 87543.25034
49.00000 37.00000 87552.60229
49.00000 38.00000 87554.58430
49.00000 39.00000 87557.34377
49.00000 40.00000 87564.29619
49.00000 41.00000 87571.61175
49.00000 42.00000 87581.64911
49.00000 43.00000 87591.06868
49.00000 44.00000 87597.69933
49.00000 45.00000 87607.88012
49.00000 46.00000 87616.53963
49.00000 47.00000 87626.86387
49.00000 48.00000 87638.62543
49.00000 49.00000 87645.31803
49.00000 50.00000 87646.25409
49.00000 51.00000 87653.64453
49.00000 52.00000 87671.57825
49.00000 53.00000 87686.96981
49.00000 54.00000 87694.71283
49.00000 55.00000 87689.85625
49.00000 56.00000 87679.10753
49.00000 57.00000 87667.69931
49.00000 58.00000 87667.67682
49.00000 59.00000 87692.29323
49.00000 60.00000 87719.85965
49.00000 61.00000 87747.01445
49.00000 62.00000 87767.40981
49.00000 63.00000 87776.59153
49.00000 64.00000 87789.73340
49.00000 65.00000 87802.59090
49.00000 66.00000 87811.16919
49.00000 67.00000 87815.19720
49.00000 68.00000 87817.11021
49.00000 69.00000 87820.09224
49.00000 70.00000 87816.93638
50.00000 25.00000 87467.03569
50.00000 26.00000 87469.65084
50.00000 27.00000 87478.30744
50.00000 28.00000 87485.21522
50.00000 29.00000 87484.67524
50.00000 30.00000 87483.66274
50.00000 31.00000 87490.72239
50.00000 32.00000 87494.62599
50.00000 33.00000 87499.97638
50.00000 34.00000 87515.61707
50.00000 35.00000 87536.49816
50.00000 36.00000 87553.37958
50.00000 37.00000 87562.80908
50.00000 38.00000 87564.19552
50.00000 39.00000 87566.47595
50.00000 40.00000 87573.56342
50.00000 41.00000 87581.20750
50.00000 42.00000 87591.33835
50.00000 43.00000 87600.11233
50.00000 44.00000 87607.01059
50.00000 45.00000 87616.79441
50.00000 46.00000 87623.19125
50.00000 47.00000 87631.03734
50.00000 48.00000 87643.72844
50.00000 49.00000 87658.61171
50.00000 50.00000 87662.36411
50.00000 51.00000 87664.16100
50.00000 52.00000 87679.30777
50.00000 53.00000 87691.61053
50.00000 54.00000 87698.75739
50.00000 55.00000 87694.29479
50.00000 56.00000 87684.38899
50.00000 57.00000 87673.94562
50.00000 58.00000 87675.31388
50.00000 59.00000 87699.96001
50.00000 60.00000 87726.26484
50.00000 61.00000 87751.50102
50.00000 62.00000 87769.47625
50.00000 63.00000 87778.28481
50.00000 64.00000 87791.89980
50.00000 65.00000 87805.63954
50.00000 66.00000 87814.96109
50.00000 67.00000 87819.10702
50.00000 68.00000 87821.23390
50.00000 69.00000 87824.45597
50.00000 70.00000 87821.52067
51.00000 25.00000 87474.17918
51.00000 26.00000 87477.09201
51.00000 27.00000 87485.23831
51.00000 28.00000 87490.83690
51.00000 29.00000 87488.68174
51.00000 30.00000 87485.74186
51.00000 31.00000 87491.71774
51.00000 32.00000 87495.06837
51.00000 33.00000 87500.38953
51.00000 34.00000 87516.42938
51.00000 35.00000 87538.03771
51.00000 36.00000 87555.93452
51.00000 37.00000 87566.65847
51.00000 38.00000 87569.34404
51.00000 39.00000 87572.28014
51.00000 40.00000 87578.93281
51.00000 41.00000 87586.26358
51.00000 42.00000 87595.66573
51.00000 43.00000 87603.95140
51.00000 44.00000 87610.70931
51.00000 45.00000 87619.92467
51.00000 46.00000 87625.47842
51.00000 47.00000 87631.28631
51.00000 48.00000 87642.78735
51.00000 49.00000 87658.36360
51.00000 50.00000 87668.24344
51.00000 51.00000 87674.77420
51.00000 52.00000 87686.52987
51.00000 53.00000 87697.41748
51.00000 54.00000 87704.88669
51.00000 55.00000 87700.71887
51.00000 56.00000 87690.67230
51.00000 57.00000 87679.84419
51.00000 58.00000 87681.08218
51.00000 59.00000 87706.18131
51.00000 60.00000 87732.30428
51.00000 61.00000 87756.78793
51.00000 62.00000 87773.34310
51.00000 63.00000 87780.09625
51.00000 64.00000 87792.12146
51.00000 65.00000 87805.24509
51.00000 66.00000 87814.88792
51.00000 67.00000 87820.11498
51.00000 68.00000 87823.25200
51.00000 69.00000 87827.21096
51.00000 70.00000 87825.09287
52.00000 25.00000 87476.47792
52.00000 26.00000 87478.41255
52.00000 27.00000 87485.83052
52.00000 28.00000 87491.33897
52.00000 29.00000 87489.34136
52.00000 30.00000 87486.03780
52.00000 31.00000 87492.36185
52.00000 32.00000 87494.22860
52.00000 33.00000 87497.67609
52.00000 34.00000 87512.89873
52.00000 35.00000 87534.91925
52.00000 36.00000 87554.11718
52.00000 37.00000 87566.64213
52.00000 38.00000 87570.94822
52.00000 39.00000 87574.56731
52.00000 40.00000 87580.64169
52.00000 41.00000 87587.49379
52.00000 42.00000 87596.29758
52.00000 43.00000 87604.64016
52.00000 44.00000 87610.65154
52.00000 45.00000 87618.08715
52.00000 46.00000 87622.47456
52.00000 47.00000 87626.77534
52.00000 48.00000 87636.96124
52.00000 49.00000 87651.92031
52.00000 50.00000 87663.96247
52.00000 51.00000 87674.27982
52.00000 52.00000 87687.32178
52.00000 53.00000 87699.89266
52.00000 54.00000 87708.08958
52.00000 55.00000 87704.02036
52.00000 56.00000 87694.03811
52.00000 57.00000 87682.16142
52.00000 58.00000 87682.41779
52.00000 59.00000 87707.69875
52.00000 60.00000 87733.96174
52.00000 61.00000 87758.50131
52.00000 62.00000 87774.75238
52.00000 63.00000 87779.74818
52.00000 64.00000 87789.66838
52.00000 65.00000 87801.24022
52.00000 66.00000 87810.97916
52.00000 67.00000 87817.76079
52.00000 68.00000 87822.47057
52.00000 69.00000 87827.52371
52.00000 70.00000 87826.57528
53.00000 25.00000 87475.76072
53.00000 26.00000 87476.51539
53.00000 27.00000 87483.16242
53.00000 28.00000 87488.55877
53.00000 29.00000 87486.54117
53.00000 30.00000 87482.76823
53.00000 31.00000 87489.31477
53.00000 32.00000 87491.17338
53.00000 33.00000 87493.19863
53.00000 34.00000 87507.10589
53.00000 35.00000 87528.84039
53.00000 36.00000 87548.85590
53.00000 37.00000 87563.04562
53.00000 38.00000 87569.00989
53.00000 39.00000 87573.55160
53.00000 40.00000 87580.10834
53.00000 41.00000 87587.06777
53.00000 42.00000 87595.61192
53.00000 43.00000 87604.00481
53.00000 44.00000 87608.82259
53.00000 45.00000 87614.03567
53.00000 46.00000 87616.60817
53.00000 47.00000 87619.72408
53.00000 48.00000 87629.42654
53.00000 49.00000 87644.22997
53.00000 50.00000 87657.51394
53.00000 51.00000 87670.37348
53.00000 52.00000 87683.35965
53.00000 53.00000 87695.89885
53.00000 54.00000 87704.49764
53.00000 55.00000 87702.48788
53.00000 56.00000 87694.64237
53.00000 57.00000 87683.35701
53.00000 58.00000 87682.95873
53.00000 59.00000 87707.59789
53.00000 60.00000 87732.75920
53.00000 61.00000 87756.37299
53.00000 62.00000 87772.16896
53.00000 63.00000 87776.65809
53.00000 64.00000 87785.67271
53.00000 65.00000 87795.72485
53.00000 66.00000 87804.96968
53.00000 67.00000 87812.63744
53.00000 68.00000 87818.53821
53.00000 69.00000 87824.75656
53.00000 70.00000 87824.85132
54.00000 25.00000 87465.21615
54.00000 26.00000 87465.29909
54.00000 27.00000 87470.87396
54.00000 28.00000 87476.09175
54.00000 29.00000 87474.34925
54.00000 30.00000 87470.30264
54.00000 31.00000 87476.43345
54.00000 32.00000 87479.18001
54.00000 33.00000 87480.79647
54.00000 34.00000 87493.11617
54.00000 35.00000 87513.13323
54.00000 36.00000 87532.44734
54.00000 37.00000 87546.76844
54.00000 38.00000 87553.20652
54.00000 39.00000 87558.33882
54.00000 40.00000 87566.01829
54.00000 41.00000 87574.23785
54.00000 42.00000 87583.78169
54.00000 43.00000 87592.74784
54.00000 44.00000 87597.08797
54.00000 45.00000 87601.45363
54.00000 46.00000 87603.19492
54.00000 47.00000 87605.81847
54.00000 48.00000 87615.52103
54.00000 49.00000 87630.06042
54.00000 50.00000 87642.46282
54.00000 51.00000 87656.11130
54.00000 52.00000 87671.47508
54.00000 53.00000 87682.74451
54.00000 54.00000 87688.37481
54.00000 55.00000 87687.29281
54.00000 56.00000 87683.43984
54.00000 57.00000 87674.88824
54.00000 58.00000 87674.95438
54.00000 59.00000 87698.74434
54.00000 60.00000 87722.48299
54.00000 61.00000 87744.65874
54.00000 62.00000 87759.63583
54.00000 63.00000 87764.64581
54.00000 64.00000 87774.31758
54.00000 65.00000 87784.31378
54.00000 66.00000 87792.49477
54.00000 67.00000 87799.37038
54.00000 68.00000 87804.84202
54.00000 69.00000 87811.44615
54.00000 70.00000 87812.04676
55.00000 25.00000 87455.94310
55.00000 26.00000 87456.68094
55.00000 27.00000 87462.48842
55.00000 28.00000 87467.40638
55.00000 29.00000 87465.38302
55.00000 30.00000 87460.28504
55.00000 31.00000 87465.99320
55.00000 32.00000 87468.59392
55.00000 33.00000 87469.64635
55.00000 34.00000 87480.62472
55.00000 35.00000 87498.83814
55.00000 36.00000 87516.88672
55.00000 37.00000 87531.94473
55.00000 38.00000 87539.67080
55.00000 39.00000 87545.96937
55.00000 40.00000 87553.78759
55.00000 41.00000 87561.89951
55.00000 42.00000 87571.83074
55.00000 43.00000 87581.08337
55.00000 44.00000 87586.03284
55.00000 45.00000 87590.19053
55.00000 46.00000 87591.35270
55.00000 47.00000 87593.64157
55.00000 48.00000 87602.44725
55.00000 49.00000 87616.37807
55.00000 50.00000 87627.90008
55.00000 51.00000 87641.28542
55.00000 52.00000 87658.09213
55.00000 53.00000 87669.05383
55.00000 54.00000 87672.55999
55.00000 55.00000 87672.31632
55.00000 56.00000 87672.70478
55.00000 57.00000 87667.45103
55.00000 58.00000 87668.67701
55.00000 59.00000 87691.04066
55.00000 60.00000 87712.70699
55.00000 61.00000 87732.16720
55.00000 62.00000 87745.25146
55.00000 63.00000 87749.84982
55.00000 64.00000 87759.40133
55.00000 65.00000 87769.39283
55.00000 66.00000 87776.72506
55.00000 67.00000 87782.10666
55.00000 68.00000 87787.09309
55.00000 69.00000 87794.72448
55.00000 70.00000 87795.58038
