k1 k2 chisq 
11.00000 25.00000 197590.89529
11.00000 26.00000 197631.94638
11.00000 27.00000 197670.35401
11.00000 28.00000 197711.92540
11.00000 29.00000 197754.20229
11.00000 30.00000 197796.85438
11.00000 31.00000 197833.64829
11.00000 32.00000 197828.95470
11.00000 33.00000 197849.05699
11.00000 34.00000 197840.85787
11.00000 35.00000 197823.95968
11.00000 36.00000 197825.81686
11.00000 37.00000 197878.07399
11.00000 38.00000 197900.06165
11.00000 39.00000 197902.03791
11.00000 40.00000 197894.85455
11.00000 41.00000 197898.36730
11.00000 42.00000 197897.25357
11.00000 43.00000 197884.72941
11.00000 44.00000 197879.74209
11.00000 45.00000 197878.70865
11.00000 46.00000 197866.59191
11.00000 47.00000 197838.43208
11.00000 48.00000 197801.30190
11.00000 49.00000 197832.07772
11.00000 50.00000 197850.29325
11.00000 51.00000 197851.30684
11.00000 52.00000 197859.77446
11.00000 53.00000 197905.73705
11.00000 54.00000 197938.48298
11.00000 55.00000 197964.34427
11.00000 56.00000 197995.78251
11.00000 57.00000 198039.55457
11.00000 58.00000 198065.31920
11.00000 59.00000 198084.33316
11.00000 60.00000 198097.83436
11.00000 61.00000 198125.94978
11.00000 62.00000 198127.41399
11.00000 63.00000 198096.69541
11.00000 64.00000 198069.32935
11.00000 65.00000 198082.17854
11.00000 66.00000 198069.20446
11.00000 67.00000 198048.69485
11.00000 68.00000 198045.82095
11.00000 69.00000 198079.36064
11.00000 70.00000 198093.10561
12.00000 25.00000 197575.28159
12.00000 26.00000 197613.51145
12.00000 27.00000 197650.20896
12.00000 28.00000 197691.66592
12.00000 29.00000 197731.36869
12.00000 30.00000 197774.04043
12.00000 31.00000 197813.95991
12.00000 32.00000 197810.77632
12.00000 33.00000 197828.08929
12.00000 34.00000 197819.80164
12.00000 35.00000 197805.58054
12.00000 36.00000 197809.58763
12.00000 37.00000 197858.45677
12.00000 38.00000 197878.43790
12.00000 39.00000 197880.30458
12.00000 40.00000 197873.69037
12.00000 41.00000 197876.28070
12.00000 42.00000 197875.69254
12.00000 43.00000 197864.62375
12.00000 44.00000 197861.12933
12.00000 45.00000 197859.39542
12.00000 46.00000 197846.43716
12.00000 47.00000 197817.21538
12.00000 48.00000 197778.83627
12.00000 49.00000 197807.47422
12.00000 50.00000 197825.65904
12.00000 51.00000 197827.64415
12.00000 52.00000 197836.03012
12.00000 53.00000 197878.84793
12.00000 54.00000 197909.39362
12.00000 55.00000 197934.80002
12.00000 56.00000 197967.51961
12.00000 57.00000 198011.14365
12.00000 58.00000 198037.24619
12.00000 59.00000 198056.09490
12.00000 60.00000 198067.86330
12.00000 61.00000 198091.45560
12.00000 62.00000 198091.01502
12.00000 63.00000 198061.06779
12.00000 64.00000 198035.42159
12.00000 65.00000 198049.07390
12.00000 66.00000 198038.73886
12.00000 67.00000 198019.47593
12.00000 68.00000 198017.55709
12.00000 69.00000 198051.12323
12.00000 70.00000 198065.75039
13.00000 25.00000 197588.43117
13.00000 26.00000 197630.24558
13.00000 27.00000 197666.44218
13.00000 28.00000 197704.98627
13.00000 29.00000 197746.88380
13.00000 30.00000 197787.86278
13.00000 31.00000 197822.07900
13.00000 32.00000 197813.86693
13.00000 33.00000 197835.49995
13.00000 34.00000 197828.76722
13.00000 35.00000 197810.55334
13.00000 36.00000 197810.90817
13.00000 37.00000 197861.43451
13.00000 38.00000 197881.93249
13.00000 39.00000 197881.22798
13.00000 40.00000 197874.06627
13.00000 41.00000 197878.86512
13.00000 42.00000 197876.23620
13.00000 43.00000 197860.90727
13.00000 44.00000 197855.26823
13.00000 45.00000 197859.05878
13.00000 46.00000 197850.40559
13.00000 47.00000 197823.54230
13.00000 48.00000 197783.79130
13.00000 49.00000 197811.04315
13.00000 50.00000 197826.87229
13.00000 51.00000 197827.52214
13.00000 52.00000 197836.24216
13.00000 53.00000 197883.22412
13.00000 54.00000 197915.11871
13.00000 55.00000 197938.84230
13.00000 56.00000 197968.23186
13.00000 57.00000 198010.88092
13.00000 58.00000 198033.64421
13.00000 59.00000 198049.91779
13.00000 60.00000 198060.15167
13.00000 61.00000 198083.50284
13.00000 62.00000 198079.58588
13.00000 63.00000 198049.41756
13.00000 64.00000 198025.39471
13.00000 65.00000 198044.42897
13.00000 66.00000 198036.92655
13.00000 67.00000 198017.31036
13.00000 68.00000 198014.90951
13.00000 69.00000 198050.05748
13.00000 70.00000 198062.80548
14.00000 25.00000 197613.56697
14.00000 26.00000 197656.93274
14.00000 27.00000 197691.10344
14.00000 28.00000 197727.89442
14.00000 29.00000 197769.56747
14.00000 30.00000 197807.79046
14.00000 31.00000 197837.43910
14.00000 32.00000 197827.35774
14.00000 33.00000 197853.33776
14.00000 34.00000 197850.34101
14.00000 35.00000 197830.28945
14.00000 36.00000 197826.96244
14.00000 37.00000 197875.97986
14.00000 38.00000 197895.92346
14.00000 39.00000 197893.86854
14.00000 40.00000 197886.14223
14.00000 41.00000 197890.88094
14.00000 42.00000 197885.97795
14.00000 43.00000 197867.29083
14.00000 44.00000 197861.03340
14.00000 45.00000 197870.39669
14.00000 46.00000 197867.21710
14.00000 47.00000 197843.17298
14.00000 48.00000 197802.55069
14.00000 49.00000 197826.20044
14.00000 50.00000 197836.94940
14.00000 51.00000 197835.51469
14.00000 52.00000 197844.21537
14.00000 53.00000 197894.07845
14.00000 54.00000 197927.30412
14.00000 55.00000 197950.23316
14.00000 56.00000 197977.65009
14.00000 57.00000 198017.27489
14.00000 58.00000 198036.54901
14.00000 59.00000 198051.67578
14.00000 60.00000 198060.83925
14.00000 61.00000 198083.02417
14.00000 62.00000 198076.21003
14.00000 63.00000 198047.29848
14.00000 64.00000 198025.00116
14.00000 65.00000 198047.48053
14.00000 66.00000 198042.23311
14.00000 67.00000 198022.91792
14.00000 68.00000 198020.07146
14.00000 69.00000 198055.06610
14.00000 70.00000 198066.91180
15.00000 25.00000 197627.87520
15.00000 26.00000 197672.63886
15.00000 27.00000 197706.98724
15.00000 28.00000 197745.66306
15.00000 29.00000 197783.90612
15.00000 30.00000 197817.19615
15.00000 31.00000 197844.58799
15.00000 32.00000 197837.05601
15.00000 33.00000 197868.11652
15.00000 34.00000 197870.00518
15.00000 35.00000 197851.56239
15.00000 36.00000 197846.15195
15.00000 37.00000 197891.18058
15.00000 38.00000 197909.46448
15.00000 39.00000 197907.32894
15.00000 40.00000 197898.62567
15.00000 41.00000 197901.60459
15.00000 42.00000 197897.63455
15.00000 43.00000 197880.72827
15.00000 44.00000 197876.66388
15.00000 45.00000 197888.79944
15.00000 46.00000 197889.51430
15.00000 47.00000 197868.37908
15.00000 48.00000 197827.18440
15.00000 49.00000 197845.72031
15.00000 50.00000 197851.40819
15.00000 51.00000 197849.38793
15.00000 52.00000 197859.31613
15.00000 53.00000 197910.33582
15.00000 54.00000 197944.91621
15.00000 55.00000 197968.01941
15.00000 56.00000 197995.13848
15.00000 57.00000 198030.94571
15.00000 58.00000 198048.61580
15.00000 59.00000 198064.63332
15.00000 60.00000 198073.62134
15.00000 61.00000 198093.17889
15.00000 62.00000 198083.16629
15.00000 63.00000 198054.65843
15.00000 64.00000 198033.12225
15.00000 65.00000 198058.35740
15.00000 66.00000 198056.90376
15.00000 67.00000 198038.93893
15.00000 68.00000 198036.23885
15.00000 69.00000 198068.76932
15.00000 70.00000 198081.46798
16.00000 25.00000 197606.93590
16.00000 26.00000 197650.57419
16.00000 27.00000 197684.90862
16.00000 28.00000 197725.29930
16.00000 29.00000 197761.29164
16.00000 30.00000 197793.27092
16.00000 31.00000 197822.55988
16.00000 32.00000 197817.80134
16.00000 33.00000 197849.50838
16.00000 34.00000 197853.87404
16.00000 35.00000 197839.29688
16.00000 36.00000 197834.52764
16.00000 37.00000 197874.54042
16.00000 38.00000 197889.54403
16.00000 39.00000 197886.68196
16.00000 40.00000 197876.62917
16.00000 41.00000 197877.50885
16.00000 42.00000 197875.84471
16.00000 43.00000 197863.52685
16.00000 44.00000 197861.75294
16.00000 45.00000 197872.55367
16.00000 46.00000 197874.87896
16.00000 47.00000 197856.83116
16.00000 48.00000 197817.82019
16.00000 49.00000 197835.20987
16.00000 50.00000 197841.08726
16.00000 51.00000 197839.14511
16.00000 52.00000 197848.37028
16.00000 53.00000 197897.03033
16.00000 54.00000 197930.83905
16.00000 55.00000 197953.37733
16.00000 56.00000 197980.71265
16.00000 57.00000 198013.73002
16.00000 58.00000 198030.67721
16.00000 59.00000 198048.08080
16.00000 60.00000 198058.87841
16.00000 61.00000 198077.74772
16.00000 62.00000 198067.56943
16.00000 63.00000 198037.59065
16.00000 64.00000 198014.67870
16.00000 65.00000 198039.85208
16.00000 66.00000 198040.93318
16.00000 67.00000 198025.04379
16.00000 68.00000 198024.07556
16.00000 69.00000 198054.28802
16.00000 70.00000 198067.16455
17.00000 25.00000 197589.32636
17.00000 26.00000 197636.60901
17.00000 27.00000 197674.20932
17.00000 28.00000 197718.70131
17.00000 29.00000 197760.10413
17.00000 30.00000 197794.75396
17.00000 31.00000 197823.15406
17.00000 32.00000 197816.16026
17.00000 33.00000 197845.03477
17.00000 34.00000 197844.20080
17.00000 35.00000 197825.47479
17.00000 36.00000 197819.26089
17.00000 37.00000 197861.11703
17.00000 38.00000 197874.51777
17.00000 39.00000 197868.73624
17.00000 40.00000 197856.61348
17.00000 41.00000 197858.53600
17.00000 42.00000 197860.13540
17.00000 43.00000 197852.97373
17.00000 44.00000 197855.56152
17.00000 45.00000 197866.69662
17.00000 46.00000 197867.65497
17.00000 47.00000 197847.79413
17.00000 48.00000 197808.66475
17.00000 49.00000 197828.23317
17.00000 50.00000 197835.64569
17.00000 51.00000 197832.30412
17.00000 52.00000 197838.53895
17.00000 53.00000 197885.18629
17.00000 54.00000 197916.99276
17.00000 55.00000 197937.14104
17.00000 56.00000 197964.05719
17.00000 57.00000 197998.49553
17.00000 58.00000 198015.36558
17.00000 59.00000 198031.83706
17.00000 60.00000 198042.89884
17.00000 61.00000 198065.27385
17.00000 62.00000 198058.41635
17.00000 63.00000 198026.83596
17.00000 64.00000 198003.22695
17.00000 65.00000 198029.42979
17.00000 66.00000 198030.39268
17.00000 67.00000 198014.14845
17.00000 68.00000 198013.29254
17.00000 69.00000 198042.95394
17.00000 70.00000 198055.08103
18.00000 25.00000 197548.67660
18.00000 26.00000 197597.50669
18.00000 27.00000 197638.75601
18.00000 28.00000 197688.17983
18.00000 29.00000 197734.11150
18.00000 30.00000 197772.33983
18.00000 31.00000 197802.72968
18.00000 32.00000 197797.43093
18.00000 33.00000 197824.69899
18.00000 34.00000 197819.52338
18.00000 35.00000 197797.36720
18.00000 36.00000 197788.84944
18.00000 37.00000 197830.10071
18.00000 38.00000 197840.91885
18.00000 39.00000 197832.49133
18.00000 40.00000 197818.87503
18.00000 41.00000 197821.50107
18.00000 42.00000 197827.83575
18.00000 43.00000 197827.51539
18.00000 44.00000 197835.60455
18.00000 45.00000 197846.30346
18.00000 46.00000 197845.20384
18.00000 47.00000 197824.08697
18.00000 48.00000 197786.10030
18.00000 49.00000 197807.80759
18.00000 50.00000 197816.41882
18.00000 51.00000 197811.04605
18.00000 52.00000 197813.12756
18.00000 53.00000 197855.10852
18.00000 54.00000 197883.16265
18.00000 55.00000 197901.50812
18.00000 56.00000 197930.17181
18.00000 57.00000 197966.90424
18.00000 58.00000 197985.48880
18.00000 59.00000 198001.06569
18.00000 60.00000 198011.94525
18.00000 61.00000 198036.87878
18.00000 62.00000 198033.95411
18.00000 63.00000 198003.47961
18.00000 64.00000 197982.10120
18.00000 65.00000 198010.25274
18.00000 66.00000 198011.11949
18.00000 67.00000 197992.46752
18.00000 68.00000 197988.44852
18.00000 69.00000 198014.53092
18.00000 70.00000 198024.77600
19.00000 25.00000 197495.18074
19.00000 26.00000 197543.51549
19.00000 27.00000 197587.93526
19.00000 28.00000 197642.01092
19.00000 29.00000 197690.52754
19.00000 30.00000 197731.60038
19.00000 31.00000 197765.81980
19.00000 32.00000 197765.60330
19.00000 33.00000 197793.69637
19.00000 34.00000 197788.76554
19.00000 35.00000 197766.41493
19.00000 36.00000 197755.62037
19.00000 37.00000 197793.39822
19.00000 38.00000 197800.53353
19.00000 39.00000 197789.78639
19.00000 40.00000 197776.13819
19.00000 41.00000 197779.95776
19.00000 42.00000 197791.89571
19.00000 43.00000 197798.71490
19.00000 44.00000 197811.87083
19.00000 45.00000 197821.20162
19.00000 46.00000 197818.16221
19.00000 47.00000 197796.66309
19.00000 48.00000 197761.33856
19.00000 49.00000 197785.65935
19.00000 50.00000 197795.34179
19.00000 51.00000 197788.29342
19.00000 52.00000 197786.74444
19.00000 53.00000 197822.91155
19.00000 54.00000 197845.22723
19.00000 55.00000 197861.73276
19.00000 56.00000 197893.25917
19.00000 57.00000 197932.65724
19.00000 58.00000 197954.04211
19.00000 59.00000 197968.91038
19.00000 60.00000 197979.57305
19.00000 61.00000 198006.00109
19.00000 62.00000 198006.22334
19.00000 63.00000 197979.34631
19.00000 64.00000 197962.70182
19.00000 65.00000 197993.19144
19.00000 66.00000 197994.01874
19.00000 67.00000 197971.60509
19.00000 68.00000 197962.31102
19.00000 69.00000 197983.41922
19.00000 70.00000 197991.60692
20.00000 25.00000 197456.07669
20.00000 26.00000 197507.33110
20.00000 27.00000 197556.39342
20.00000 28.00000 197610.93335
20.00000 29.00000 197658.51431
20.00000 30.00000 197699.82351
20.00000 31.00000 197736.50001
20.00000 32.00000 197738.91394
20.00000 33.00000 197767.33730
20.00000 34.00000 197764.08736
20.00000 35.00000 197743.25728
20.00000 36.00000 197731.97066
20.00000 37.00000 197767.31329
20.00000 38.00000 197773.15114
20.00000 39.00000 197761.27853
20.00000 40.00000 197745.31394
20.00000 41.00000 197749.10512
20.00000 42.00000 197764.65775
20.00000 43.00000 197776.35870
20.00000 44.00000 197793.25023
20.00000 45.00000 197802.14973
20.00000 46.00000 197799.70165
20.00000 47.00000 197778.51772
20.00000 48.00000 197743.01714
20.00000 49.00000 197767.93255
20.00000 50.00000 197778.09354
20.00000 51.00000 197770.00672
20.00000 52.00000 197765.40425
20.00000 53.00000 197798.06499
20.00000 54.00000 197817.34154
20.00000 55.00000 197830.31336
20.00000 56.00000 197862.02050
20.00000 57.00000 197902.73140
20.00000 58.00000 197927.31444
20.00000 59.00000 197942.00799
20.00000 60.00000 197952.72947
20.00000 61.00000 197980.22234
20.00000 62.00000 197982.66864
20.00000 63.00000 197957.90557
20.00000 64.00000 197945.22635
20.00000 65.00000 197978.14579
20.00000 66.00000 197980.23423
20.00000 67.00000 197952.76411
20.00000 68.00000 197936.57062
20.00000 69.00000 197951.83063
20.00000 70.00000 197958.08033
21.00000 25.00000 197463.28074
21.00000 26.00000 197522.48183
21.00000 27.00000 197573.09110
21.00000 28.00000 197623.84120
21.00000 29.00000 197670.68469
21.00000 30.00000 197707.55763
21.00000 31.00000 197738.26137
21.00000 32.00000 197736.27085
21.00000 33.00000 197764.87872
21.00000 34.00000 197760.54547
21.00000 35.00000 197734.80426
21.00000 36.00000 197722.37596
21.00000 37.00000 197763.60318
21.00000 38.00000 197774.38147
21.00000 39.00000 197762.79540
21.00000 40.00000 197744.08700
21.00000 41.00000 197750.75615
21.00000 42.00000 197768.98346
21.00000 43.00000 197782.49766
21.00000 44.00000 197801.79027
21.00000 45.00000 197813.94902
21.00000 46.00000 197811.84162
21.00000 47.00000 197789.25236
21.00000 48.00000 197751.36118
21.00000 49.00000 197775.28595
21.00000 50.00000 197780.58556
21.00000 51.00000 197768.43636
21.00000 52.00000 197760.33702
21.00000 53.00000 197793.91785
21.00000 54.00000 197814.58998
21.00000 55.00000 197825.62970
21.00000 56.00000 197857.84406
21.00000 57.00000 197901.87132
21.00000 58.00000 197928.77690
21.00000 59.00000 197945.21374
21.00000 60.00000 197956.91333
21.00000 61.00000 197985.65185
21.00000 62.00000 197986.03418
21.00000 63.00000 197959.87162
21.00000 64.00000 197947.17110
21.00000 65.00000 197982.24751
21.00000 66.00000 197982.62674
21.00000 67.00000 197949.09569
21.00000 68.00000 197925.59342
21.00000 69.00000 197937.53870
21.00000 70.00000 197942.03007
22.00000 25.00000 197472.29972
22.00000 26.00000 197532.18648
22.00000 27.00000 197581.02769
22.00000 28.00000 197630.73548
22.00000 29.00000 197679.66841
22.00000 30.00000 197714.84380
22.00000 31.00000 197740.98282
22.00000 32.00000 197736.66665
22.00000 33.00000 197762.01886
22.00000 34.00000 197754.17091
22.00000 35.00000 197724.43965
22.00000 36.00000 197712.28096
22.00000 37.00000 197757.86755
22.00000 38.00000 197773.29299
22.00000 39.00000 197763.32047
22.00000 40.00000 197744.70829
22.00000 41.00000 197754.57809
22.00000 42.00000 197773.21880
22.00000 43.00000 197786.38805
22.00000 44.00000 197807.14496
22.00000 45.00000 197821.79046
22.00000 46.00000 197818.88143
22.00000 47.00000 197793.85107
22.00000 48.00000 197752.98657
22.00000 49.00000 197774.64508
22.00000 50.00000 197774.71081
22.00000 51.00000 197760.98799
22.00000 52.00000 197753.22217
22.00000 53.00000 197789.33171
22.00000 54.00000 197813.21439
22.00000 55.00000 197825.77481
22.00000 56.00000 197859.87116
22.00000 57.00000 197905.55032
22.00000 58.00000 197931.53010
22.00000 59.00000 197951.65848
22.00000 60.00000 197965.96403
22.00000 61.00000 197994.88814
22.00000 62.00000 197992.98131
22.00000 63.00000 197967.25563
22.00000 64.00000 197952.33195
22.00000 65.00000 197983.07659
22.00000 66.00000 197977.60477
22.00000 67.00000 197940.43260
22.00000 68.00000 197912.66604
22.00000 69.00000 197923.79223
22.00000 70.00000 197928.20689
23.00000 25.00000 197469.70708
23.00000 26.00000 197526.59900
23.00000 27.00000 197573.46095
23.00000 28.00000 197625.87065
23.00000 29.00000 197676.88986
23.00000 30.00000 197713.84692
23.00000 31.00000 197740.48940
23.00000 32.00000 197737.74581
23.00000 33.00000 197757.06800
23.00000 34.00000 197744.19462
23.00000 35.00000 197713.03809
23.00000 36.00000 197701.68610
23.00000 37.00000 197747.77566
23.00000 38.00000 197766.41971
23.00000 39.00000 197760.35720
23.00000 40.00000 197744.26805
23.00000 41.00000 197755.45869
23.00000 42.00000 197772.79212
23.00000 43.00000 197784.57426
23.00000 44.00000 197805.08324
23.00000 45.00000 197818.30880
23.00000 46.00000 197813.45380
23.00000 47.00000 197786.07917
23.00000 48.00000 197741.54733
23.00000 49.00000 197758.92776
23.00000 50.00000 197756.84252
23.00000 51.00000 197745.31001
23.00000 52.00000 197741.12053
23.00000 53.00000 197779.59890
23.00000 54.00000 197806.60370
23.00000 55.00000 197823.50302
23.00000 56.00000 197859.86936
23.00000 57.00000 197904.77699
23.00000 58.00000 197928.44285
23.00000 59.00000 197952.94369
23.00000 60.00000 197970.12315
23.00000 61.00000 197997.99071
23.00000 62.00000 197996.55650
23.00000 63.00000 197971.22996
23.00000 64.00000 197949.70078
23.00000 65.00000 197969.06758
23.00000 66.00000 197956.02864
23.00000 67.00000 197919.29064
23.00000 68.00000 197892.74678
23.00000 69.00000 197906.32377
23.00000 70.00000 197913.02197
24.00000 25.00000 197441.59581
24.00000 26.00000 197497.15460
24.00000 27.00000 197547.27943
24.00000 28.00000 197600.77978
24.00000 29.00000 197654.77574
24.00000 30.00000 197695.12964
24.00000 31.00000 197725.25454
24.00000 32.00000 197724.38962
24.00000 33.00000 197738.30223
24.00000 34.00000 197720.65468
24.00000 35.00000 197687.82956
24.00000 36.00000 197674.65256
24.00000 37.00000 197718.36777
24.00000 38.00000 197736.90820
24.00000 39.00000 197731.95796
24.00000 40.00000 197714.04328
24.00000 41.00000 197724.03057
24.00000 42.00000 197741.81350
24.00000 43.00000 197755.15857
24.00000 44.00000 197776.61970
24.00000 45.00000 197787.67839
24.00000 46.00000 197781.82626
24.00000 47.00000 197754.07435
24.00000 48.00000 197708.07188
24.00000 49.00000 197724.88075
24.00000 50.00000 197724.32941
24.00000 51.00000 197712.73526
24.00000 52.00000 197708.26372
24.00000 53.00000 197744.55819
24.00000 54.00000 197770.99588
24.00000 55.00000 197786.92617
24.00000 56.00000 197825.90626
24.00000 57.00000 197874.49364
24.00000 58.00000 197900.23893
24.00000 59.00000 197924.19136
24.00000 60.00000 197941.41220
24.00000 61.00000 197967.68593
24.00000 62.00000 197967.68827
24.00000 63.00000 197941.52827
24.00000 64.00000 197919.11190
24.00000 65.00000 197934.22342
24.00000 66.00000 197916.22955
24.00000 67.00000 197877.51097
24.00000 68.00000 197852.68047
24.00000 69.00000 197870.38672
24.00000 70.00000 197880.81502
25.00000 25.00000 197463.32500
25.00000 26.00000 197525.78356
25.00000 27.00000 197578.08056
25.00000 28.00000 197625.55724
25.00000 29.00000 197681.24902
25.00000 30.00000 197722.65092
25.00000 31.00000 197753.03744
25.00000 32.00000 197750.20696
25.00000 33.00000 197766.49194
25.00000 34.00000 197747.54827
25.00000 35.00000 197712.13709
25.00000 36.00000 197695.91635
25.00000 37.00000 197741.11680
25.00000 38.00000 197758.35616
25.00000 39.00000 197749.35301
25.00000 40.00000 197726.29643
25.00000 41.00000 197736.12949
25.00000 42.00000 197753.89640
25.00000 43.00000 197767.09274
25.00000 44.00000 197786.38804
25.00000 45.00000 197796.21956
25.00000 46.00000 197788.00641
25.00000 47.00000 197757.99268
25.00000 48.00000 197711.03220
25.00000 49.00000 197733.23014
25.00000 50.00000 197737.12456
25.00000 51.00000 197726.05164
25.00000 52.00000 197720.80810
25.00000 53.00000 197757.50860
25.00000 54.00000 197781.66872
25.00000 55.00000 197792.88986
25.00000 56.00000 197831.25441
25.00000 57.00000 197887.96706
25.00000 58.00000 197919.61956
25.00000 59.00000 197942.07004
25.00000 60.00000 197956.74767
25.00000 61.00000 197982.32784
25.00000 62.00000 197978.89231
25.00000 63.00000 197947.57923
25.00000 64.00000 197923.71707
25.00000 65.00000 197944.15056
25.00000 66.00000 197926.99445
25.00000 67.00000 197885.13967
25.00000 68.00000 197858.35403
25.00000 69.00000 197880.04586
25.00000 70.00000 197894.14356
26.00000 25.00000 197461.68465
26.00000 26.00000 197547.86097
26.00000 27.00000 197600.04392
26.00000 28.00000 197642.00769
26.00000 29.00000 197698.95054
26.00000 30.00000 197740.02308
26.00000 31.00000 197772.05214
26.00000 32.00000 197768.67432
26.00000 33.00000 197789.97371
26.00000 34.00000 197773.12285
26.00000 35.00000 197737.63025
26.00000 36.00000 197720.18527
26.00000 37.00000 197765.05932
26.00000 38.00000 197779.77429
26.00000 39.00000 197767.57439
26.00000 40.00000 197742.40562
26.00000 41.00000 197751.04945
26.00000 42.00000 197766.18775
26.00000 43.00000 197776.82386
26.00000 44.00000 197791.63300
26.00000 45.00000 197798.34771
26.00000 46.00000 197789.24328
26.00000 47.00000 197759.26723
26.00000 48.00000 197712.75417
26.00000 49.00000 197738.38314
26.00000 50.00000 197745.70648
26.00000 51.00000 197736.52689
26.00000 52.00000 197733.54970
26.00000 53.00000 197772.29887
26.00000 54.00000 197794.32309
26.00000 55.00000 197801.54559
26.00000 56.00000 197837.59450
26.00000 57.00000 197899.01943
26.00000 58.00000 197935.46997
26.00000 59.00000 197957.68908
26.00000 60.00000 197970.69095
26.00000 61.00000 197993.90859
26.00000 62.00000 197985.66601
26.00000 63.00000 197949.97151
26.00000 64.00000 197924.75297
26.00000 65.00000 197950.38962
26.00000 66.00000 197937.16192
26.00000 67.00000 197894.59266
26.00000 68.00000 197866.71954
26.00000 69.00000 197890.21569
26.00000 70.00000 197905.62368
27.00000 25.00000 197476.00841
27.00000 26.00000 197539.87656
27.00000 27.00000 197598.85848
27.00000 28.00000 197650.79270
27.00000 29.00000 197698.61871
27.00000 30.00000 197740.64457
27.00000 31.00000 197780.13963
27.00000 32.00000 197780.04002
27.00000 33.00000 197806.36603
27.00000 34.00000 197794.66945
27.00000 35.00000 197762.61788
27.00000 36.00000 197745.62180
27.00000 37.00000 197787.18205
27.00000 38.00000 197798.18649
27.00000 39.00000 197784.77573
27.00000 40.00000 197760.39884
27.00000 41.00000 197766.95954
27.00000 42.00000 197778.25084
27.00000 43.00000 197785.83567
27.00000 44.00000 197795.79341
27.00000 45.00000 197797.05800
27.00000 46.00000 197787.18757
27.00000 47.00000 197759.25157
27.00000 48.00000 197715.23510
27.00000 49.00000 197741.63554
27.00000 50.00000 197750.44729
27.00000 51.00000 197743.61466
27.00000 52.00000 197743.85835
27.00000 53.00000 197784.39365
27.00000 54.00000 197805.73109
27.00000 55.00000 197811.85314
27.00000 56.00000 197845.24152
27.00000 57.00000 197905.59431
27.00000 58.00000 197943.66451
27.00000 59.00000 197966.31876
27.00000 60.00000 197978.73140
27.00000 61.00000 197999.11131
27.00000 62.00000 197988.00382
27.00000 63.00000 197951.05588
27.00000 64.00000 197925.95127
27.00000 65.00000 197954.12918
27.00000 66.00000 197944.83082
27.00000 67.00000 197903.36824
27.00000 68.00000 197876.13809
27.00000 69.00000 197899.58490
27.00000 70.00000 197914.53183
28.00000 25.00000 197519.86665
28.00000 26.00000 197578.23433
28.00000 27.00000 197630.76846
28.00000 28.00000 197665.63066
28.00000 29.00000 197718.11556
28.00000 30.00000 197769.99994
28.00000 31.00000 197814.53699
28.00000 32.00000 197813.55023
28.00000 33.00000 197840.01091
28.00000 34.00000 197827.83454
28.00000 35.00000 197796.07180
28.00000 36.00000 197780.31055
28.00000 37.00000 197822.90359
28.00000 38.00000 197834.30666
28.00000 39.00000 197820.89971
28.00000 40.00000 197797.72426
28.00000 41.00000 197802.56960
28.00000 42.00000 197810.77995
28.00000 43.00000 197814.55272
28.00000 44.00000 197819.98096
28.00000 45.00000 197819.63627
28.00000 46.00000 197809.82283
28.00000 47.00000 197782.19298
28.00000 48.00000 197739.48866
28.00000 49.00000 197765.55127
28.00000 50.00000 197774.94401
28.00000 51.00000 197767.75809
28.00000 52.00000 197766.99138
28.00000 53.00000 197808.60169
28.00000 54.00000 197832.60781
28.00000 55.00000 197840.20547
28.00000 56.00000 197871.97485
28.00000 57.00000 197929.47357
28.00000 58.00000 197965.71288
28.00000 59.00000 197988.52740
28.00000 60.00000 198002.02004
28.00000 61.00000 198023.12790
28.00000 62.00000 198012.18205
28.00000 63.00000 197976.07621
28.00000 64.00000 197950.38705
28.00000 65.00000 197976.64065
28.00000 66.00000 197967.18551
28.00000 67.00000 197926.76858
28.00000 68.00000 197899.74447
28.00000 69.00000 197921.17592
28.00000 70.00000 197934.04215
29.00000 25.00000 197581.11371
29.00000 26.00000 197651.62754
29.00000 27.00000 197702.12472
29.00000 28.00000 197731.88171
29.00000 29.00000 197789.74761
29.00000 30.00000 197839.61954
29.00000 31.00000 197869.07881
29.00000 32.00000 197860.81809
29.00000 33.00000 197886.57819
29.00000 34.00000 197867.99993
29.00000 35.00000 197828.28460
29.00000 36.00000 197809.68899
29.00000 37.00000 197858.83945
29.00000 38.00000 197876.24474
29.00000 39.00000 197865.90263
29.00000 40.00000 197846.45451
29.00000 41.00000 197855.66261
29.00000 42.00000 197866.37883
29.00000 43.00000 197868.32582
29.00000 44.00000 197872.78597
29.00000 45.00000 197875.82943
29.00000 46.00000 197861.74909
29.00000 47.00000 197828.99208
29.00000 48.00000 197783.11342
29.00000 49.00000 197805.78153
29.00000 50.00000 197810.00765
29.00000 51.00000 197797.01518
29.00000 52.00000 197792.46855
29.00000 53.00000 197833.27504
29.00000 54.00000 197857.51061
29.00000 55.00000 197867.86846
29.00000 56.00000 197903.42557
29.00000 57.00000 197964.10234
29.00000 58.00000 198000.42148
29.00000 59.00000 198021.25275
29.00000 60.00000 198033.83707
29.00000 61.00000 198059.07273
29.00000 62.00000 198048.88731
29.00000 63.00000 198014.75783
29.00000 64.00000 197988.21317
29.00000 65.00000 198010.72089
29.00000 66.00000 197996.34013
29.00000 67.00000 197954.74523
29.00000 68.00000 197928.92969
29.00000 69.00000 197951.80662
29.00000 70.00000 197965.72578
30.00000 25.00000 197579.20994
30.00000 26.00000 197642.57902
30.00000 27.00000 197693.27406
30.00000 28.00000 197738.76687
30.00000 29.00000 197793.27810
30.00000 30.00000 197822.99802
30.00000 31.00000 197859.53663
30.00000 32.00000 197855.14274
30.00000 33.00000 197878.53813
30.00000 34.00000 197858.34251
30.00000 35.00000 197818.33442
30.00000 36.00000 197797.90241
30.00000 37.00000 197847.55446
30.00000 38.00000 197868.01880
30.00000 39.00000 197862.80896
30.00000 40.00000 197848.25109
30.00000 41.00000 197858.12157
30.00000 42.00000 197871.36208
30.00000 43.00000 197874.83018
30.00000 44.00000 197879.81317
30.00000 45.00000 197884.08839
30.00000 46.00000 197868.01955
30.00000 47.00000 197834.50948
30.00000 48.00000 197788.50154
30.00000 49.00000 197807.84907
30.00000 50.00000 197808.48305
30.00000 51.00000 197792.65680
30.00000 52.00000 197786.61318
30.00000 53.00000 197825.23876
30.00000 54.00000 197848.87997
30.00000 55.00000 197862.92455
30.00000 56.00000 197901.01962
30.00000 57.00000 197958.15685
30.00000 58.00000 197992.07674
30.00000 59.00000 198012.20522
30.00000 60.00000 198023.98762
30.00000 61.00000 198051.62840
30.00000 62.00000 198047.01912
30.00000 63.00000 198017.39598
30.00000 64.00000 197990.69977
30.00000 65.00000 198008.58873
30.00000 66.00000 197991.55667
30.00000 67.00000 197952.35009
30.00000 68.00000 197929.83217
30.00000 69.00000 197952.86833
30.00000 70.00000 197968.80418
31.00000 25.00000 197560.74685
31.00000 26.00000 197612.50500
31.00000 27.00000 197659.54846
31.00000 28.00000 197716.26594
31.00000 29.00000 197769.48340
31.00000 30.00000 197800.28032
31.00000 31.00000 197824.05448
31.00000 32.00000 197833.95700
31.00000 33.00000 197853.98320
31.00000 34.00000 197838.34296
31.00000 35.00000 197806.57346
31.00000 36.00000 197785.56727
31.00000 37.00000 197827.47027
31.00000 38.00000 197845.30576
31.00000 39.00000 197844.08716
31.00000 40.00000 197833.67733
31.00000 41.00000 197841.15398
31.00000 42.00000 197855.69040
31.00000 43.00000 197862.28206
31.00000 44.00000 197867.76248
31.00000 45.00000 197869.44870
31.00000 46.00000 197853.15869
31.00000 47.00000 197822.41131
31.00000 48.00000 197778.37021
31.00000 49.00000 197795.00170
31.00000 50.00000 197795.42983
31.00000 51.00000 197780.30160
31.00000 52.00000 197774.73285
31.00000 53.00000 197811.25227
31.00000 54.00000 197835.02743
31.00000 55.00000 197852.82236
31.00000 56.00000 197890.60915
31.00000 57.00000 197939.52960
31.00000 58.00000 197968.11195
31.00000 59.00000 197988.45328
31.00000 60.00000 198000.47237
31.00000 61.00000 198027.29206
31.00000 62.00000 198028.45662
31.00000 63.00000 198002.57128
31.00000 64.00000 197974.29775
31.00000 65.00000 197986.92832
31.00000 66.00000 197970.71685
31.00000 67.00000 197937.41213
31.00000 68.00000 197919.84041
31.00000 69.00000 197942.41817
31.00000 70.00000 197959.80139
32.00000 25.00000 197548.86358
32.00000 26.00000 197598.59666
32.00000 27.00000 197645.37850
32.00000 28.00000 197699.43608
32.00000 29.00000 197750.35498
32.00000 30.00000 197782.82021
32.00000 31.00000 197806.93022
32.00000 32.00000 197808.85395
32.00000 33.00000 197828.87068
32.00000 34.00000 197816.02743
32.00000 35.00000 197791.71059
32.00000 36.00000 197774.93963
32.00000 37.00000 197815.06786
32.00000 38.00000 197830.40890
32.00000 39.00000 197828.53325
32.00000 40.00000 197817.73344
32.00000 41.00000 197822.49049
32.00000 42.00000 197835.20630
32.00000 43.00000 197842.91032
32.00000 44.00000 197851.03617
32.00000 45.00000 197851.99673
32.00000 46.00000 197837.43861
32.00000 47.00000 197808.84238
32.00000 48.00000 197765.75334
32.00000 49.00000 197782.76034
32.00000 50.00000 197786.54333
32.00000 51.00000 197773.21392
32.00000 52.00000 197769.29204
32.00000 53.00000 197805.85234
32.00000 54.00000 197828.97385
32.00000 55.00000 197845.29587
32.00000 56.00000 197880.80102
32.00000 57.00000 197924.37784
32.00000 58.00000 197947.65317
32.00000 59.00000 197962.73903
32.00000 60.00000 197972.82930
32.00000 61.00000 197996.55529
32.00000 62.00000 197997.43088
32.00000 63.00000 197972.48528
32.00000 64.00000 197949.06519
32.00000 65.00000 197962.81210
32.00000 66.00000 197947.68562
32.00000 67.00000 197914.23165
32.00000 68.00000 197899.68907
32.00000 69.00000 197923.02369
32.00000 70.00000 197940.89355
33.00000 25.00000 197581.34695
33.00000 26.00000 197638.01750
33.00000 27.00000 197690.48810
33.00000 28.00000 197743.90429
33.00000 29.00000 197793.97004
33.00000 30.00000 197827.91654
33.00000 31.00000 197853.96505
33.00000 32.00000 197839.95403
33.00000 33.00000 197883.23778
33.00000 34.00000 197859.03675
33.00000 35.00000 197827.65029
33.00000 36.00000 197811.33112
33.00000 37.00000 197858.66315
33.00000 38.00000 197873.55095
33.00000 39.00000 197868.14820
33.00000 40.00000 197854.18778
33.00000 41.00000 197859.53985
33.00000 42.00000 197868.72919
33.00000 43.00000 197872.65148
33.00000 44.00000 197878.36694
33.00000 45.00000 197879.69049
33.00000 46.00000 197866.36302
33.00000 47.00000 197836.91174
33.00000 48.00000 197792.48263
33.00000 49.00000 197810.95821
33.00000 50.00000 197817.46063
33.00000 51.00000 197806.80928
33.00000 52.00000 197806.57036
33.00000 53.00000 197851.85284
33.00000 54.00000 197878.82954
33.00000 55.00000 197895.16251
33.00000 56.00000 197925.83156
33.00000 57.00000 197965.91886
33.00000 58.00000 197984.31812
33.00000 59.00000 197995.01535
33.00000 60.00000 198003.10174
33.00000 61.00000 198027.81047
33.00000 62.00000 198026.63418
33.00000 63.00000 197996.47900
33.00000 64.00000 197970.81745
33.00000 65.00000 197989.73093
33.00000 66.00000 197979.11027
33.00000 67.00000 197946.76984
33.00000 68.00000 197934.31244
33.00000 69.00000 197960.00217
33.00000 70.00000 197977.38833
34.00000 25.00000 197582.99353
34.00000 26.00000 197640.92299
34.00000 27.00000 197695.54092
34.00000 28.00000 197748.13131
34.00000 29.00000 197793.80444
34.00000 30.00000 197825.23237
34.00000 31.00000 197853.49594
34.00000 32.00000 197838.19100
34.00000 33.00000 197873.49758
34.00000 34.00000 197871.34654
34.00000 35.00000 197830.38673
34.00000 36.00000 197817.14938
34.00000 37.00000 197873.70438
34.00000 38.00000 197889.58942
34.00000 39.00000 197881.01735
34.00000 40.00000 197863.70102
34.00000 41.00000 197869.64248
34.00000 42.00000 197875.95655
34.00000 43.00000 197875.63544
34.00000 44.00000 197877.76055
34.00000 45.00000 197876.92748
34.00000 46.00000 197863.84878
34.00000 47.00000 197834.65365
34.00000 48.00000 197789.87368
34.00000 49.00000 197808.70138
34.00000 50.00000 197817.21461
34.00000 51.00000 197810.48845
34.00000 52.00000 197812.76597
34.00000 53.00000 197861.33173
34.00000 54.00000 197890.02362
34.00000 55.00000 197908.10089
34.00000 56.00000 197937.12549
34.00000 57.00000 197975.16375
34.00000 58.00000 197991.91678
34.00000 59.00000 198000.17214
34.00000 60.00000 198006.66189
34.00000 61.00000 198030.66981
34.00000 62.00000 198026.98696
34.00000 63.00000 197994.17779
34.00000 64.00000 197967.40002
34.00000 65.00000 197990.09735
34.00000 66.00000 197984.59028
34.00000 67.00000 197953.96451
34.00000 68.00000 197942.63027
34.00000 69.00000 197969.21309
34.00000 70.00000 197985.46795
35.00000 25.00000 197577.36629
35.00000 26.00000 197632.63792
35.00000 27.00000 197685.83486
35.00000 28.00000 197736.96860
35.00000 29.00000 197778.13793
35.00000 30.00000 197808.63581
35.00000 31.00000 197839.71288
35.00000 32.00000 197828.99538
35.00000 33.00000 197856.14535
35.00000 34.00000 197844.64311
35.00000 35.00000 197826.01575
35.00000 36.00000 197814.45952
35.00000 37.00000 197871.04535
35.00000 38.00000 197891.44817
35.00000 39.00000 197883.57547
35.00000 40.00000 197863.76721
35.00000 41.00000 197869.55344
35.00000 42.00000 197874.66344
35.00000 43.00000 197871.30696
35.00000 44.00000 197870.00341
35.00000 45.00000 197865.86955
35.00000 46.00000 197851.24562
35.00000 47.00000 197821.81848
35.00000 48.00000 197777.29273
35.00000 49.00000 197795.29043
35.00000 50.00000 197803.47389
35.00000 51.00000 197798.37261
35.00000 52.00000 197800.43891
35.00000 53.00000 197845.94981
35.00000 54.00000 197873.23853
35.00000 55.00000 197893.83186
35.00000 56.00000 197924.55967
35.00000 57.00000 197962.97841
35.00000 58.00000 197982.12344
35.00000 59.00000 197990.51984
35.00000 60.00000 197996.19523
35.00000 61.00000 198018.19125
35.00000 62.00000 198013.51575
35.00000 63.00000 197981.60442
35.00000 64.00000 197955.28768
35.00000 65.00000 197978.21728
35.00000 66.00000 197975.01763
35.00000 67.00000 197945.99341
35.00000 68.00000 197934.80954
35.00000 69.00000 197960.51696
35.00000 70.00000 197975.54684
36.00000 25.00000 197578.87103
36.00000 26.00000 197635.20557
36.00000 27.00000 197688.12613
36.00000 28.00000 197734.70332
36.00000 29.00000 197773.79923
36.00000 30.00000 197803.27121
36.00000 31.00000 197833.68182
36.00000 32.00000 197823.21914
36.00000 33.00000 197841.72204
36.00000 34.00000 197822.85735
36.00000 35.00000 197799.37654
36.00000 36.00000 197791.29958
36.00000 37.00000 197857.98188
36.00000 38.00000 197887.22684
36.00000 39.00000 197883.57446
36.00000 40.00000 197862.71836
36.00000 41.00000 197871.07016
36.00000 42.00000 197877.22675
36.00000 43.00000 197873.80003
36.00000 44.00000 197870.95133
36.00000 45.00000 197864.60438
36.00000 46.00000 197848.35293
36.00000 47.00000 197818.10159
36.00000 48.00000 197771.41214
36.00000 49.00000 197787.96995
36.00000 50.00000 197794.78291
36.00000 51.00000 197786.65754
36.00000 52.00000 197785.94258
36.00000 53.00000 197829.39954
36.00000 54.00000 197856.04019
36.00000 55.00000 197875.43508
36.00000 56.00000 197908.29983
36.00000 57.00000 197950.41660
36.00000 58.00000 197973.05808
36.00000 59.00000 197983.39599
36.00000 60.00000 197990.22646
36.00000 61.00000 198011.43863
36.00000 62.00000 198006.30540
36.00000 63.00000 197975.06186
36.00000 64.00000 197950.53169
36.00000 65.00000 197972.68154
36.00000 66.00000 197967.53144
36.00000 67.00000 197935.96086
36.00000 68.00000 197923.27042
36.00000 69.00000 197948.57745
36.00000 70.00000 197962.59469
37.00000 25.00000 197589.46199
37.00000 26.00000 197653.00483
37.00000 27.00000 197708.73708
37.00000 28.00000 197753.49556
37.00000 29.00000 197795.57977
37.00000 30.00000 197823.76576
37.00000 31.00000 197847.91953
37.00000 32.00000 197838.65109
37.00000 33.00000 197860.23334
37.00000 34.00000 197846.88398
37.00000 35.00000 197820.61674
37.00000 36.00000 197797.45904
37.00000 37.00000 197875.53673
37.00000 38.00000 197905.63555
37.00000 39.00000 197892.80742
37.00000 40.00000 197867.07090
37.00000 41.00000 197884.69007
37.00000 42.00000 197891.72476
37.00000 43.00000 197887.05546
37.00000 44.00000 197881.98729
37.00000 45.00000 197876.08456
37.00000 46.00000 197860.08881
37.00000 47.00000 197829.37297
37.00000 48.00000 197782.76951
37.00000 49.00000 197801.57993
37.00000 50.00000 197806.77881
37.00000 51.00000 197794.60894
37.00000 52.00000 197791.86924
37.00000 53.00000 197841.42211
37.00000 54.00000 197872.66976
37.00000 55.00000 197891.19150
37.00000 56.00000 197923.05223
37.00000 57.00000 197967.77965
37.00000 58.00000 197989.27065
37.00000 59.00000 197998.88926
37.00000 60.00000 198004.96328
37.00000 61.00000 198028.32064
37.00000 62.00000 198020.81360
37.00000 63.00000 197988.71989
37.00000 64.00000 197964.08912
37.00000 65.00000 197988.59742
37.00000 66.00000 197981.62424
37.00000 67.00000 197946.74109
37.00000 68.00000 197931.86213
37.00000 69.00000 197959.04305
37.00000 70.00000 197973.02589
38.00000 25.00000 197568.57454
38.00000 26.00000 197632.72731
38.00000 27.00000 197690.30959
38.00000 28.00000 197735.53089
38.00000 29.00000 197779.11686
38.00000 30.00000 197806.96060
38.00000 31.00000 197828.82303
38.00000 32.00000 197821.86979
38.00000 33.00000 197845.31992
38.00000 34.00000 197837.89676
38.00000 35.00000 197814.65645
38.00000 36.00000 197792.12570
38.00000 37.00000 197848.35402
38.00000 38.00000 197878.21559
38.00000 39.00000 197870.18712
38.00000 40.00000 197843.43676
38.00000 41.00000 197856.63059
38.00000 42.00000 197860.57643
38.00000 43.00000 197858.18172
38.00000 44.00000 197852.23598
38.00000 45.00000 197847.96357
38.00000 46.00000 197837.89736
38.00000 47.00000 197810.75910
38.00000 48.00000 197764.78613
38.00000 49.00000 197782.05516
38.00000 50.00000 197785.46318
38.00000 51.00000 197772.05387
38.00000 52.00000 197769.05278
38.00000 53.00000 197822.00221
38.00000 54.00000 197860.39592
38.00000 55.00000 197880.77931
38.00000 56.00000 197911.72949
38.00000 57.00000 197956.90119
38.00000 58.00000 197977.02747
38.00000 59.00000 197987.43454
38.00000 60.00000 197993.11597
38.00000 61.00000 198016.78298
38.00000 62.00000 198007.75415
38.00000 63.00000 197974.87405
38.00000 64.00000 197948.73106
38.00000 65.00000 197973.04804
38.00000 66.00000 197965.33358
38.00000 67.00000 197928.41833
38.00000 68.00000 197911.41866
38.00000 69.00000 197940.00262
38.00000 70.00000 197955.77865
39.00000 25.00000 197535.09441
39.00000 26.00000 197595.72441
39.00000 27.00000 197654.29806
39.00000 28.00000 197701.24732
39.00000 29.00000 197744.46072
39.00000 30.00000 197773.31223
39.00000 31.00000 197797.41682
39.00000 32.00000 197793.66042
39.00000 33.00000 197817.88842
39.00000 34.00000 197815.46188
39.00000 35.00000 197796.78915
39.00000 36.00000 197776.59669
39.00000 37.00000 197823.62283
39.00000 38.00000 197838.48147
39.00000 39.00000 197826.64776
39.00000 40.00000 197804.62055
39.00000 41.00000 197807.72427
39.00000 42.00000 197801.63975
39.00000 43.00000 197802.95824
39.00000 44.00000 197800.94772
39.00000 45.00000 197800.04575
39.00000 46.00000 197798.21526
39.00000 47.00000 197777.03220
39.00000 48.00000 197733.64983
39.00000 49.00000 197750.38767
39.00000 50.00000 197754.27132
39.00000 51.00000 197742.72540
39.00000 52.00000 197741.29499
39.00000 53.00000 197793.38238
39.00000 54.00000 197834.70254
39.00000 55.00000 197856.73539
39.00000 56.00000 197887.46617
39.00000 57.00000 197930.68608
39.00000 58.00000 197950.06812
39.00000 59.00000 197961.90840
39.00000 60.00000 197967.78565
39.00000 61.00000 197990.11519
39.00000 62.00000 197980.69270
39.00000 63.00000 197947.90181
39.00000 64.00000 197921.51697
39.00000 65.00000 197945.08474
39.00000 66.00000 197937.88302
39.00000 67.00000 197901.30391
39.00000 68.00000 197883.63698
39.00000 69.00000 197912.05090
39.00000 70.00000 197928.20577
40.00000 25.00000 197513.61357
40.00000 26.00000 197572.06951
40.00000 27.00000 197630.29339
40.00000 28.00000 197677.60289
40.00000 29.00000 197723.46154
40.00000 30.00000 197756.37075
40.00000 31.00000 197784.01292
40.00000 32.00000 197779.21723
40.00000 33.00000 197800.83780
40.00000 34.00000 197797.14425
40.00000 35.00000 197778.77213
40.00000 36.00000 197762.63383
40.00000 37.00000 197806.68999
40.00000 38.00000 197814.32084
40.00000 39.00000 197788.45982
40.00000 40.00000 197751.73748
40.00000 41.00000 197761.02548
40.00000 42.00000 197765.78487
40.00000 43.00000 197767.99049
40.00000 44.00000 197760.64169
40.00000 45.00000 197761.55790
40.00000 46.00000 197766.69468
40.00000 47.00000 197750.06185
40.00000 48.00000 197711.32760
40.00000 49.00000 197732.44644
40.00000 50.00000 197738.47155
40.00000 51.00000 197727.81176
40.00000 52.00000 197725.87634
40.00000 53.00000 197775.48204
40.00000 54.00000 197815.19138
40.00000 55.00000 197835.65517
40.00000 56.00000 197866.91212
40.00000 57.00000 197910.72226
40.00000 58.00000 197927.94458
40.00000 59.00000 197938.83126
40.00000 60.00000 197946.64021
40.00000 61.00000 197970.42732
40.00000 62.00000 197961.78602
40.00000 63.00000 197928.51235
40.00000 64.00000 197903.28432
40.00000 65.00000 197926.26819
40.00000 66.00000 197917.86689
40.00000 67.00000 197880.47832
40.00000 68.00000 197862.08562
40.00000 69.00000 197891.14011
40.00000 70.00000 197907.28861
41.00000 25.00000 197534.47738
41.00000 26.00000 197597.39333
41.00000 27.00000 197654.09817
41.00000 28.00000 197698.20957
41.00000 29.00000 197745.48297
41.00000 30.00000 197778.36962
41.00000 31.00000 197804.43042
41.00000 32.00000 197796.80664
41.00000 33.00000 197815.73224
41.00000 34.00000 197807.03408
41.00000 35.00000 197784.08136
41.00000 36.00000 197770.30175
41.00000 37.00000 197821.64037
41.00000 38.00000 197839.80053
41.00000 39.00000 197816.47800
41.00000 40.00000 197776.90968
41.00000 41.00000 197805.98291
41.00000 42.00000 197810.37476
41.00000 43.00000 197805.71079
41.00000 44.00000 197797.53397
41.00000 45.00000 197798.28515
41.00000 46.00000 197795.04022
41.00000 47.00000 197772.43655
41.00000 48.00000 197733.17162
41.00000 49.00000 197756.87197
41.00000 50.00000 197761.41017
41.00000 51.00000 197749.61864
41.00000 52.00000 197746.11460
41.00000 53.00000 197792.41333
41.00000 54.00000 197823.63213
41.00000 55.00000 197838.94481
41.00000 56.00000 197870.40669
41.00000 57.00000 197923.70251
41.00000 58.00000 197944.18999
41.00000 59.00000 197953.17396
41.00000 60.00000 197958.25597
41.00000 61.00000 197981.32443
41.00000 62.00000 197970.63345
41.00000 63.00000 197936.89764
41.00000 64.00000 197913.28094
41.00000 65.00000 197938.47684
41.00000 66.00000 197928.77581
41.00000 67.00000 197889.28713
41.00000 68.00000 197868.13958
41.00000 69.00000 197899.01952
41.00000 70.00000 197915.60660
42.00000 25.00000 197559.26562
42.00000 26.00000 197623.52837
42.00000 27.00000 197677.59903
42.00000 28.00000 197721.24928
42.00000 29.00000 197766.60576
42.00000 30.00000 197797.57843
42.00000 31.00000 197823.53910
42.00000 32.00000 197815.30351
42.00000 33.00000 197831.32682
42.00000 34.00000 197817.25429
42.00000 35.00000 197790.23638
42.00000 36.00000 197777.12097
42.00000 37.00000 197825.23959
42.00000 38.00000 197843.58014
42.00000 39.00000 197830.53559
42.00000 40.00000 197799.69691
42.00000 41.00000 197822.04968
42.00000 42.00000 197837.46719
42.00000 43.00000 197832.10398
42.00000 44.00000 197834.58327
42.00000 45.00000 197841.90435
42.00000 46.00000 197828.78396
42.00000 47.00000 197798.26436
42.00000 48.00000 197757.13560
42.00000 49.00000 197780.64284
42.00000 50.00000 197781.86585
42.00000 51.00000 197768.60431
42.00000 52.00000 197763.77830
42.00000 53.00000 197804.92038
42.00000 54.00000 197827.23797
42.00000 55.00000 197837.42676
42.00000 56.00000 197868.02248
42.00000 57.00000 197922.90756
42.00000 58.00000 197947.54869
42.00000 59.00000 197956.37571
42.00000 60.00000 197959.87078
42.00000 61.00000 197984.19920
42.00000 62.00000 197975.82444
42.00000 63.00000 197943.72685
42.00000 64.00000 197921.69133
42.00000 65.00000 197947.25040
42.00000 66.00000 197936.07039
42.00000 67.00000 197895.14355
42.00000 68.00000 197872.44746
42.00000 69.00000 197903.13478
42.00000 70.00000 197921.10432
43.00000 25.00000 197563.55212
43.00000 26.00000 197624.04997
43.00000 27.00000 197674.58720
43.00000 28.00000 197719.07559
43.00000 29.00000 197762.88438
43.00000 30.00000 197792.72342
43.00000 31.00000 197819.25550
43.00000 32.00000 197811.77252
43.00000 33.00000 197825.02761
43.00000 34.00000 197807.09745
43.00000 35.00000 197777.62458
43.00000 36.00000 197763.72132
43.00000 37.00000 197805.38050
43.00000 38.00000 197817.54697
43.00000 39.00000 197807.78467
43.00000 40.00000 197787.76143
43.00000 41.00000 197805.55402
43.00000 42.00000 197828.46366
43.00000 43.00000 197836.07766
43.00000 44.00000 197843.11465
43.00000 45.00000 197857.46443
43.00000 46.00000 197843.07224
43.00000 47.00000 197807.73108
43.00000 48.00000 197763.10225
43.00000 49.00000 197783.73559
43.00000 50.00000 197781.29802
43.00000 51.00000 197764.93952
43.00000 52.00000 197757.21227
43.00000 53.00000 197792.01728
43.00000 54.00000 197807.51081
43.00000 55.00000 197813.47646
43.00000 56.00000 197842.35430
43.00000 57.00000 197893.65249
43.00000 58.00000 197919.31491
43.00000 59.00000 197929.95968
43.00000 60.00000 197935.28013
43.00000 61.00000 197960.36692
43.00000 62.00000 197955.79382
43.00000 63.00000 197926.59120
43.00000 64.00000 197907.00513
43.00000 65.00000 197932.63392
43.00000 66.00000 197921.29182
43.00000 67.00000 197880.19500
43.00000 68.00000 197856.90556
43.00000 69.00000 197885.19460
43.00000 70.00000 197903.27183
44.00000 25.00000 197533.97842
44.00000 26.00000 197595.16930
44.00000 27.00000 197644.00380
44.00000 28.00000 197684.75970
44.00000 29.00000 197727.16950
44.00000 30.00000 197754.89554
44.00000 31.00000 197779.61818
44.00000 32.00000 197773.61529
44.00000 33.00000 197785.76155
44.00000 34.00000 197764.65918
44.00000 35.00000 197732.48609
44.00000 36.00000 197716.90535
44.00000 37.00000 197758.19581
44.00000 38.00000 197772.61094
44.00000 39.00000 197764.69465
44.00000 40.00000 197746.59949
44.00000 41.00000 197762.82515
44.00000 42.00000 197785.73718
44.00000 43.00000 197797.96504
44.00000 44.00000 197805.52108
44.00000 45.00000 197835.06480
44.00000 46.00000 197829.11943
44.00000 47.00000 197794.50127
44.00000 48.00000 197746.43372
44.00000 49.00000 197761.98264
44.00000 50.00000 197755.81282
44.00000 51.00000 197735.68402
44.00000 52.00000 197724.38486
44.00000 53.00000 197755.12966
44.00000 54.00000 197766.14857
44.00000 55.00000 197768.76899
44.00000 56.00000 197797.74501
44.00000 57.00000 197850.22587
44.00000 58.00000 197878.41540
44.00000 59.00000 197886.89434
44.00000 60.00000 197890.93062
44.00000 61.00000 197910.94539
44.00000 62.00000 197905.45758
44.00000 63.00000 197878.83625
44.00000 64.00000 197865.32847
44.00000 65.00000 197895.57193
44.00000 66.00000 197886.40913
44.00000 67.00000 197846.21758
44.00000 68.00000 197823.60431
44.00000 69.00000 197847.92834
44.00000 70.00000 197863.49495
45.00000 25.00000 197533.01760
45.00000 26.00000 197601.07840
45.00000 27.00000 197651.73724
45.00000 28.00000 197690.81831
45.00000 29.00000 197733.91495
45.00000 30.00000 197756.82216
45.00000 31.00000 197773.97189
45.00000 32.00000 197765.69258
45.00000 33.00000 197781.97230
45.00000 34.00000 197761.45331
45.00000 35.00000 197726.20587
45.00000 36.00000 197709.72637
45.00000 37.00000 197755.92652
45.00000 38.00000 197775.85301
45.00000 39.00000 197770.63077
45.00000 40.00000 197759.12087
45.00000 41.00000 197784.41241
45.00000 42.00000 197809.96212
45.00000 43.00000 197817.03645
45.00000 44.00000 197819.14454
45.00000 45.00000 197849.53271
45.00000 46.00000 197842.82082
45.00000 47.00000 197802.51533
45.00000 48.00000 197751.12307
45.00000 49.00000 197765.77170
45.00000 50.00000 197757.26690
45.00000 51.00000 197733.24406
45.00000 52.00000 197719.88722
45.00000 53.00000 197751.90234
45.00000 54.00000 197763.44162
45.00000 55.00000 197767.37504
45.00000 56.00000 197796.35673
45.00000 57.00000 197851.17904
45.00000 58.00000 197881.64827
45.00000 59.00000 197890.07036
45.00000 60.00000 197894.20530
45.00000 61.00000 197913.43637
45.00000 62.00000 197904.39112
45.00000 63.00000 197876.12309
45.00000 64.00000 197861.36134
45.00000 65.00000 197895.37959
45.00000 66.00000 197888.40207
45.00000 67.00000 197851.08683
45.00000 68.00000 197830.95764
45.00000 69.00000 197852.60839
45.00000 70.00000 197865.21167
46.00000 25.00000 197511.43339
46.00000 26.00000 197580.23268
46.00000 27.00000 197632.23590
46.00000 28.00000 197672.40302
46.00000 29.00000 197715.44982
46.00000 30.00000 197736.39008
46.00000 31.00000 197750.64999
46.00000 32.00000 197741.84601
46.00000 33.00000 197764.29561
46.00000 34.00000 197748.29409
46.00000 35.00000 197712.67639
46.00000 36.00000 197696.24176
46.00000 37.00000 197744.40122
46.00000 38.00000 197766.15743
46.00000 39.00000 197762.31066
46.00000 40.00000 197754.43481
46.00000 41.00000 197782.00634
46.00000 42.00000 197809.47771
46.00000 43.00000 197815.72029
46.00000 44.00000 197813.01881
46.00000 45.00000 197825.77414
46.00000 46.00000 197815.07640
46.00000 47.00000 197785.30894
46.00000 48.00000 197735.52325
46.00000 49.00000 197749.27779
46.00000 50.00000 197743.86160
46.00000 51.00000 197718.86383
46.00000 52.00000 197704.20836
46.00000 53.00000 197736.05309
46.00000 54.00000 197747.06554
46.00000 55.00000 197753.48248
46.00000 56.00000 197782.82731
46.00000 57.00000 197835.40872
46.00000 58.00000 197865.36340
46.00000 59.00000 197874.73231
46.00000 60.00000 197881.02442
46.00000 61.00000 197902.55052
46.00000 62.00000 197892.42594
46.00000 63.00000 197861.89277
46.00000 64.00000 197843.52560
46.00000 65.00000 197879.12194
46.00000 66.00000 197875.83712
46.00000 67.00000 197843.80275
46.00000 68.00000 197827.52062
46.00000 69.00000 197847.39580
46.00000 70.00000 197857.19372
47.00000 25.00000 197509.57059
47.00000 26.00000 197573.81447
47.00000 27.00000 197624.43029
47.00000 28.00000 197665.63012
47.00000 29.00000 197707.03811
47.00000 30.00000 197727.82992
47.00000 31.00000 197743.17259
47.00000 32.00000 197734.52123
47.00000 33.00000 197759.36875
47.00000 34.00000 197747.21351
47.00000 35.00000 197713.71812
47.00000 36.00000 197697.02526
47.00000 37.00000 197744.71060
47.00000 38.00000 197767.17298
47.00000 39.00000 197764.39999
47.00000 40.00000 197754.87389
47.00000 41.00000 197779.08048
47.00000 42.00000 197805.43044
47.00000 43.00000 197814.31119
47.00000 44.00000 197811.30535
47.00000 45.00000 197812.41079
47.00000 46.00000 197789.44252
47.00000 47.00000 197753.03588
47.00000 48.00000 197711.88558
47.00000 49.00000 197732.18233
47.00000 50.00000 197736.43348
47.00000 51.00000 197716.31284
47.00000 52.00000 197702.82060
47.00000 53.00000 197735.86705
47.00000 54.00000 197748.50181
47.00000 55.00000 197756.11781
47.00000 56.00000 197783.73394
47.00000 57.00000 197829.81893
47.00000 58.00000 197854.74159
47.00000 59.00000 197863.14152
47.00000 60.00000 197870.75641
47.00000 61.00000 197895.42496
47.00000 62.00000 197889.33611
47.00000 63.00000 197859.34123
47.00000 64.00000 197839.49585
47.00000 65.00000 197874.02438
47.00000 66.00000 197872.92084
47.00000 67.00000 197843.96214
47.00000 68.00000 197830.50770
47.00000 69.00000 197850.75442
47.00000 70.00000 197860.07628
48.00000 25.00000 197506.05697
48.00000 26.00000 197565.27778
48.00000 27.00000 197613.20770
48.00000 28.00000 197655.62930
48.00000 29.00000 197697.38297
48.00000 30.00000 197719.37169
48.00000 31.00000 197735.87748
48.00000 32.00000 197725.50162
48.00000 33.00000 197748.50498
48.00000 34.00000 197737.41428
48.00000 35.00000 197705.90242
48.00000 36.00000 197689.27226
48.00000 37.00000 197736.82256
48.00000 38.00000 197760.08766
48.00000 39.00000 197758.09989
48.00000 40.00000 197744.38180
48.00000 41.00000 197763.47334
48.00000 42.00000 197786.02883
48.00000 43.00000 197796.58701
48.00000 44.00000 197797.90510
48.00000 45.00000 197794.83010
48.00000 46.00000 197767.57551
48.00000 47.00000 197724.76800
48.00000 48.00000 197660.57522
48.00000 49.00000 197699.70835
48.00000 50.00000 197721.17661
48.00000 51.00000 197707.43188
48.00000 52.00000 197699.09492
48.00000 53.00000 197735.25106
48.00000 54.00000 197750.02408
48.00000 55.00000 197756.89875
48.00000 56.00000 197779.68286
48.00000 57.00000 197818.43565
48.00000 58.00000 197838.14364
48.00000 59.00000 197844.91120
48.00000 60.00000 197853.18954
48.00000 61.00000 197882.20449
48.00000 62.00000 197881.55809
48.00000 63.00000 197854.67541
48.00000 64.00000 197835.91382
48.00000 65.00000 197868.52702
48.00000 66.00000 197867.23045
48.00000 67.00000 197837.98799
48.00000 68.00000 197824.85747
48.00000 69.00000 197846.79551
48.00000 70.00000 197858.20269
49.00000 25.00000 197521.26303
49.00000 26.00000 197578.56754
49.00000 27.00000 197625.74960
49.00000 28.00000 197671.32131
49.00000 29.00000 197714.32234
49.00000 30.00000 197737.16350
49.00000 31.00000 197753.01789
49.00000 32.00000 197739.13859
49.00000 33.00000 197760.16580
49.00000 34.00000 197749.06220
49.00000 35.00000 197718.40379
49.00000 36.00000 197702.09201
49.00000 37.00000 197751.80669
49.00000 38.00000 197775.63222
49.00000 39.00000 197773.49031
49.00000 40.00000 197759.15352
49.00000 41.00000 197776.01901
49.00000 42.00000 197794.04895
49.00000 43.00000 197802.88661
49.00000 44.00000 197807.50238
49.00000 45.00000 197811.53826
49.00000 46.00000 197791.19360
49.00000 47.00000 197750.28909
49.00000 48.00000 197687.42152
49.00000 49.00000 197713.13941
49.00000 50.00000 197733.05639
49.00000 51.00000 197719.37261
49.00000 52.00000 197715.48435
49.00000 53.00000 197760.63071
49.00000 54.00000 197779.04168
49.00000 55.00000 197785.33180
49.00000 56.00000 197803.22040
49.00000 57.00000 197835.23097
49.00000 58.00000 197850.56218
49.00000 59.00000 197856.09055
49.00000 60.00000 197863.13656
49.00000 61.00000 197894.49167
49.00000 62.00000 197896.42442
49.00000 63.00000 197872.89202
49.00000 64.00000 197855.58142
49.00000 65.00000 197888.76803
49.00000 66.00000 197888.21769
49.00000 67.00000 197858.36299
49.00000 68.00000 197842.64268
49.00000 69.00000 197864.31084
49.00000 70.00000 197876.55775
50.00000 25.00000 197516.36086
50.00000 26.00000 197568.27570
50.00000 27.00000 197616.26219
50.00000 28.00000 197666.29389
50.00000 29.00000 197707.44517
50.00000 30.00000 197731.11078
50.00000 31.00000 197750.82139
50.00000 32.00000 197739.41933
50.00000 33.00000 197758.42516
50.00000 34.00000 197749.10914
50.00000 35.00000 197723.55890
50.00000 36.00000 197708.02921
50.00000 37.00000 197753.80613
50.00000 38.00000 197773.92116
50.00000 39.00000 197770.95385
50.00000 40.00000 197757.40759
50.00000 41.00000 197772.03074
50.00000 42.00000 197786.49485
50.00000 43.00000 197793.53928
50.00000 44.00000 197797.46303
50.00000 45.00000 197800.91148
50.00000 46.00000 197787.82447
50.00000 47.00000 197754.52320
50.00000 48.00000 197698.21643
50.00000 49.00000 197712.59282
50.00000 50.00000 197718.52769
50.00000 51.00000 197712.92928
50.00000 52.00000 197715.42292
50.00000 53.00000 197764.31886
50.00000 54.00000 197787.37562
50.00000 55.00000 197794.71161
50.00000 56.00000 197809.00335
50.00000 57.00000 197835.24288
50.00000 58.00000 197847.54471
50.00000 59.00000 197853.83370
50.00000 60.00000 197860.74646
50.00000 61.00000 197891.95204
50.00000 62.00000 197895.72357
50.00000 63.00000 197875.43142
50.00000 64.00000 197858.96881
50.00000 65.00000 197890.42168
50.00000 66.00000 197892.03072
50.00000 67.00000 197863.13700
50.00000 68.00000 197845.27772
50.00000 69.00000 197865.76253
50.00000 70.00000 197877.69207
51.00000 25.00000 197500.17951
51.00000 26.00000 197548.83311
51.00000 27.00000 197598.68010
51.00000 28.00000 197649.66641
51.00000 29.00000 197689.09635
51.00000 30.00000 197713.73745
51.00000 31.00000 197737.01638
51.00000 32.00000 197728.76100
51.00000 33.00000 197746.40824
51.00000 34.00000 197739.74029
51.00000 35.00000 197719.68459
51.00000 36.00000 197704.05718
51.00000 37.00000 197743.95663
51.00000 38.00000 197760.90090
51.00000 39.00000 197757.71642
51.00000 40.00000 197745.10414
51.00000 41.00000 197758.78585
51.00000 42.00000 197772.72546
51.00000 43.00000 197779.43675
51.00000 44.00000 197782.48674
51.00000 45.00000 197783.60045
51.00000 46.00000 197773.34769
51.00000 47.00000 197746.41169
51.00000 48.00000 197697.20437
51.00000 49.00000 197705.58792
51.00000 50.00000 197698.61222
51.00000 51.00000 197690.85694
51.00000 52.00000 197700.19227
51.00000 53.00000 197747.14702
51.00000 54.00000 197773.17184
51.00000 55.00000 197783.17082
51.00000 56.00000 197797.15984
51.00000 57.00000 197820.74768
51.00000 58.00000 197833.90910
51.00000 59.00000 197842.31008
51.00000 60.00000 197853.27214
51.00000 61.00000 197886.21814
51.00000 62.00000 197891.29777
51.00000 63.00000 197870.18203
51.00000 64.00000 197851.99654
51.00000 65.00000 197879.20278
51.00000 66.00000 197881.48235
51.00000 67.00000 197855.18742
51.00000 68.00000 197838.25925
51.00000 69.00000 197855.97697
51.00000 70.00000 197864.31025
52.00000 25.00000 197489.83537
52.00000 26.00000 197538.91871
52.00000 27.00000 197591.09921
52.00000 28.00000 197638.92636
52.00000 29.00000 197678.66814
52.00000 30.00000 197705.32308
52.00000 31.00000 197730.56977
52.00000 32.00000 197724.48105
52.00000 33.00000 197743.52896
52.00000 34.00000 197739.28162
52.00000 35.00000 197721.56454
52.00000 36.00000 197706.10163
52.00000 37.00000 197742.15933
52.00000 38.00000 197755.60095
52.00000 39.00000 197749.85865
52.00000 40.00000 197738.80414
52.00000 41.00000 197753.94032
52.00000 42.00000 197768.84002
52.00000 43.00000 197774.98911
52.00000 44.00000 197776.11015
52.00000 45.00000 197775.32018
52.00000 46.00000 197765.52291
52.00000 47.00000 197741.33931
52.00000 48.00000 197697.72568
52.00000 49.00000 197706.35250
52.00000 50.00000 197693.55433
52.00000 51.00000 197666.45562
52.00000 52.00000 197669.03490
52.00000 53.00000 197730.57473
52.00000 54.00000 197763.97926
52.00000 55.00000 197772.72879
52.00000 56.00000 197786.71744
52.00000 57.00000 197808.80876
52.00000 58.00000 197824.57174
52.00000 59.00000 197836.30509
52.00000 60.00000 197854.26169
52.00000 61.00000 197890.75864
52.00000 62.00000 197896.05518
52.00000 63.00000 197872.11848
52.00000 64.00000 197851.64986
52.00000 65.00000 197872.95916
52.00000 66.00000 197870.86110
52.00000 67.00000 197845.01764
52.00000 68.00000 197831.80474
52.00000 69.00000 197848.15778
52.00000 70.00000 197852.63761
53.00000 25.00000 197529.11121
53.00000 26.00000 197583.67534
53.00000 27.00000 197639.49164
53.00000 28.00000 197684.45319
53.00000 29.00000 197725.49882
53.00000 30.00000 197752.60245
53.00000 31.00000 197777.47482
53.00000 32.00000 197772.75501
53.00000 33.00000 197797.65212
53.00000 34.00000 197795.09541
53.00000 35.00000 197774.64796
53.00000 36.00000 197757.52245
53.00000 37.00000 197798.45731
53.00000 38.00000 197811.82576
53.00000 39.00000 197801.41821
53.00000 40.00000 197787.96511
53.00000 41.00000 197805.56730
53.00000 42.00000 197820.00337
53.00000 43.00000 197823.75506
53.00000 44.00000 197821.93984
53.00000 45.00000 197819.25037
53.00000 46.00000 197806.25537
53.00000 47.00000 197780.30113
53.00000 48.00000 197739.57492
53.00000 49.00000 197759.35721
53.00000 50.00000 197758.96959
53.00000 51.00000 197734.46554
53.00000 52.00000 197718.70480
53.00000 53.00000 197790.88040
53.00000 54.00000 197825.74055
53.00000 55.00000 197833.38950
53.00000 56.00000 197850.14625
53.00000 57.00000 197875.92905
53.00000 58.00000 197886.26962
53.00000 59.00000 197894.73702
53.00000 60.00000 197912.37633
53.00000 61.00000 197950.07023
53.00000 62.00000 197953.23166
53.00000 63.00000 197926.53127
53.00000 64.00000 197903.43150
53.00000 65.00000 197923.57078
53.00000 66.00000 197918.44353
53.00000 67.00000 197895.28873
53.00000 68.00000 197888.00239
53.00000 69.00000 197912.39847
53.00000 70.00000 197916.78865
54.00000 25.00000 197541.99816
54.00000 26.00000 197598.32136
54.00000 27.00000 197655.17251
54.00000 28.00000 197698.46119
54.00000 29.00000 197741.51788
54.00000 30.00000 197770.57031
54.00000 31.00000 197797.97966
54.00000 32.00000 197795.40932
54.00000 33.00000 197822.55671
54.00000 34.00000 197821.34182
54.00000 35.00000 197800.72041
54.00000 36.00000 197783.16831
54.00000 37.00000 197827.29609
54.00000 38.00000 197842.55450
54.00000 39.00000 197829.68286
54.00000 40.00000 197811.51347
54.00000 41.00000 197827.51382
54.00000 42.00000 197839.76550
54.00000 43.00000 197841.37453
54.00000 44.00000 197837.27013
54.00000 45.00000 197832.11334
54.00000 46.00000 197816.79044
54.00000 47.00000 197790.05368
54.00000 48.00000 197751.53401
54.00000 49.00000 197778.03505
54.00000 50.00000 197787.71241
54.00000 51.00000 197773.18367
54.00000 52.00000 197758.81801
54.00000 53.00000 197817.15747
54.00000 54.00000 197859.48673
54.00000 55.00000 197869.45173
54.00000 56.00000 197890.97834
54.00000 57.00000 197925.29554
54.00000 58.00000 197932.40027
54.00000 59.00000 197935.43505
54.00000 60.00000 197949.42899
54.00000 61.00000 197985.48921
54.00000 62.00000 197985.18904
54.00000 63.00000 197955.60789
54.00000 64.00000 197929.49649
54.00000 65.00000 197949.36942
54.00000 66.00000 197942.03933
54.00000 67.00000 197919.29639
54.00000 68.00000 197913.85495
54.00000 69.00000 197944.47198
54.00000 70.00000 197953.27791
55.00000 25.00000 197552.04128
55.00000 26.00000 197607.99276
55.00000 27.00000 197665.82548
55.00000 28.00000 197706.56245
55.00000 29.00000 197749.24683
55.00000 30.00000 197780.07048
55.00000 31.00000 197810.57477
55.00000 32.00000 197809.35196
55.00000 33.00000 197834.76399
55.00000 34.00000 197832.00178
55.00000 35.00000 197810.96789
55.00000 36.00000 197791.56955
55.00000 37.00000 197836.45539
55.00000 38.00000 197856.36518
55.00000 39.00000 197847.03075
55.00000 40.00000 197823.67341
55.00000 41.00000 197833.45038
55.00000 42.00000 197840.96624
55.00000 43.00000 197840.76521
55.00000 44.00000 197836.08568
55.00000 45.00000 197832.46245
55.00000 46.00000 197819.84723
55.00000 47.00000 197793.99665
55.00000 48.00000 197755.21544
55.00000 49.00000 197783.95257
55.00000 50.00000 197799.18041
55.00000 51.00000 197791.40424
55.00000 52.00000 197779.37002
55.00000 53.00000 197824.23939
55.00000 54.00000 197859.36098
55.00000 55.00000 197875.81663
55.00000 56.00000 197897.96201
55.00000 57.00000 197947.38121
55.00000 58.00000 197962.91616
55.00000 59.00000 197961.21701
55.00000 60.00000 197968.59518
55.00000 61.00000 198001.43570
55.00000 62.00000 197998.45030
55.00000 63.00000 197966.95120
55.00000 64.00000 197939.76022
55.00000 65.00000 197960.09383
55.00000 66.00000 197952.24735
55.00000 67.00000 197926.30220
55.00000 68.00000 197917.75724
55.00000 69.00000 197951.08102
55.00000 70.00000 197965.21233
