k1 k2 chisq 
11.00000 25.00000 121986.24534
11.00000 26.00000 122002.68995
11.00000 27.00000 122007.27826
11.00000 28.00000 122010.26781
11.00000 29.00000 122035.22487
11.00000 30.00000 122039.24187
11.00000 31.00000 122035.59657
11.00000 32.00000 122025.20105
11.00000 33.00000 122044.65018
11.00000 34.00000 122046.55317
11.00000 35.00000 122041.05966
11.00000 36.00000 122033.81726
11.00000 37.00000 122055.28706
11.00000 38.00000 122062.22129
11.00000 39.00000 122057.83772
11.00000 40.00000 122055.58065
11.00000 41.00000 122065.68788
11.00000 42.00000 122065.28075
11.00000 43.00000 122059.80513
11.00000 44.00000 122057.97746
11.00000 45.00000 122084.78248
11.00000 46.00000 122100.65219
11.00000 47.00000 122107.59528
11.00000 48.00000 122112.97575
11.00000 49.00000 122141.11783
11.00000 50.00000 122157.54581
11.00000 51.00000 122154.87683
11.00000 52.00000 122141.39189
11.00000 53.00000 122143.08831
11.00000 54.00000 122138.85955
11.00000 55.00000 122136.16497
11.00000 56.00000 122137.77790
11.00000 57.00000 122163.18706
11.00000 58.00000 122172.69239
11.00000 59.00000 122172.55701
11.00000 60.00000 122173.78127
11.00000 61.00000 122196.43027
11.00000 62.00000 122201.12407
11.00000 63.00000 122179.88600
11.00000 64.00000 122164.00478
11.00000 65.00000 122186.70287
11.00000 66.00000 122193.64465
11.00000 67.00000 122187.58106
11.00000 68.00000 122188.47907
11.00000 69.00000 122215.75279
11.00000 70.00000 122232.40893
12.00000 25.00000 121994.78603
12.00000 26.00000 122008.40739
12.00000 27.00000 122011.46182
12.00000 28.00000 122013.23644
12.00000 29.00000 122036.08007
12.00000 30.00000 122040.33791
12.00000 31.00000 122038.15325
12.00000 32.00000 122029.45466
12.00000 33.00000 122045.62420
12.00000 34.00000 122045.58316
12.00000 35.00000 122040.73737
12.00000 36.00000 122034.68473
12.00000 37.00000 122055.44144
12.00000 38.00000 122062.85635
12.00000 39.00000 122059.18200
12.00000 40.00000 122056.05897
12.00000 41.00000 122062.22199
12.00000 42.00000 122059.67664
12.00000 43.00000 122055.08765
12.00000 44.00000 122055.38158
12.00000 45.00000 122081.40648
12.00000 46.00000 122096.73765
12.00000 47.00000 122103.26451
12.00000 48.00000 122107.90493
12.00000 49.00000 122133.16274
12.00000 50.00000 122149.47219
12.00000 51.00000 122149.64524
12.00000 52.00000 122137.77498
12.00000 53.00000 122136.28971
12.00000 54.00000 122128.82467
12.00000 55.00000 122124.35927
12.00000 56.00000 122125.43905
12.00000 57.00000 122148.91367
12.00000 58.00000 122158.28335
12.00000 59.00000 122160.89623
12.00000 60.00000 122164.28541
12.00000 61.00000 122186.75264
12.00000 62.00000 122191.92803
12.00000 63.00000 122171.70300
12.00000 64.00000 122155.84716
12.00000 65.00000 122177.29220
12.00000 66.00000 122184.25365
12.00000 67.00000 122178.80329
12.00000 68.00000 122179.60487
12.00000 69.00000 122205.24302
12.00000 70.00000 122221.22382
13.00000 25.00000 122003.72896
13.00000 26.00000 122020.58583
13.00000 27.00000 122024.05739
13.00000 28.00000 122025.76207
13.00000 29.00000 122049.36425
13.00000 30.00000 122048.58045
13.00000 31.00000 122039.40823
13.00000 32.00000 122030.50716
13.00000 33.00000 122054.09892
13.00000 34.00000 122059.38896
13.00000 35.00000 122054.27122
13.00000 36.00000 122045.17020
13.00000 37.00000 122064.67844
13.00000 38.00000 122068.57212
13.00000 39.00000 122060.82637
13.00000 40.00000 122057.57688
13.00000 41.00000 122068.23034
13.00000 42.00000 122065.56492
13.00000 43.00000 122057.86729
13.00000 44.00000 122056.74156
13.00000 45.00000 122084.22447
13.00000 46.00000 122099.62419
13.00000 47.00000 122105.74271
13.00000 48.00000 122111.99385
13.00000 49.00000 122142.23377
13.00000 50.00000 122159.82458
13.00000 51.00000 122158.49579
13.00000 52.00000 122146.19496
13.00000 53.00000 122146.49379
13.00000 54.00000 122137.62400
13.00000 55.00000 122131.46130
13.00000 56.00000 122132.82551
13.00000 57.00000 122159.51922
13.00000 58.00000 122168.47591
13.00000 59.00000 122170.56342
13.00000 60.00000 122173.76124
13.00000 61.00000 122197.47341
13.00000 62.00000 122200.68187
13.00000 63.00000 122179.29043
13.00000 64.00000 122162.56550
13.00000 65.00000 122185.29546
13.00000 66.00000 122190.37442
13.00000 67.00000 122181.43772
13.00000 68.00000 122179.95432
13.00000 69.00000 122206.83154
13.00000 70.00000 122222.97123
14.00000 25.00000 122007.15174
14.00000 26.00000 122025.75536
14.00000 27.00000 122031.13115
14.00000 28.00000 122033.66070
14.00000 29.00000 122057.52916
14.00000 30.00000 122055.28585
14.00000 31.00000 122042.51925
14.00000 32.00000 122033.86033
14.00000 33.00000 122060.84207
14.00000 34.00000 122069.31677
14.00000 35.00000 122065.19390
14.00000 36.00000 122053.51676
14.00000 37.00000 122069.56690
14.00000 38.00000 122069.03171
14.00000 39.00000 122057.89072
14.00000 40.00000 122053.66367
14.00000 41.00000 122065.34190
14.00000 42.00000 122063.05870
14.00000 43.00000 122055.20275
14.00000 44.00000 122054.49556
14.00000 45.00000 122083.35173
14.00000 46.00000 122099.77048
14.00000 47.00000 122106.39398
14.00000 48.00000 122114.10621
14.00000 49.00000 122145.79310
14.00000 50.00000 122163.41201
14.00000 51.00000 122160.86018
14.00000 52.00000 122148.13487
14.00000 53.00000 122149.83033
14.00000 54.00000 122142.46485
14.00000 55.00000 122136.67042
14.00000 56.00000 122137.73365
14.00000 57.00000 122166.29550
14.00000 58.00000 122176.04757
14.00000 59.00000 122177.62031
14.00000 60.00000 122178.99098
14.00000 61.00000 122201.55644
14.00000 62.00000 122203.87208
14.00000 63.00000 122182.18939
14.00000 64.00000 122165.52311
14.00000 65.00000 122189.28233
14.00000 66.00000 122193.59593
14.00000 67.00000 122183.19654
14.00000 68.00000 122179.44736
14.00000 69.00000 122205.58997
14.00000 70.00000 122221.00688
15.00000 25.00000 122000.19839
15.00000 26.00000 122018.03426
15.00000 27.00000 122025.27154
15.00000 28.00000 122029.64591
15.00000 29.00000 122054.21174
15.00000 30.00000 122054.98034
15.00000 31.00000 122043.81329
15.00000 32.00000 122036.74956
15.00000 33.00000 122063.32554
15.00000 34.00000 122072.06933
15.00000 35.00000 122069.58644
15.00000 36.00000 122055.83687
15.00000 37.00000 122067.14693
15.00000 38.00000 122063.15824
15.00000 39.00000 122050.37925
15.00000 40.00000 122045.36966
15.00000 41.00000 122055.41305
15.00000 42.00000 122054.27989
15.00000 43.00000 122048.39062
15.00000 44.00000 122048.01252
15.00000 45.00000 122077.81781
15.00000 46.00000 122096.74983
15.00000 47.00000 122106.39909
15.00000 48.00000 122114.58830
15.00000 49.00000 122143.41326
15.00000 50.00000 122160.07996
15.00000 51.00000 122157.69978
15.00000 52.00000 122145.02400
15.00000 53.00000 122147.16950
15.00000 54.00000 122143.01401
15.00000 55.00000 122140.11243
15.00000 56.00000 122141.21136
15.00000 57.00000 122168.93290
15.00000 58.00000 122179.64305
15.00000 59.00000 122181.49629
15.00000 60.00000 122180.96640
15.00000 61.00000 122200.91699
15.00000 62.00000 122202.70583
15.00000 63.00000 122181.83322
15.00000 64.00000 122165.99514
15.00000 65.00000 122190.17579
15.00000 66.00000 122195.80307
15.00000 67.00000 122186.85401
15.00000 68.00000 122182.13862
15.00000 69.00000 122206.69117
15.00000 70.00000 122221.64564
16.00000 25.00000 121983.47307
16.00000 26.00000 122001.05581
16.00000 27.00000 122009.53232
16.00000 28.00000 122015.54597
16.00000 29.00000 122039.80258
16.00000 30.00000 122042.45093
16.00000 31.00000 122034.05947
16.00000 32.00000 122028.24676
16.00000 33.00000 122053.00640
16.00000 34.00000 122061.25147
16.00000 35.00000 122060.19817
16.00000 36.00000 122047.06328
16.00000 37.00000 122055.59972
16.00000 38.00000 122049.81534
16.00000 39.00000 122036.87607
16.00000 40.00000 122031.88550
16.00000 41.00000 122040.47776
16.00000 42.00000 122040.18502
16.00000 43.00000 122035.77795
16.00000 44.00000 122034.92321
16.00000 45.00000 122064.00272
16.00000 46.00000 122083.70020
16.00000 47.00000 122095.86798
16.00000 48.00000 122105.58908
16.00000 49.00000 122131.71062
16.00000 50.00000 122147.00395
16.00000 51.00000 122144.94566
16.00000 52.00000 122132.94307
16.00000 53.00000 122134.89047
16.00000 54.00000 122132.51305
16.00000 55.00000 122132.37096
16.00000 56.00000 122135.43200
16.00000 57.00000 122162.04172
16.00000 58.00000 122172.78213
16.00000 59.00000 122174.72429
16.00000 60.00000 122174.56044
16.00000 61.00000 122192.84334
16.00000 62.00000 122193.62723
16.00000 63.00000 122173.54847
16.00000 64.00000 122158.67260
16.00000 65.00000 122181.64857
16.00000 66.00000 122187.77530
16.00000 67.00000 122180.33989
16.00000 68.00000 122177.81861
16.00000 69.00000 122203.10678
16.00000 70.00000 122218.19306
17.00000 25.00000 121980.31375
17.00000 26.00000 122001.28250
17.00000 27.00000 122009.48876
17.00000 28.00000 122015.26288
17.00000 29.00000 122042.34717
17.00000 30.00000 122044.15625
17.00000 31.00000 122033.45918
17.00000 32.00000 122025.06931
17.00000 33.00000 122052.88416
17.00000 34.00000 122060.16898
17.00000 35.00000 122054.98259
17.00000 36.00000 122041.60520
17.00000 37.00000 122056.20209
17.00000 38.00000 122054.08441
17.00000 39.00000 122042.65648
17.00000 40.00000 122038.29698
17.00000 41.00000 122049.20904
17.00000 42.00000 122048.59454
17.00000 43.00000 122041.79920
17.00000 44.00000 122038.11716
17.00000 45.00000 122068.74365
17.00000 46.00000 122087.78443
17.00000 47.00000 122098.22823
17.00000 48.00000 122106.67548
17.00000 49.00000 122135.13399
17.00000 50.00000 122149.29890
17.00000 51.00000 122144.77360
17.00000 52.00000 122133.28280
17.00000 53.00000 122138.83587
17.00000 54.00000 122137.26219
17.00000 55.00000 122137.00579
17.00000 56.00000 122140.75737
17.00000 57.00000 122168.82848
17.00000 58.00000 122177.52078
17.00000 59.00000 122176.55038
17.00000 60.00000 122177.04165
17.00000 61.00000 122198.92786
17.00000 62.00000 122199.38401
17.00000 63.00000 122178.71937
17.00000 64.00000 122164.70088
17.00000 65.00000 122188.44751
17.00000 66.00000 122193.28191
17.00000 67.00000 122185.87093
17.00000 68.00000 122186.23339
17.00000 69.00000 122215.57550
17.00000 70.00000 122231.89659
18.00000 25.00000 121974.56673
18.00000 26.00000 121997.09438
18.00000 27.00000 122004.86643
18.00000 28.00000 122011.30806
18.00000 29.00000 122040.74830
18.00000 30.00000 122043.17988
18.00000 31.00000 122032.19226
18.00000 32.00000 122022.78550
18.00000 33.00000 122051.50968
18.00000 34.00000 122055.72247
18.00000 35.00000 122046.04026
18.00000 36.00000 122032.61346
18.00000 37.00000 122053.50964
18.00000 38.00000 122056.44245
18.00000 39.00000 122047.59117
18.00000 40.00000 122043.96809
18.00000 41.00000 122056.07161
18.00000 42.00000 122054.83055
18.00000 43.00000 122046.22939
18.00000 44.00000 122040.55025
18.00000 45.00000 122072.91781
18.00000 46.00000 122092.05840
18.00000 47.00000 122100.39409
18.00000 48.00000 122106.51305
18.00000 49.00000 122135.54786
18.00000 50.00000 122148.93559
18.00000 51.00000 122143.13009
18.00000 52.00000 122132.51531
18.00000 53.00000 122142.20798
18.00000 54.00000 122142.58904
18.00000 55.00000 122142.40268
18.00000 56.00000 122145.99154
18.00000 57.00000 122174.81803
18.00000 58.00000 122182.18265
18.00000 59.00000 122178.76224
18.00000 60.00000 122179.00868
18.00000 61.00000 122203.92932
18.00000 62.00000 122205.89289
18.00000 63.00000 122185.27059
18.00000 64.00000 122172.18778
18.00000 65.00000 122197.14280
18.00000 66.00000 122201.45503
18.00000 67.00000 122194.13503
18.00000 68.00000 122195.51613
18.00000 69.00000 122226.32285
18.00000 70.00000 122243.32165
19.00000 25.00000 121963.92322
19.00000 26.00000 121985.99475
19.00000 27.00000 121995.40829
19.00000 28.00000 122002.87802
19.00000 29.00000 122031.80495
19.00000 30.00000 122036.07625
19.00000 31.00000 122028.96347
19.00000 32.00000 122021.12628
19.00000 33.00000 122047.03628
19.00000 34.00000 122046.93958
19.00000 35.00000 122035.18569
19.00000 36.00000 122022.63145
19.00000 37.00000 122047.12002
19.00000 38.00000 122054.57201
19.00000 39.00000 122049.19722
19.00000 40.00000 122046.15393
19.00000 41.00000 122057.48032
19.00000 42.00000 122056.16582
19.00000 43.00000 122047.89604
19.00000 44.00000 122041.56978
19.00000 45.00000 122073.95546
19.00000 46.00000 122093.38638
19.00000 47.00000 122100.69290
19.00000 48.00000 122104.72944
19.00000 49.00000 122131.48285
19.00000 50.00000 122144.52740
19.00000 51.00000 122139.79205
19.00000 52.00000 122130.04682
19.00000 53.00000 122142.04233
19.00000 54.00000 122145.08215
19.00000 55.00000 122145.55185
19.00000 56.00000 122148.31794
19.00000 57.00000 122176.68966
19.00000 58.00000 122185.19897
19.00000 59.00000 122181.30027
19.00000 60.00000 122180.27739
19.00000 61.00000 122205.42046
19.00000 62.00000 122209.56774
19.00000 63.00000 122189.72572
19.00000 64.00000 122177.38031
19.00000 65.00000 122203.23851
19.00000 66.00000 122208.92627
19.00000 67.00000 122202.21274
19.00000 68.00000 122202.64269
19.00000 69.00000 122232.02911
19.00000 70.00000 122249.17394
20.00000 25.00000 121964.35675
20.00000 26.00000 121985.79791
20.00000 27.00000 121997.59758
20.00000 28.00000 122006.42129
20.00000 29.00000 122033.73602
20.00000 30.00000 122038.21852
20.00000 31.00000 122033.53932
20.00000 32.00000 122028.20627
20.00000 33.00000 122049.97712
20.00000 34.00000 122047.94898
20.00000 35.00000 122037.07391
20.00000 36.00000 122024.26466
20.00000 37.00000 122049.33743
20.00000 38.00000 122060.02194
20.00000 39.00000 122057.92390
20.00000 40.00000 122055.65669
20.00000 41.00000 122064.06917
20.00000 42.00000 122061.82927
20.00000 43.00000 122054.41391
20.00000 44.00000 122048.29598
20.00000 45.00000 122079.19191
20.00000 46.00000 122098.61357
20.00000 47.00000 122107.07785
20.00000 48.00000 122110.79406
20.00000 49.00000 122134.08417
20.00000 50.00000 122146.73616
20.00000 51.00000 122144.11514
20.00000 52.00000 122134.52309
20.00000 53.00000 122144.30074
20.00000 54.00000 122147.18591
20.00000 55.00000 122149.06273
20.00000 56.00000 122152.32317
20.00000 57.00000 122179.61607
20.00000 58.00000 122189.78079
20.00000 59.00000 122187.97804
20.00000 60.00000 122187.19126
20.00000 61.00000 122210.98578
20.00000 62.00000 122215.78025
20.00000 63.00000 122197.44464
20.00000 64.00000 122184.41356
20.00000 65.00000 122208.47455
20.00000 66.00000 122214.56857
20.00000 67.00000 122209.36948
20.00000 68.00000 122210.24610
20.00000 69.00000 122237.92740
20.00000 70.00000 122254.28162
21.00000 25.00000 121960.13149
21.00000 26.00000 121983.58759
21.00000 27.00000 121992.81991
21.00000 28.00000 122000.39601
21.00000 29.00000 122029.02877
21.00000 30.00000 122031.79768
21.00000 31.00000 122023.56945
21.00000 32.00000 122019.00092
21.00000 33.00000 122043.85943
21.00000 34.00000 122044.63312
21.00000 35.00000 122034.00673
21.00000 36.00000 122020.91477
21.00000 37.00000 122046.36547
21.00000 38.00000 122057.39912
21.00000 39.00000 122055.12796
21.00000 40.00000 122054.06621
21.00000 41.00000 122061.80350
21.00000 42.00000 122056.43600
21.00000 43.00000 122045.61998
21.00000 44.00000 122038.42132
21.00000 45.00000 122070.82272
21.00000 46.00000 122091.34005
21.00000 47.00000 122100.26036
21.00000 48.00000 122106.23288
21.00000 49.00000 122131.36124
21.00000 50.00000 122143.23931
21.00000 51.00000 122139.33381
21.00000 52.00000 122129.69975
21.00000 53.00000 122138.81613
21.00000 54.00000 122139.71668
21.00000 55.00000 122141.07913
21.00000 56.00000 122144.67933
21.00000 57.00000 122172.98943
21.00000 58.00000 122182.78095
21.00000 59.00000 122179.78774
21.00000 60.00000 122179.98274
21.00000 61.00000 122205.77428
21.00000 62.00000 122209.85276
21.00000 63.00000 122191.55532
21.00000 64.00000 122178.81502
21.00000 65.00000 122202.64824
21.00000 66.00000 122207.63778
21.00000 67.00000 122202.69669
21.00000 68.00000 122204.67674
21.00000 69.00000 122232.72187
21.00000 70.00000 122247.85802
22.00000 25.00000 121931.72913
22.00000 26.00000 121961.29126
22.00000 27.00000 121974.97280
22.00000 28.00000 121983.29630
22.00000 29.00000 122010.16902
22.00000 30.00000 122011.07207
22.00000 31.00000 122002.44136
22.00000 32.00000 121999.00233
22.00000 33.00000 122023.52316
22.00000 34.00000 122028.45212
22.00000 35.00000 122023.05768
22.00000 36.00000 122011.60104
22.00000 37.00000 122033.06566
22.00000 38.00000 122040.82016
22.00000 39.00000 122036.76181
22.00000 40.00000 122036.37574
22.00000 41.00000 122042.71187
22.00000 42.00000 122036.72313
22.00000 43.00000 122026.10643
22.00000 44.00000 122019.21887
22.00000 45.00000 122050.30135
22.00000 46.00000 122070.90427
22.00000 47.00000 122081.18755
22.00000 48.00000 122089.60534
22.00000 49.00000 122114.62211
22.00000 50.00000 122126.42610
22.00000 51.00000 122122.66325
22.00000 52.00000 122113.06872
22.00000 53.00000 122120.59904
22.00000 54.00000 122122.17586
22.00000 55.00000 122124.25642
22.00000 56.00000 122126.98867
22.00000 57.00000 122153.56526
22.00000 58.00000 122162.74480
22.00000 59.00000 122158.34754
22.00000 60.00000 122158.29369
22.00000 61.00000 122184.90355
22.00000 62.00000 122190.31284
22.00000 63.00000 122173.70915
22.00000 64.00000 122162.40105
22.00000 65.00000 122185.44663
22.00000 66.00000 122190.14316
22.00000 67.00000 122185.71901
22.00000 68.00000 122187.48362
22.00000 69.00000 122214.81957
22.00000 70.00000 122229.59817
23.00000 25.00000 121899.59609
23.00000 26.00000 121925.26017
23.00000 27.00000 121947.54398
23.00000 28.00000 121958.92519
23.00000 29.00000 121982.12802
23.00000 30.00000 121983.24097
23.00000 31.00000 121979.12133
23.00000 32.00000 121977.86113
23.00000 33.00000 121998.42243
23.00000 34.00000 122005.45378
23.00000 35.00000 122007.34624
23.00000 36.00000 121998.31040
23.00000 37.00000 122013.87425
23.00000 38.00000 122017.49924
23.00000 39.00000 122011.68003
23.00000 40.00000 122011.18942
23.00000 41.00000 122014.67484
23.00000 42.00000 122010.03513
23.00000 43.00000 122003.37910
23.00000 44.00000 121998.61526
23.00000 45.00000 122025.68449
23.00000 46.00000 122044.69867
23.00000 47.00000 122056.29018
23.00000 48.00000 122066.14168
23.00000 49.00000 122088.58407
23.00000 50.00000 122101.04981
23.00000 51.00000 122099.49623
23.00000 52.00000 122090.37505
23.00000 53.00000 122095.50094
23.00000 54.00000 122098.72408
23.00000 55.00000 122102.29778
23.00000 56.00000 122103.94028
23.00000 57.00000 122127.42674
23.00000 58.00000 122136.94960
23.00000 59.00000 122132.41098
23.00000 60.00000 122130.67160
23.00000 61.00000 122154.72456
23.00000 62.00000 122161.67341
23.00000 63.00000 122148.38953
23.00000 64.00000 122139.90384
23.00000 65.00000 122162.86276
23.00000 66.00000 122169.21218
23.00000 67.00000 122165.41229
23.00000 68.00000 122165.05673
23.00000 69.00000 122189.81094
23.00000 70.00000 122204.71583
24.00000 25.00000 121873.82020
24.00000 26.00000 121896.07895
24.00000 27.00000 121918.90308
24.00000 28.00000 121931.14171
24.00000 29.00000 121953.26089
24.00000 30.00000 121955.15249
24.00000 31.00000 121954.33798
24.00000 32.00000 121956.58800
24.00000 33.00000 121975.21457
24.00000 34.00000 121980.95372
24.00000 35.00000 121983.48167
24.00000 36.00000 121976.79944
24.00000 37.00000 121990.43025
24.00000 38.00000 121992.13770
24.00000 39.00000 121984.83669
24.00000 40.00000 121982.08119
24.00000 41.00000 121981.90098
24.00000 42.00000 121976.72572
24.00000 43.00000 121971.65467
24.00000 44.00000 121968.84386
24.00000 45.00000 121995.25336
24.00000 46.00000 122014.60434
24.00000 47.00000 122028.75119
24.00000 48.00000 122041.93746
24.00000 49.00000 122063.97071
24.00000 50.00000 122075.72756
24.00000 51.00000 122074.53075
24.00000 52.00000 122066.70039
24.00000 53.00000 122069.97335
24.00000 54.00000 122071.66492
24.00000 55.00000 122075.15807
24.00000 56.00000 122076.81956
24.00000 57.00000 122096.97930
24.00000 58.00000 122103.97899
24.00000 59.00000 122099.07414
24.00000 60.00000 122100.30369
24.00000 61.00000 122125.09705
24.00000 62.00000 122131.85807
24.00000 63.00000 122120.19035
24.00000 64.00000 122114.14094
24.00000 65.00000 122136.67977
24.00000 66.00000 122143.40136
24.00000 67.00000 122139.39569
24.00000 68.00000 122139.29105
24.00000 69.00000 122162.24097
24.00000 70.00000 122175.61630
25.00000 25.00000 121906.98553
25.00000 26.00000 121931.50027
25.00000 27.00000 121944.09503
25.00000 28.00000 121950.77286
25.00000 29.00000 121977.34001
25.00000 30.00000 121977.61622
25.00000 31.00000 121974.06693
25.00000 32.00000 121976.43371
25.00000 33.00000 122001.33635
25.00000 34.00000 122006.80590
25.00000 35.00000 122002.22519
25.00000 36.00000 121991.24251
25.00000 37.00000 122009.06445
25.00000 38.00000 122013.76906
25.00000 39.00000 122007.52259
25.00000 40.00000 122002.77398
25.00000 41.00000 122004.56979
25.00000 42.00000 121997.77566
25.00000 43.00000 121988.22263
25.00000 44.00000 121981.57301
25.00000 45.00000 122011.23811
25.00000 46.00000 122033.25370
25.00000 47.00000 122048.90235
25.00000 48.00000 122061.44131
25.00000 49.00000 122087.70865
25.00000 50.00000 122099.57284
25.00000 51.00000 122096.11370
25.00000 52.00000 122087.09412
25.00000 53.00000 122093.83823
25.00000 54.00000 122096.23882
25.00000 55.00000 122098.69967
25.00000 56.00000 122098.49415
25.00000 57.00000 122116.80676
25.00000 58.00000 122118.85140
25.00000 59.00000 122111.53516
25.00000 60.00000 122114.62949
25.00000 61.00000 122146.73663
25.00000 62.00000 122154.44694
25.00000 63.00000 122142.01391
25.00000 64.00000 122134.10849
25.00000 65.00000 122156.19014
25.00000 66.00000 122160.12208
25.00000 67.00000 122153.17167
25.00000 68.00000 122152.54138
25.00000 69.00000 122178.05541
25.00000 70.00000 122191.60131
26.00000 25.00000 121920.57076
26.00000 26.00000 121947.75854
26.00000 27.00000 121950.77713
26.00000 28.00000 121950.89808
26.00000 29.00000 121984.42750
26.00000 30.00000 121989.28689
26.00000 31.00000 121984.55612
26.00000 32.00000 121986.99158
26.00000 33.00000 122016.24925
26.00000 34.00000 122020.85939
26.00000 35.00000 122010.26708
26.00000 36.00000 121994.02486
26.00000 37.00000 122014.53120
26.00000 38.00000 122023.08687
26.00000 39.00000 122019.40067
26.00000 40.00000 122013.02360
26.00000 41.00000 122016.00485
26.00000 42.00000 122007.78195
26.00000 43.00000 121995.15041
26.00000 44.00000 121984.78329
26.00000 45.00000 122017.25255
26.00000 46.00000 122042.43272
26.00000 47.00000 122059.10082
26.00000 48.00000 122068.90607
26.00000 49.00000 122097.01445
26.00000 50.00000 122110.02739
26.00000 51.00000 122106.21230
26.00000 52.00000 122095.04102
26.00000 53.00000 122104.77057
26.00000 54.00000 122108.75338
26.00000 55.00000 122109.81006
26.00000 56.00000 122106.90284
26.00000 57.00000 122124.50163
26.00000 58.00000 122124.71755
26.00000 59.00000 122116.46361
26.00000 60.00000 122118.70256
26.00000 61.00000 122154.36755
26.00000 62.00000 122163.65682
26.00000 63.00000 122149.96159
26.00000 64.00000 122139.35775
26.00000 65.00000 122161.89368
26.00000 66.00000 122165.16197
26.00000 67.00000 122156.04505
26.00000 68.00000 122152.57454
26.00000 69.00000 122177.36329
26.00000 70.00000 122191.19825
27.00000 25.00000 121929.12145
27.00000 26.00000 121944.93177
27.00000 27.00000 121949.24891
27.00000 28.00000 121944.56887
27.00000 29.00000 121980.34737
27.00000 30.00000 121992.85089
27.00000 31.00000 121994.17354
27.00000 32.00000 121996.39930
27.00000 33.00000 122025.04458
27.00000 34.00000 122027.82658
27.00000 35.00000 122016.20816
27.00000 36.00000 121997.31028
27.00000 37.00000 122017.85325
27.00000 38.00000 122028.11355
27.00000 39.00000 122026.54116
27.00000 40.00000 122019.47228
27.00000 41.00000 122022.22307
27.00000 42.00000 122014.24756
27.00000 43.00000 122002.18841
27.00000 44.00000 121991.26986
27.00000 45.00000 122024.39221
27.00000 46.00000 122050.31621
27.00000 47.00000 122066.48464
27.00000 48.00000 122073.64308
27.00000 49.00000 122100.90091
27.00000 50.00000 122114.95773
27.00000 51.00000 122112.47648
27.00000 52.00000 122099.74484
27.00000 53.00000 122109.68298
27.00000 54.00000 122113.34659
27.00000 55.00000 122112.93306
27.00000 56.00000 122108.30048
27.00000 57.00000 122126.85842
27.00000 58.00000 122129.87075
27.00000 59.00000 122122.91050
27.00000 60.00000 122122.44218
27.00000 61.00000 122155.85630
27.00000 62.00000 122165.63696
27.00000 63.00000 122151.64281
27.00000 64.00000 122139.57658
27.00000 65.00000 122162.19872
27.00000 66.00000 122165.77021
27.00000 67.00000 122155.77729
27.00000 68.00000 122149.16010
27.00000 69.00000 122171.25654
27.00000 70.00000 122185.11575
28.00000 25.00000 121941.06218
28.00000 26.00000 121958.23096
28.00000 27.00000 121965.29752
28.00000 28.00000 121961.90676
28.00000 29.00000 121990.92212
28.00000 30.00000 122002.87577
28.00000 31.00000 122005.57204
28.00000 32.00000 122009.92352
28.00000 33.00000 122039.11536
28.00000 34.00000 122041.94207
28.00000 35.00000 122030.77405
28.00000 36.00000 122012.32075
28.00000 37.00000 122031.13943
28.00000 38.00000 122039.75227
28.00000 39.00000 122038.05092
28.00000 40.00000 122033.68909
28.00000 41.00000 122038.44228
28.00000 42.00000 122031.16511
28.00000 43.00000 122019.38021
28.00000 44.00000 122009.64040
28.00000 45.00000 122040.75791
28.00000 46.00000 122063.99093
28.00000 47.00000 122077.82467
28.00000 48.00000 122086.31460
28.00000 49.00000 122114.33870
28.00000 50.00000 122126.91967
28.00000 51.00000 122122.60970
28.00000 52.00000 122108.88453
28.00000 53.00000 122118.81693
28.00000 54.00000 122122.52111
28.00000 55.00000 122122.46592
28.00000 56.00000 122118.46169
28.00000 57.00000 122138.21308
28.00000 58.00000 122142.21708
28.00000 59.00000 122136.88118
28.00000 60.00000 122135.63584
28.00000 61.00000 122166.83823
28.00000 62.00000 122175.98664
28.00000 63.00000 122159.97383
28.00000 64.00000 122145.06364
28.00000 65.00000 122166.10786
28.00000 66.00000 122169.40349
28.00000 67.00000 122159.42109
28.00000 68.00000 122154.08940
28.00000 69.00000 122176.24196
28.00000 70.00000 122189.40440
29.00000 25.00000 121961.37634
29.00000 26.00000 121988.30137
29.00000 27.00000 121995.42894
29.00000 28.00000 121994.47464
29.00000 29.00000 122019.33587
29.00000 30.00000 122023.71023
29.00000 31.00000 122021.55767
29.00000 32.00000 122025.62260
29.00000 33.00000 122063.02853
29.00000 34.00000 122069.63131
29.00000 35.00000 122054.14649
29.00000 36.00000 122033.49732
29.00000 37.00000 122053.11472
29.00000 38.00000 122060.37947
29.00000 39.00000 122055.72338
29.00000 40.00000 122053.02454
29.00000 41.00000 122061.50322
29.00000 42.00000 122055.06972
29.00000 43.00000 122041.09946
29.00000 44.00000 122029.74686
29.00000 45.00000 122060.04621
29.00000 46.00000 122081.63338
29.00000 47.00000 122095.04881
29.00000 48.00000 122105.19672
29.00000 49.00000 122137.93274
29.00000 50.00000 122151.85318
29.00000 51.00000 122145.47346
29.00000 52.00000 122130.30787
29.00000 53.00000 122138.40309
29.00000 54.00000 122139.77420
29.00000 55.00000 122138.60497
29.00000 56.00000 122134.57173
29.00000 57.00000 122155.75383
29.00000 58.00000 122158.08909
29.00000 59.00000 122152.55276
29.00000 60.00000 122153.34398
29.00000 61.00000 122186.84118
29.00000 62.00000 122196.04127
29.00000 63.00000 122178.58445
29.00000 64.00000 122163.06185
29.00000 65.00000 122184.97177
29.00000 66.00000 122188.82495
29.00000 67.00000 122180.36283
29.00000 68.00000 122177.93569
29.00000 69.00000 122203.23508
29.00000 70.00000 122216.51741
30.00000 25.00000 121952.62178
30.00000 26.00000 121984.53026
30.00000 27.00000 121995.51558
30.00000 28.00000 122001.52445
30.00000 29.00000 122031.34001
30.00000 30.00000 122027.37371
30.00000 31.00000 122015.40337
30.00000 32.00000 122017.42251
30.00000 33.00000 122056.13400
30.00000 34.00000 122070.39466
30.00000 35.00000 122058.25130
30.00000 36.00000 122039.22262
30.00000 37.00000 122058.32262
30.00000 38.00000 122062.98978
30.00000 39.00000 122054.89926
30.00000 40.00000 122053.00578
30.00000 41.00000 122062.96327
30.00000 42.00000 122058.61386
30.00000 43.00000 122045.76247
30.00000 44.00000 122035.32124
30.00000 45.00000 122062.95039
30.00000 46.00000 122080.54751
30.00000 47.00000 122093.19059
30.00000 48.00000 122104.32076
30.00000 49.00000 122139.15693
30.00000 50.00000 122156.41103
30.00000 51.00000 122150.63613
30.00000 52.00000 122135.00621
30.00000 53.00000 122139.83694
30.00000 54.00000 122138.54442
30.00000 55.00000 122137.87735
30.00000 56.00000 122135.51625
30.00000 57.00000 122157.99998
30.00000 58.00000 122160.61338
30.00000 59.00000 122156.80376
30.00000 60.00000 122159.71946
30.00000 61.00000 122192.08939
30.00000 62.00000 122201.25018
30.00000 63.00000 122183.70934
30.00000 64.00000 122167.59362
30.00000 65.00000 122188.05359
30.00000 66.00000 122190.74328
30.00000 67.00000 122184.76520
30.00000 68.00000 122185.62809
30.00000 69.00000 122214.66479
30.00000 70.00000 122230.83838
31.00000 25.00000 121938.23403
31.00000 26.00000 121967.31008
31.00000 27.00000 121985.52700
31.00000 28.00000 121994.52438
31.00000 29.00000 122017.82184
31.00000 30.00000 122015.08146
31.00000 31.00000 122007.13784
31.00000 32.00000 122004.41625
31.00000 33.00000 122037.81059
31.00000 34.00000 122051.07599
31.00000 35.00000 122049.90384
31.00000 36.00000 122036.17434
31.00000 37.00000 122053.66081
31.00000 38.00000 122056.68177
31.00000 39.00000 122047.67198
31.00000 40.00000 122045.68033
31.00000 41.00000 122054.15076
31.00000 42.00000 122050.97654
31.00000 43.00000 122041.08400
31.00000 44.00000 122033.41221
31.00000 45.00000 122058.99862
31.00000 46.00000 122074.53741
31.00000 47.00000 122085.90717
31.00000 48.00000 122095.53182
31.00000 49.00000 122127.32341
31.00000 50.00000 122146.96206
31.00000 51.00000 122144.25420
31.00000 52.00000 122129.54070
31.00000 53.00000 122131.97138
31.00000 54.00000 122129.07098
31.00000 55.00000 122129.18457
31.00000 56.00000 122129.01509
31.00000 57.00000 122153.29738
31.00000 58.00000 122159.97920
31.00000 59.00000 122158.40185
31.00000 60.00000 122160.99596
31.00000 61.00000 122188.58852
31.00000 62.00000 122195.96859
31.00000 63.00000 122178.80125
31.00000 64.00000 122163.03282
31.00000 65.00000 122182.35373
31.00000 66.00000 122184.22729
31.00000 67.00000 122180.98493
31.00000 68.00000 122183.62717
31.00000 69.00000 122213.89843
31.00000 70.00000 122233.12985
32.00000 25.00000 121919.82195
32.00000 26.00000 121946.91609
32.00000 27.00000 121965.05561
32.00000 28.00000 121975.93565
32.00000 29.00000 121994.03458
32.00000 30.00000 121986.52796
32.00000 31.00000 121980.73956
32.00000 32.00000 121982.66516
32.00000 33.00000 122015.29603
32.00000 34.00000 122027.51522
32.00000 35.00000 122028.21014
32.00000 36.00000 122018.70879
32.00000 37.00000 122034.19661
32.00000 38.00000 122036.30028
32.00000 39.00000 122027.23597
32.00000 40.00000 122025.23513
32.00000 41.00000 122031.15187
32.00000 42.00000 122027.07761
32.00000 43.00000 122017.99675
32.00000 44.00000 122011.29329
32.00000 45.00000 122034.91119
32.00000 46.00000 122050.04039
32.00000 47.00000 122061.13024
32.00000 48.00000 122070.31255
32.00000 49.00000 122099.78902
32.00000 50.00000 122120.13404
32.00000 51.00000 122119.75277
32.00000 52.00000 122107.22758
32.00000 53.00000 122108.22333
32.00000 54.00000 122104.28475
32.00000 55.00000 122103.47898
32.00000 56.00000 122104.44334
32.00000 57.00000 122128.55882
32.00000 58.00000 122137.99516
32.00000 59.00000 122136.80630
32.00000 60.00000 122139.43680
32.00000 61.00000 122163.86476
32.00000 62.00000 122169.59713
32.00000 63.00000 122151.71135
32.00000 64.00000 122138.51336
32.00000 65.00000 122160.03406
32.00000 66.00000 122163.94625
32.00000 67.00000 122161.39256
32.00000 68.00000 122165.52228
32.00000 69.00000 122194.63910
32.00000 70.00000 122213.57874
33.00000 25.00000 121916.68222
33.00000 26.00000 121944.08832
33.00000 27.00000 121958.71048
33.00000 28.00000 121967.17268
33.00000 29.00000 121987.78063
33.00000 30.00000 121980.38633
33.00000 31.00000 121970.51768
33.00000 32.00000 121968.17108
33.00000 33.00000 122004.10223
33.00000 34.00000 122018.67073
33.00000 35.00000 122017.03716
33.00000 36.00000 122006.56141
33.00000 37.00000 122025.14131
33.00000 38.00000 122028.53903
33.00000 39.00000 122019.24399
33.00000 40.00000 122016.21821
33.00000 41.00000 122023.57453
33.00000 42.00000 122019.44978
33.00000 43.00000 122009.92810
33.00000 44.00000 122003.40050
33.00000 45.00000 122029.08394
33.00000 46.00000 122045.22958
33.00000 47.00000 122053.83450
33.00000 48.00000 122059.85846
33.00000 49.00000 122089.52359
33.00000 50.00000 122109.10692
33.00000 51.00000 122107.25768
33.00000 52.00000 122094.86705
33.00000 53.00000 122097.13940
33.00000 54.00000 122093.64053
33.00000 55.00000 122091.35551
33.00000 56.00000 122092.26425
33.00000 57.00000 122119.11938
33.00000 58.00000 122130.97783
33.00000 59.00000 122129.28528
33.00000 60.00000 122130.82776
33.00000 61.00000 122154.48651
33.00000 62.00000 122158.74451
33.00000 63.00000 122138.65047
33.00000 64.00000 122125.00903
33.00000 65.00000 122149.26357
33.00000 66.00000 122154.30023
33.00000 67.00000 122151.71706
33.00000 68.00000 122157.33648
33.00000 69.00000 122188.45054
33.00000 70.00000 122207.65519
34.00000 25.00000 121895.35359
34.00000 26.00000 121919.04424
34.00000 27.00000 121930.83755
34.00000 28.00000 121936.14664
34.00000 29.00000 121959.44682
34.00000 30.00000 121958.58395
34.00000 31.00000 121949.12728
34.00000 32.00000 121944.91559
34.00000 33.00000 121985.03899
34.00000 34.00000 122003.44871
34.00000 35.00000 121993.07837
34.00000 36.00000 121974.71265
34.00000 37.00000 121992.25787
34.00000 38.00000 121998.62529
34.00000 39.00000 121991.65752
34.00000 40.00000 121987.32532
34.00000 41.00000 121997.01302
34.00000 42.00000 121996.44955
34.00000 43.00000 121989.13668
34.00000 44.00000 121980.92807
34.00000 45.00000 122006.20509
34.00000 46.00000 122023.40532
34.00000 47.00000 122031.47221
34.00000 48.00000 122033.30541
34.00000 49.00000 122061.11626
34.00000 50.00000 122080.92536
34.00000 51.00000 122080.14161
34.00000 52.00000 122067.86183
34.00000 53.00000 122069.37788
34.00000 54.00000 122066.77186
34.00000 55.00000 122063.49127
34.00000 56.00000 122063.32782
34.00000 57.00000 122091.88040
34.00000 58.00000 122106.16825
34.00000 59.00000 122104.67847
34.00000 60.00000 122103.96331
34.00000 61.00000 122124.91079
34.00000 62.00000 122128.24075
34.00000 63.00000 122108.03528
34.00000 64.00000 122096.06089
34.00000 65.00000 122123.59914
34.00000 66.00000 122130.36641
34.00000 67.00000 122128.02146
34.00000 68.00000 122133.66787
34.00000 69.00000 122165.66660
34.00000 70.00000 122185.20351
35.00000 25.00000 121878.75447
35.00000 26.00000 121896.30856
35.00000 27.00000 121906.46361
35.00000 28.00000 121911.41615
35.00000 29.00000 121936.22934
35.00000 30.00000 121941.77502
35.00000 31.00000 121939.85852
35.00000 32.00000 121935.46743
35.00000 33.00000 121968.04388
35.00000 34.00000 121982.65618
35.00000 35.00000 121976.34246
35.00000 36.00000 121950.09070
35.00000 37.00000 121962.87100
35.00000 38.00000 121968.45349
35.00000 39.00000 121964.20800
35.00000 40.00000 121958.73506
35.00000 41.00000 121969.18037
35.00000 42.00000 121974.63133
35.00000 43.00000 121973.47740
35.00000 44.00000 121965.67090
35.00000 45.00000 121989.31616
35.00000 46.00000 122005.96205
35.00000 47.00000 122014.20235
35.00000 48.00000 122014.10024
35.00000 49.00000 122038.74343
35.00000 50.00000 122058.48626
35.00000 51.00000 122059.69531
35.00000 52.00000 122047.74163
35.00000 53.00000 122047.89370
35.00000 54.00000 122046.86177
35.00000 55.00000 122043.05686
35.00000 56.00000 122040.75999
35.00000 57.00000 122068.75040
35.00000 58.00000 122084.06313
35.00000 59.00000 122083.89947
35.00000 60.00000 122081.76845
35.00000 61.00000 122099.48051
35.00000 62.00000 122101.72275
35.00000 63.00000 122082.53729
35.00000 64.00000 122072.94609
35.00000 65.00000 122103.07569
35.00000 66.00000 122112.39586
35.00000 67.00000 122111.22227
35.00000 68.00000 122116.04354
35.00000 69.00000 122147.78516
35.00000 70.00000 122167.62196
36.00000 25.00000 121878.71932
36.00000 26.00000 121895.81431
36.00000 27.00000 121906.04041
36.00000 28.00000 121910.59306
36.00000 29.00000 121935.28000
36.00000 30.00000 121941.43162
36.00000 31.00000 121940.84898
36.00000 32.00000 121939.95247
36.00000 33.00000 121967.73263
36.00000 34.00000 121976.67125
36.00000 35.00000 121973.64023
36.00000 36.00000 121951.97081
36.00000 37.00000 121960.24125
36.00000 38.00000 121962.18899
36.00000 39.00000 121957.27724
36.00000 40.00000 121953.27260
36.00000 41.00000 121962.00904
36.00000 42.00000 121967.98498
36.00000 43.00000 121970.07039
36.00000 44.00000 121966.44000
36.00000 45.00000 121990.71789
36.00000 46.00000 122004.72495
36.00000 47.00000 122012.16501
36.00000 48.00000 122015.31276
36.00000 49.00000 122040.50141
36.00000 50.00000 122059.85406
36.00000 51.00000 122062.08655
36.00000 52.00000 122050.41176
36.00000 53.00000 122047.81070
36.00000 54.00000 122044.33065
36.00000 55.00000 122039.43435
36.00000 56.00000 122036.14791
36.00000 57.00000 122063.58083
36.00000 58.00000 122076.23621
36.00000 59.00000 122077.88656
36.00000 60.00000 122079.80716
36.00000 61.00000 122098.68885
36.00000 62.00000 122100.77566
36.00000 63.00000 122080.90468
36.00000 64.00000 122070.93304
36.00000 65.00000 122101.91571
36.00000 66.00000 122113.29334
36.00000 67.00000 122113.71070
36.00000 68.00000 122119.21214
36.00000 69.00000 122150.19814
36.00000 70.00000 122168.69163
37.00000 25.00000 121899.05697
37.00000 26.00000 121919.55331
37.00000 27.00000 121929.68830
37.00000 28.00000 121932.57593
37.00000 29.00000 121960.16098
37.00000 30.00000 121966.49495
37.00000 31.00000 121963.45165
37.00000 32.00000 121963.67815
37.00000 33.00000 121997.09599
37.00000 34.00000 122010.12364
37.00000 35.00000 122003.31328
37.00000 36.00000 121984.71924
37.00000 37.00000 121999.24500
37.00000 38.00000 121998.12279
37.00000 39.00000 121990.16849
37.00000 40.00000 121990.30252
37.00000 41.00000 122000.11327
37.00000 42.00000 122000.22157
37.00000 43.00000 121998.28363
37.00000 44.00000 121995.18311
37.00000 45.00000 122023.17777
37.00000 46.00000 122035.67420
37.00000 47.00000 122039.70191
37.00000 48.00000 122042.47402
37.00000 49.00000 122070.84355
37.00000 50.00000 122090.43109
37.00000 51.00000 122092.43673
37.00000 52.00000 122082.44846
37.00000 53.00000 122082.59563
37.00000 54.00000 122075.41049
37.00000 55.00000 122069.12622
37.00000 56.00000 122066.02243
37.00000 57.00000 122095.79481
37.00000 58.00000 122105.65713
37.00000 59.00000 122106.48692
37.00000 60.00000 122109.93506
37.00000 61.00000 122132.79503
37.00000 62.00000 122134.39502
37.00000 63.00000 122116.57200
37.00000 64.00000 122107.35748
37.00000 65.00000 122137.97163
37.00000 66.00000 122147.08426
37.00000 67.00000 122145.60309
37.00000 68.00000 122149.45028
37.00000 69.00000 122180.34420
37.00000 70.00000 122197.71932
38.00000 25.00000 121906.51333
38.00000 26.00000 121928.94624
38.00000 27.00000 121940.68659
38.00000 28.00000 121944.56793
38.00000 29.00000 121972.92586
38.00000 30.00000 121978.90064
38.00000 31.00000 121975.27329
38.00000 32.00000 121975.56616
38.00000 33.00000 122007.07452
38.00000 34.00000 122019.81393
38.00000 35.00000 122014.99850
38.00000 36.00000 121997.53637
38.00000 37.00000 122020.58390
38.00000 38.00000 122024.33082
38.00000 39.00000 122013.00577
38.00000 40.00000 122011.98081
38.00000 41.00000 122025.07192
38.00000 42.00000 122021.35563
38.00000 43.00000 122014.92835
38.00000 44.00000 122010.31133
38.00000 45.00000 122038.72886
38.00000 46.00000 122052.23946
38.00000 47.00000 122056.32678
38.00000 48.00000 122057.60551
38.00000 49.00000 122085.70268
38.00000 50.00000 122105.87946
38.00000 51.00000 122108.49555
38.00000 52.00000 122098.03785
38.00000 53.00000 122100.85046
38.00000 54.00000 122093.30751
38.00000 55.00000 122088.08157
38.00000 56.00000 122085.51206
38.00000 57.00000 122115.16508
38.00000 58.00000 122123.65393
38.00000 59.00000 122123.40237
38.00000 60.00000 122126.02572
38.00000 61.00000 122152.59929
38.00000 62.00000 122156.49210
38.00000 63.00000 122142.27179
38.00000 64.00000 122133.52609
38.00000 65.00000 122162.53037
38.00000 66.00000 122169.25161
38.00000 67.00000 122165.65112
38.00000 68.00000 122166.18916
38.00000 69.00000 122194.74512
38.00000 70.00000 122211.93684
39.00000 25.00000 121903.18871
39.00000 26.00000 121924.50712
39.00000 27.00000 121938.40433
39.00000 28.00000 121945.13107
39.00000 29.00000 121971.99262
39.00000 30.00000 121977.36868
39.00000 31.00000 121975.26444
39.00000 32.00000 121977.82888
39.00000 33.00000 122006.15733
39.00000 34.00000 122015.08740
39.00000 35.00000 122012.62203
39.00000 36.00000 121999.38267
39.00000 37.00000 122022.43255
39.00000 38.00000 122030.25884
39.00000 39.00000 122025.83837
39.00000 40.00000 122018.88341
39.00000 41.00000 122029.80043
39.00000 42.00000 122025.49695
39.00000 43.00000 122017.69525
39.00000 44.00000 122013.48523
39.00000 45.00000 122040.13302
39.00000 46.00000 122054.57162
39.00000 47.00000 122059.38798
39.00000 48.00000 122059.58228
39.00000 49.00000 122085.97466
39.00000 50.00000 122105.63987
39.00000 51.00000 122108.81151
39.00000 52.00000 122095.96888
39.00000 53.00000 122096.51637
39.00000 54.00000 122088.36969
39.00000 55.00000 122084.44564
39.00000 56.00000 122083.35435
39.00000 57.00000 122112.95128
39.00000 58.00000 122123.84910
39.00000 59.00000 122124.33730
39.00000 60.00000 122125.71368
39.00000 61.00000 122153.54963
39.00000 62.00000 122160.50212
39.00000 63.00000 122149.42276
39.00000 64.00000 122140.04011
39.00000 65.00000 122167.01291
39.00000 66.00000 122172.77725
39.00000 67.00000 122167.78589
39.00000 68.00000 122164.50299
39.00000 69.00000 122188.92930
39.00000 70.00000 122206.04159
40.00000 25.00000 121895.44383
40.00000 26.00000 121914.92701
40.00000 27.00000 121928.46940
40.00000 28.00000 121935.81766
40.00000 29.00000 121962.53161
40.00000 30.00000 121967.72997
40.00000 31.00000 121966.72039
40.00000 32.00000 121973.91185
40.00000 33.00000 122004.72887
40.00000 34.00000 122014.78613
40.00000 35.00000 122011.79325
40.00000 36.00000 122002.44210
40.00000 37.00000 122024.69708
40.00000 38.00000 122028.48991
40.00000 39.00000 122023.21255
40.00000 40.00000 122016.79650
40.00000 41.00000 122024.84251
40.00000 42.00000 122016.53349
40.00000 43.00000 122007.14438
40.00000 44.00000 122009.54311
40.00000 45.00000 122039.67758
40.00000 46.00000 122053.37663
40.00000 47.00000 122055.39691
40.00000 48.00000 122055.66364
40.00000 49.00000 122081.57100
40.00000 50.00000 122098.67183
40.00000 51.00000 122100.62304
40.00000 52.00000 122089.54537
40.00000 53.00000 122087.31670
40.00000 54.00000 122074.08760
40.00000 55.00000 122065.51456
40.00000 56.00000 122064.37240
40.00000 57.00000 122097.54435
40.00000 58.00000 122113.14221
40.00000 59.00000 122115.55472
40.00000 60.00000 122120.23338
40.00000 61.00000 122148.23337
40.00000 62.00000 122154.89413
40.00000 63.00000 122144.02702
40.00000 64.00000 122134.68624
40.00000 65.00000 122160.41669
40.00000 66.00000 122164.35281
40.00000 67.00000 122157.68811
40.00000 68.00000 122155.46144
40.00000 69.00000 122178.79765
40.00000 70.00000 122193.86402
41.00000 25.00000 121915.26456
41.00000 26.00000 121936.36719
41.00000 27.00000 121947.99400
41.00000 28.00000 121952.76936
41.00000 29.00000 121979.72211
41.00000 30.00000 121983.17917
41.00000 31.00000 121979.98168
41.00000 32.00000 121986.06912
41.00000 33.00000 122019.08554
41.00000 34.00000 122029.69854
41.00000 35.00000 122025.31657
41.00000 36.00000 122014.46505
41.00000 37.00000 122039.15214
41.00000 38.00000 122044.46696
41.00000 39.00000 122036.79842
41.00000 40.00000 122028.07406
41.00000 41.00000 122039.67807
41.00000 42.00000 122028.05311
41.00000 43.00000 122016.08629
41.00000 44.00000 122019.08885
41.00000 45.00000 122057.20165
41.00000 46.00000 122071.60510
41.00000 47.00000 122070.85663
41.00000 48.00000 122069.33024
41.00000 49.00000 122097.49345
41.00000 50.00000 122114.05774
41.00000 51.00000 122115.08687
41.00000 52.00000 122106.90375
41.00000 53.00000 122108.52608
41.00000 54.00000 122095.05562
41.00000 55.00000 122081.44786
41.00000 56.00000 122073.78838
41.00000 57.00000 122108.01347
41.00000 58.00000 122124.16039
41.00000 59.00000 122126.90317
41.00000 60.00000 122134.25613
41.00000 61.00000 122165.01826
41.00000 62.00000 122171.34413
41.00000 63.00000 122155.34150
41.00000 64.00000 122141.67283
41.00000 65.00000 122168.14681
41.00000 66.00000 122172.31930
41.00000 67.00000 122165.78129
41.00000 68.00000 122166.86443
41.00000 69.00000 122194.85166
41.00000 70.00000 122210.93737
42.00000 25.00000 121920.81382
42.00000 26.00000 121943.31346
42.00000 27.00000 121955.15606
42.00000 28.00000 121958.07273
42.00000 29.00000 121982.80553
42.00000 30.00000 121984.14020
42.00000 31.00000 121979.85650
42.00000 32.00000 121985.06876
42.00000 33.00000 122018.38164
42.00000 34.00000 122030.13633
42.00000 35.00000 122027.15953
42.00000 36.00000 122015.04544
42.00000 37.00000 122035.78656
42.00000 38.00000 122039.43981
42.00000 39.00000 122031.51097
42.00000 40.00000 122020.59520
42.00000 41.00000 122030.04503
42.00000 42.00000 122027.22262
42.00000 43.00000 122015.24345
42.00000 44.00000 122014.81034
42.00000 45.00000 122053.76198
42.00000 46.00000 122071.81129
42.00000 47.00000 122071.96205
42.00000 48.00000 122068.85747
42.00000 49.00000 122096.35244
42.00000 50.00000 122113.02484
42.00000 51.00000 122114.95032
42.00000 52.00000 122107.93853
42.00000 53.00000 122110.93026
42.00000 54.00000 122099.28450
42.00000 55.00000 122084.85415
42.00000 56.00000 122073.85751
42.00000 57.00000 122107.42362
42.00000 58.00000 122123.79161
42.00000 59.00000 122127.11784
42.00000 60.00000 122134.20950
42.00000 61.00000 122163.56108
42.00000 62.00000 122170.72947
42.00000 63.00000 122152.59704
42.00000 64.00000 122136.44846
42.00000 65.00000 122162.30310
42.00000 66.00000 122165.97752
42.00000 67.00000 122160.49229
42.00000 68.00000 122163.86619
42.00000 69.00000 122194.64630
42.00000 70.00000 122213.78602
43.00000 25.00000 121926.88287
43.00000 26.00000 121947.95755
43.00000 27.00000 121959.36668
43.00000 28.00000 121961.44164
43.00000 29.00000 121983.85161
43.00000 30.00000 121984.79616
43.00000 31.00000 121981.10004
43.00000 32.00000 121985.88675
43.00000 33.00000 122017.52939
43.00000 34.00000 122029.40652
43.00000 35.00000 122028.35024
43.00000 36.00000 122015.00574
43.00000 37.00000 122032.04149
43.00000 38.00000 122034.08604
43.00000 39.00000 122024.41620
43.00000 40.00000 122012.64327
43.00000 41.00000 122019.28368
43.00000 42.00000 122021.36164
43.00000 43.00000 122014.11675
43.00000 44.00000 122009.28915
43.00000 45.00000 122045.06120
43.00000 46.00000 122065.75706
43.00000 47.00000 122071.79739
43.00000 48.00000 122069.38084
43.00000 49.00000 122093.16512
43.00000 50.00000 122108.99084
43.00000 51.00000 122112.56694
43.00000 52.00000 122106.80080
43.00000 53.00000 122110.22519
43.00000 54.00000 122101.98809
43.00000 55.00000 122089.67675
43.00000 56.00000 122078.13645
43.00000 57.00000 122107.54564
43.00000 58.00000 122122.28300
43.00000 59.00000 122126.52213
43.00000 60.00000 122133.61689
43.00000 61.00000 122160.75251
43.00000 62.00000 122167.64551
43.00000 63.00000 122148.34680
43.00000 64.00000 122132.08831
43.00000 65.00000 122157.22204
43.00000 66.00000 122160.27253
43.00000 67.00000 122155.15235
43.00000 68.00000 122159.60270
43.00000 69.00000 122191.49219
43.00000 70.00000 122213.17257
44.00000 25.00000 121920.98121
44.00000 26.00000 121941.28720
44.00000 27.00000 121952.35831
44.00000 28.00000 121956.59357
44.00000 29.00000 121977.77735
44.00000 30.00000 121977.59789
44.00000 31.00000 121973.84765
44.00000 32.00000 121978.12599
44.00000 33.00000 122008.64984
44.00000 34.00000 122019.31773
44.00000 35.00000 122018.52062
44.00000 36.00000 122006.42473
44.00000 37.00000 122024.10529
44.00000 38.00000 122026.41058
44.00000 39.00000 122015.98950
44.00000 40.00000 122003.57916
44.00000 41.00000 122006.57238
44.00000 42.00000 122007.01413
44.00000 43.00000 122000.98995
44.00000 44.00000 121996.06696
44.00000 45.00000 122030.01386
44.00000 46.00000 122048.73600
44.00000 47.00000 122057.80557
44.00000 48.00000 122060.83250
44.00000 49.00000 122084.98020
44.00000 50.00000 122098.74505
44.00000 51.00000 122101.29033
44.00000 52.00000 122097.36749
44.00000 53.00000 122102.91991
44.00000 54.00000 122097.31566
44.00000 55.00000 122087.94791
44.00000 56.00000 122078.97745
44.00000 57.00000 122106.23513
44.00000 58.00000 122117.81345
44.00000 59.00000 122121.70472
44.00000 60.00000 122129.46827
44.00000 61.00000 122154.69234
44.00000 62.00000 122158.49682
44.00000 63.00000 122137.47902
44.00000 64.00000 122123.51893
44.00000 65.00000 122150.80415
44.00000 66.00000 122154.09534
44.00000 67.00000 122148.75869
44.00000 68.00000 122152.37583
44.00000 69.00000 122182.88234
44.00000 70.00000 122205.10424
45.00000 25.00000 121926.71979
45.00000 26.00000 121948.76234
45.00000 27.00000 121959.53068
45.00000 28.00000 121963.57656
45.00000 29.00000 121986.02100
45.00000 30.00000 121985.42831
45.00000 31.00000 121980.95514
45.00000 32.00000 121984.33417
45.00000 33.00000 122017.98552
45.00000 34.00000 122029.79010
45.00000 35.00000 122026.80416
45.00000 36.00000 122014.00420
45.00000 37.00000 122036.60450
45.00000 38.00000 122041.96325
45.00000 39.00000 122033.71318
45.00000 40.00000 122027.97064
45.00000 41.00000 122033.33352
45.00000 42.00000 122027.21666
45.00000 43.00000 122015.68022
45.00000 44.00000 122007.89760
45.00000 45.00000 122043.29921
45.00000 46.00000 122060.33949
45.00000 47.00000 122066.79341
45.00000 48.00000 122071.44381
45.00000 49.00000 122100.03269
45.00000 50.00000 122111.71786
45.00000 51.00000 122109.45932
45.00000 52.00000 122103.11249
45.00000 53.00000 122111.94140
45.00000 54.00000 122109.34285
45.00000 55.00000 122103.27062
45.00000 56.00000 122098.12049
45.00000 57.00000 122126.72441
45.00000 58.00000 122137.23143
45.00000 59.00000 122138.28273
45.00000 60.00000 122142.60615
45.00000 61.00000 122168.23188
45.00000 62.00000 122170.05771
45.00000 63.00000 122149.77392
45.00000 64.00000 122137.34626
45.00000 65.00000 122166.96723
45.00000 66.00000 122171.06396
45.00000 67.00000 122166.22266
45.00000 68.00000 122168.66462
45.00000 69.00000 122198.70915
45.00000 70.00000 122220.26389
46.00000 25.00000 121919.98344
46.00000 26.00000 121942.78413
46.00000 27.00000 121954.57500
46.00000 28.00000 121958.42256
46.00000 29.00000 121981.25525
46.00000 30.00000 121981.55090
46.00000 31.00000 121978.04264
46.00000 32.00000 121980.43010
46.00000 33.00000 122012.64060
46.00000 34.00000 122024.02283
46.00000 35.00000 122020.24327
46.00000 36.00000 122005.08708
46.00000 37.00000 122029.52807
46.00000 38.00000 122038.39447
46.00000 39.00000 122032.77453
46.00000 40.00000 122028.71232
46.00000 41.00000 122036.43161
46.00000 42.00000 122032.02220
46.00000 43.00000 122019.21290
46.00000 44.00000 122008.03069
46.00000 45.00000 122037.80673
46.00000 46.00000 122054.55574
46.00000 47.00000 122062.26971
46.00000 48.00000 122065.11566
46.00000 49.00000 122093.49362
46.00000 50.00000 122107.71600
46.00000 51.00000 122102.99910
46.00000 52.00000 122092.94617
46.00000 53.00000 122102.52735
46.00000 54.00000 122105.18237
46.00000 55.00000 122104.07688
46.00000 56.00000 122102.31775
46.00000 57.00000 122129.95498
46.00000 58.00000 122139.90095
46.00000 59.00000 122137.56882
46.00000 60.00000 122136.32436
46.00000 61.00000 122161.76293
46.00000 62.00000 122166.83408
46.00000 63.00000 122149.56542
46.00000 64.00000 122137.47674
46.00000 65.00000 122165.58668
46.00000 66.00000 122170.80179
46.00000 67.00000 122166.59278
46.00000 68.00000 122168.94437
46.00000 69.00000 122200.33052
46.00000 70.00000 122222.47734
47.00000 25.00000 121909.09781
47.00000 26.00000 121930.40795
47.00000 27.00000 121942.14540
47.00000 28.00000 121944.64731
47.00000 29.00000 121966.92853
47.00000 30.00000 121968.85682
47.00000 31.00000 121967.16977
47.00000 32.00000 121970.31524
47.00000 33.00000 121998.85427
47.00000 34.00000 122009.77357
47.00000 35.00000 122007.41725
47.00000 36.00000 121991.87896
47.00000 37.00000 122014.70135
47.00000 38.00000 122024.58188
47.00000 39.00000 122021.36385
47.00000 40.00000 122017.54387
47.00000 41.00000 122024.08426
47.00000 42.00000 122021.78378
47.00000 43.00000 122011.54910
47.00000 44.00000 121998.87485
47.00000 45.00000 122023.06925
47.00000 46.00000 122036.52232
47.00000 47.00000 122046.31470
47.00000 48.00000 122049.11063
47.00000 49.00000 122075.27841
47.00000 50.00000 122090.43009
47.00000 51.00000 122086.36722
47.00000 52.00000 122074.83371
47.00000 53.00000 122082.41163
47.00000 54.00000 122086.67208
47.00000 55.00000 122089.28174
47.00000 56.00000 122090.43130
47.00000 57.00000 122117.38882
47.00000 58.00000 122127.68916
47.00000 59.00000 122124.95028
47.00000 60.00000 122121.48480
47.00000 61.00000 122143.05983
47.00000 62.00000 122148.70908
47.00000 63.00000 122134.04402
47.00000 64.00000 122123.18315
47.00000 65.00000 122150.02134
47.00000 66.00000 122156.35254
47.00000 67.00000 122152.66267
47.00000 68.00000 122155.55406
47.00000 69.00000 122187.38083
47.00000 70.00000 122209.65496
48.00000 25.00000 121897.26320
48.00000 26.00000 121917.82535
48.00000 27.00000 121929.18756
48.00000 28.00000 121931.73624
48.00000 29.00000 121951.32623
48.00000 30.00000 121949.67680
48.00000 31.00000 121944.93747
48.00000 32.00000 121951.43226
48.00000 33.00000 121980.50737
48.00000 34.00000 121991.19585
48.00000 35.00000 121989.39714
48.00000 36.00000 121977.19941
48.00000 37.00000 121999.52144
48.00000 38.00000 122007.46849
48.00000 39.00000 122003.03351
48.00000 40.00000 121999.86023
48.00000 41.00000 122005.11159
48.00000 42.00000 122001.16049
48.00000 43.00000 121990.11689
48.00000 44.00000 121981.35067
48.00000 45.00000 122007.51718
48.00000 46.00000 122019.68647
48.00000 47.00000 122024.42150
48.00000 48.00000 122035.77855
48.00000 49.00000 122058.34866
48.00000 50.00000 122067.34469
48.00000 51.00000 122063.10081
48.00000 52.00000 122055.67340
48.00000 53.00000 122063.68255
48.00000 54.00000 122067.10084
48.00000 55.00000 122069.30773
48.00000 56.00000 122070.71167
48.00000 57.00000 122095.95632
48.00000 58.00000 122104.46599
48.00000 59.00000 122101.36926
48.00000 60.00000 122100.19216
48.00000 61.00000 122119.95079
48.00000 62.00000 122123.47891
48.00000 63.00000 122108.39520
48.00000 64.00000 122099.31804
48.00000 65.00000 122125.95978
48.00000 66.00000 122134.04800
48.00000 67.00000 122131.71710
48.00000 68.00000 122136.12669
48.00000 69.00000 122166.87121
48.00000 70.00000 122186.73630
49.00000 25.00000 121904.83734
49.00000 26.00000 121926.40420
49.00000 27.00000 121936.33247
49.00000 28.00000 121938.35218
49.00000 29.00000 121958.64241
49.00000 30.00000 121954.93075
49.00000 31.00000 121945.69495
49.00000 32.00000 121949.96026
49.00000 33.00000 121981.57388
49.00000 34.00000 121991.97248
49.00000 35.00000 121987.57481
49.00000 36.00000 121972.89457
49.00000 37.00000 121996.47142
49.00000 38.00000 122005.46006
49.00000 39.00000 121998.89211
49.00000 40.00000 121992.97328
49.00000 41.00000 121999.04667
49.00000 42.00000 121993.73437
49.00000 43.00000 121980.39523
49.00000 44.00000 121971.29309
49.00000 45.00000 122003.57885
49.00000 46.00000 122022.84995
49.00000 47.00000 122028.93468
49.00000 48.00000 122035.30305
49.00000 49.00000 122057.74258
49.00000 50.00000 122062.94038
49.00000 51.00000 122056.21520
49.00000 52.00000 122051.72454
49.00000 53.00000 122066.67658
49.00000 54.00000 122071.61951
49.00000 55.00000 122072.10546
49.00000 56.00000 122071.57639
49.00000 57.00000 122096.74697
49.00000 58.00000 122104.80169
49.00000 59.00000 122101.25533
49.00000 60.00000 122102.23151
49.00000 61.00000 122125.34240
49.00000 62.00000 122127.88223
49.00000 63.00000 122109.30921
49.00000 64.00000 122096.82215
49.00000 65.00000 122122.21132
49.00000 66.00000 122131.25143
49.00000 67.00000 122129.95840
49.00000 68.00000 122135.67465
49.00000 69.00000 122168.11622
49.00000 70.00000 122187.55703
50.00000 25.00000 121887.67480
50.00000 26.00000 121909.04457
50.00000 27.00000 121920.49755
50.00000 28.00000 121923.25436
50.00000 29.00000 121943.96582
50.00000 30.00000 121941.70152
50.00000 31.00000 121932.91332
50.00000 32.00000 121933.26300
50.00000 33.00000 121963.61631
50.00000 34.00000 121974.95103
50.00000 35.00000 121972.17875
50.00000 36.00000 121953.68372
50.00000 37.00000 121970.64941
50.00000 38.00000 121978.04826
50.00000 39.00000 121971.60095
50.00000 40.00000 121961.98315
50.00000 41.00000 121968.27653
50.00000 42.00000 121966.48436
50.00000 43.00000 121956.47932
50.00000 44.00000 121946.56309
50.00000 45.00000 121976.17706
50.00000 46.00000 121998.96457
50.00000 47.00000 122008.72949
50.00000 48.00000 122010.43379
50.00000 49.00000 122030.59459
50.00000 50.00000 122038.75942
50.00000 51.00000 122033.15215
50.00000 52.00000 122028.40038
50.00000 53.00000 122047.37746
50.00000 54.00000 122057.63442
50.00000 55.00000 122058.05148
50.00000 56.00000 122054.20530
50.00000 57.00000 122076.88543
50.00000 58.00000 122085.78364
50.00000 59.00000 122082.08871
50.00000 60.00000 122082.84154
50.00000 61.00000 122108.94108
50.00000 62.00000 122115.25172
50.00000 63.00000 122096.06512
50.00000 64.00000 122081.70920
50.00000 65.00000 122106.01601
50.00000 66.00000 122114.27346
50.00000 67.00000 122112.39697
50.00000 68.00000 122117.00745
50.00000 69.00000 122149.79510
50.00000 70.00000 122170.34535
51.00000 25.00000 121868.87987
51.00000 26.00000 121888.03154
51.00000 27.00000 121900.19914
51.00000 28.00000 121905.03677
51.00000 29.00000 121925.43625
51.00000 30.00000 121925.78092
51.00000 31.00000 121920.59298
51.00000 32.00000 121920.23749
51.00000 33.00000 121947.88244
51.00000 34.00000 121957.91275
51.00000 35.00000 121955.78344
51.00000 36.00000 121933.92904
51.00000 37.00000 121943.10533
51.00000 38.00000 121947.37560
51.00000 39.00000 121941.99905
51.00000 40.00000 121932.65277
51.00000 41.00000 121937.80899
51.00000 42.00000 121938.55569
51.00000 43.00000 121933.76549
51.00000 44.00000 121925.52589
51.00000 45.00000 121951.73471
51.00000 46.00000 121972.28494
51.00000 47.00000 121984.19709
51.00000 48.00000 121986.78345
51.00000 49.00000 122006.41029
51.00000 50.00000 122018.25150
51.00000 51.00000 122017.19034
51.00000 52.00000 122009.94111
51.00000 53.00000 122026.30088
51.00000 54.00000 122035.55671
51.00000 55.00000 122037.32350
51.00000 56.00000 122034.08101
51.00000 57.00000 122055.78514
51.00000 58.00000 122065.57350
51.00000 59.00000 122063.34596
51.00000 60.00000 122064.11300
51.00000 61.00000 122090.95310
51.00000 62.00000 122099.87283
51.00000 63.00000 122084.52472
51.00000 64.00000 122071.05050
51.00000 65.00000 122094.50483
51.00000 66.00000 122101.83842
51.00000 67.00000 122095.86228
51.00000 68.00000 122097.26992
51.00000 69.00000 122130.56029
51.00000 70.00000 122151.73171
52.00000 25.00000 121858.93709
52.00000 26.00000 121875.74062
52.00000 27.00000 121886.64047
52.00000 28.00000 121894.18741
52.00000 29.00000 121915.02057
52.00000 30.00000 121916.37759
52.00000 31.00000 121912.60379
52.00000 32.00000 121913.65413
52.00000 33.00000 121940.72434
52.00000 34.00000 121949.45594
52.00000 35.00000 121945.54775
52.00000 36.00000 121923.77810
52.00000 37.00000 121927.98827
52.00000 38.00000 121926.78878
52.00000 39.00000 121920.52104
52.00000 40.00000 121916.77662
52.00000 41.00000 121924.03932
52.00000 42.00000 121924.62352
52.00000 43.00000 121920.87061
52.00000 44.00000 121913.69520
52.00000 45.00000 121938.17886
52.00000 46.00000 121956.14287
52.00000 47.00000 121967.73516
52.00000 48.00000 121975.45133
52.00000 49.00000 121997.58456
52.00000 50.00000 122009.12089
52.00000 51.00000 122007.84260
52.00000 52.00000 122000.52828
52.00000 53.00000 122011.18336
52.00000 54.00000 122015.05416
52.00000 55.00000 122015.58499
52.00000 56.00000 122016.72987
52.00000 57.00000 122042.41712
52.00000 58.00000 122053.06837
52.00000 59.00000 122053.56569
52.00000 60.00000 122054.92314
52.00000 61.00000 122079.98361
52.00000 62.00000 122086.43557
52.00000 63.00000 122075.55869
52.00000 64.00000 122065.88627
52.00000 65.00000 122088.21005
52.00000 66.00000 122093.46003
52.00000 67.00000 122085.05729
52.00000 68.00000 122083.70333
52.00000 69.00000 122118.19597
52.00000 70.00000 122138.60919
53.00000 25.00000 121890.69175
53.00000 26.00000 121906.98731
53.00000 27.00000 121915.93176
53.00000 28.00000 121923.50028
53.00000 29.00000 121946.04170
53.00000 30.00000 121947.01916
53.00000 31.00000 121941.51384
53.00000 32.00000 121940.55597
53.00000 33.00000 121967.95099
53.00000 34.00000 121976.86130
53.00000 35.00000 121971.95654
53.00000 36.00000 121953.26847
53.00000 37.00000 121963.98574
53.00000 38.00000 121960.64914
53.00000 39.00000 121949.36075
53.00000 40.00000 121949.60955
53.00000 41.00000 121961.68345
53.00000 42.00000 121960.42807
53.00000 43.00000 121952.74551
53.00000 44.00000 121942.51577
53.00000 45.00000 121966.18530
53.00000 46.00000 121982.48130
53.00000 47.00000 121993.25077
53.00000 48.00000 122002.72293
53.00000 49.00000 122030.19690
53.00000 50.00000 122041.38970
53.00000 51.00000 122037.75310
53.00000 52.00000 122026.43529
53.00000 53.00000 122041.57218
53.00000 54.00000 122041.09858
53.00000 55.00000 122038.31803
53.00000 56.00000 122035.98769
53.00000 57.00000 122065.62601
53.00000 58.00000 122077.25955
53.00000 59.00000 122080.70020
53.00000 60.00000 122083.46898
53.00000 61.00000 122108.67360
53.00000 62.00000 122111.79367
53.00000 63.00000 122100.20942
53.00000 64.00000 122089.77030
53.00000 65.00000 122112.94928
53.00000 66.00000 122117.56222
53.00000 67.00000 122109.02958
53.00000 68.00000 122106.92392
53.00000 69.00000 122143.36311
53.00000 70.00000 122164.00592
54.00000 25.00000 121897.14679
54.00000 26.00000 121911.52203
54.00000 27.00000 121918.06817
54.00000 28.00000 121924.29810
54.00000 29.00000 121948.66082
54.00000 30.00000 121952.26547
54.00000 31.00000 121948.84108
54.00000 32.00000 121946.39664
54.00000 33.00000 121970.34431
54.00000 34.00000 121976.86697
54.00000 35.00000 121971.75908
54.00000 36.00000 121954.75047
54.00000 37.00000 121970.87223
54.00000 38.00000 121970.78094
54.00000 39.00000 121958.41665
54.00000 40.00000 121960.04158
54.00000 41.00000 121973.69827
54.00000 42.00000 121971.43845
54.00000 43.00000 121961.67657
54.00000 44.00000 121948.53693
54.00000 45.00000 121971.43900
54.00000 46.00000 121986.13041
54.00000 47.00000 121996.33281
54.00000 48.00000 122004.45103
54.00000 49.00000 122032.90765
54.00000 50.00000 122049.55303
54.00000 51.00000 122048.02101
54.00000 52.00000 122033.25034
54.00000 53.00000 122041.23565
54.00000 54.00000 122046.88881
54.00000 55.00000 122039.33348
54.00000 56.00000 122035.07920
54.00000 57.00000 122066.09714
54.00000 58.00000 122082.11867
54.00000 59.00000 122089.42836
54.00000 60.00000 122092.53968
54.00000 61.00000 122117.22969
54.00000 62.00000 122118.68640
54.00000 63.00000 122106.62888
54.00000 64.00000 122095.25177
54.00000 65.00000 122118.49797
54.00000 66.00000 122123.17089
54.00000 67.00000 122115.75103
54.00000 68.00000 122113.30289
54.00000 69.00000 122148.94814
54.00000 70.00000 122169.31899
55.00000 25.00000 121893.11469
55.00000 26.00000 121906.91908
55.00000 27.00000 121911.67511
55.00000 28.00000 121914.60737
55.00000 29.00000 121939.09037
55.00000 30.00000 121943.34993
55.00000 31.00000 121940.10747
55.00000 32.00000 121938.30401
55.00000 33.00000 121959.67839
55.00000 34.00000 121964.51975
55.00000 35.00000 121959.93751
55.00000 36.00000 121944.49685
55.00000 37.00000 121961.54902
55.00000 38.00000 121963.26504
55.00000 39.00000 121951.88911
55.00000 40.00000 121953.43208
55.00000 41.00000 121967.95466
55.00000 42.00000 121964.77005
55.00000 43.00000 121954.73501
55.00000 44.00000 121942.43099
55.00000 45.00000 121965.80958
55.00000 46.00000 121979.71478
55.00000 47.00000 121989.05089
55.00000 48.00000 121996.65115
55.00000 49.00000 122023.53459
55.00000 50.00000 122040.17919
55.00000 51.00000 122041.17648
55.00000 52.00000 122027.54033
55.00000 53.00000 122032.77858
55.00000 54.00000 122035.86624
55.00000 55.00000 122032.35788
55.00000 56.00000 122027.13528
55.00000 57.00000 122056.34225
55.00000 58.00000 122071.81401
55.00000 59.00000 122081.83806
55.00000 60.00000 122089.06470
55.00000 61.00000 122115.81881
55.00000 62.00000 122117.34006
55.00000 63.00000 122102.31353
55.00000 64.00000 122089.98049
55.00000 65.00000 122113.26836
55.00000 66.00000 122117.90586
55.00000 67.00000 122109.77110
55.00000 68.00000 122108.88712
55.00000 69.00000 122143.33478
55.00000 70.00000 122161.91338
