k1 k2 chisq 
11.00000 25.00000 55556.94875
11.00000 26.00000 55559.81987
11.00000 27.00000 55560.51011
11.00000 28.00000 55568.46377
11.00000 29.00000 55583.47619
11.00000 30.00000 55595.78556
11.00000 31.00000 55603.13777
11.00000 32.00000 55601.73666
11.00000 33.00000 55597.71172
11.00000 34.00000 55590.79653
11.00000 35.00000 55585.80720
11.00000 36.00000 55578.94081
11.00000 37.00000 55571.24459
11.00000 38.00000 55560.58023
11.00000 39.00000 55555.16124
11.00000 40.00000 55562.67826
11.00000 41.00000 55573.89634
11.00000 42.00000 55584.39066
11.00000 43.00000 55590.86623
11.00000 44.00000 55589.58309
11.00000 45.00000 55587.38267
11.00000 46.00000 55585.36508
11.00000 47.00000 55591.40213
11.00000 48.00000 55602.24399
11.00000 49.00000 55615.55513
11.00000 50.00000 55629.48250
11.00000 51.00000 55638.25690
11.00000 52.00000 55645.65022
11.00000 53.00000 55652.04929
11.00000 54.00000 55653.21751
11.00000 55.00000 55652.64451
11.00000 56.00000 55651.72467
11.00000 57.00000 55649.27501
11.00000 58.00000 55643.19067
11.00000 59.00000 55640.03126
11.00000 60.00000 55637.27998
11.00000 61.00000 55636.13914
11.00000 62.00000 55639.91849
11.00000 63.00000 55644.46524
11.00000 64.00000 55652.87336
11.00000 65.00000 55662.66229
11.00000 66.00000 55666.08691
11.00000 67.00000 55665.09469
11.00000 68.00000 55665.35976
11.00000 69.00000 55665.54694
11.00000 70.00000 55665.81214
12.00000 25.00000 55547.55231
12.00000 26.00000 55550.45228
12.00000 27.00000 55551.96221
12.00000 28.00000 55561.01924
12.00000 29.00000 55576.14825
12.00000 30.00000 55587.82322
12.00000 31.00000 55594.70427
12.00000 32.00000 55592.27905
12.00000 33.00000 55587.99098
12.00000 34.00000 55581.73568
12.00000 35.00000 55577.83340
12.00000 36.00000 55571.56269
12.00000 37.00000 55563.34808
12.00000 38.00000 55551.37830
12.00000 39.00000 55545.14331
12.00000 40.00000 55552.20116
12.00000 41.00000 55563.70352
12.00000 42.00000 55575.01982
12.00000 43.00000 55582.43864
12.00000 44.00000 55582.15298
12.00000 45.00000 55580.75132
12.00000 46.00000 55578.93417
12.00000 47.00000 55584.94472
12.00000 48.00000 55595.89016
12.00000 49.00000 55609.38760
12.00000 50.00000 55622.96680
12.00000 51.00000 55631.12341
12.00000 52.00000 55638.00069
12.00000 53.00000 55644.22787
12.00000 54.00000 55645.26127
12.00000 55.00000 55644.36943
12.00000 56.00000 55643.29164
12.00000 57.00000 55640.92609
12.00000 58.00000 55635.40829
12.00000 59.00000 55632.84116
12.00000 60.00000 55630.65366
12.00000 61.00000 55630.07038
12.00000 62.00000 55633.60553
12.00000 63.00000 55637.42144
12.00000 64.00000 55645.22536
12.00000 65.00000 55654.81543
12.00000 66.00000 55658.43984
12.00000 67.00000 55657.52994
12.00000 68.00000 55657.97117
12.00000 69.00000 55658.42641
12.00000 70.00000 55658.79493
13.00000 25.00000 55545.00464
13.00000 26.00000 55547.84069
13.00000 27.00000 55549.41202
13.00000 28.00000 55558.31143
13.00000 29.00000 55573.36024
13.00000 30.00000 55585.76239
13.00000 31.00000 55592.79968
13.00000 32.00000 55589.40605
13.00000 33.00000 55583.75942
13.00000 34.00000 55575.27654
13.00000 35.00000 55569.15971
13.00000 36.00000 55562.57111
13.00000 37.00000 55555.10097
13.00000 38.00000 55544.62186
13.00000 39.00000 55539.56527
13.00000 40.00000 55546.63810
13.00000 41.00000 55558.27886
13.00000 42.00000 55569.93632
13.00000 43.00000 55577.35020
13.00000 44.00000 55576.61276
13.00000 45.00000 55575.23532
13.00000 46.00000 55573.94336
13.00000 47.00000 55580.35533
13.00000 48.00000 55591.31190
13.00000 49.00000 55605.04366
13.00000 50.00000 55619.28892
13.00000 51.00000 55628.30447
13.00000 52.00000 55636.13964
13.00000 53.00000 55643.06934
13.00000 54.00000 55644.58840
13.00000 55.00000 55643.52223
13.00000 56.00000 55641.63996
13.00000 57.00000 55638.54914
13.00000 58.00000 55632.40421
13.00000 59.00000 55629.68813
13.00000 60.00000 55627.65186
13.00000 61.00000 55627.36023
13.00000 62.00000 55631.35123
13.00000 63.00000 55635.04911
13.00000 64.00000 55642.84334
13.00000 65.00000 55652.64818
13.00000 66.00000 55656.67308
13.00000 67.00000 55656.20173
13.00000 68.00000 55656.72062
13.00000 69.00000 55657.04844
13.00000 70.00000 55657.39946
14.00000 25.00000 55545.39203
14.00000 26.00000 55548.72569
14.00000 27.00000 55550.24523
14.00000 28.00000 55558.15228
14.00000 29.00000 55572.20062
14.00000 30.00000 55584.20261
14.00000 31.00000 55591.10746
14.00000 32.00000 55587.35964
14.00000 33.00000 55581.01223
14.00000 34.00000 55570.74924
14.00000 35.00000 55562.10042
14.00000 36.00000 55554.61529
14.00000 37.00000 55548.12957
14.00000 38.00000 55539.97196
14.00000 39.00000 55536.65397
14.00000 40.00000 55544.25586
14.00000 41.00000 55556.08583
14.00000 42.00000 55567.40345
14.00000 43.00000 55574.21274
14.00000 44.00000 55572.81532
14.00000 45.00000 55571.38498
14.00000 46.00000 55570.87315
14.00000 47.00000 55577.81687
14.00000 48.00000 55588.74203
14.00000 49.00000 55602.41596
14.00000 50.00000 55616.87856
14.00000 51.00000 55626.57200
14.00000 52.00000 55635.11965
14.00000 53.00000 55642.44335
14.00000 54.00000 55644.22573
14.00000 55.00000 55642.99908
14.00000 56.00000 55640.65860
14.00000 57.00000 55637.35447
14.00000 58.00000 55630.99118
14.00000 59.00000 55627.83270
14.00000 60.00000 55625.44956
14.00000 61.00000 55624.79258
14.00000 62.00000 55628.68129
14.00000 63.00000 55632.25529
14.00000 64.00000 55640.24010
14.00000 65.00000 55650.52463
14.00000 66.00000 55654.77044
14.00000 67.00000 55654.40332
14.00000 68.00000 55654.82918
14.00000 69.00000 55654.99611
14.00000 70.00000 55655.45763
15.00000 25.00000 55534.96584
15.00000 26.00000 55538.83091
15.00000 27.00000 55540.43753
15.00000 28.00000 55547.75693
15.00000 29.00000 55561.15233
15.00000 30.00000 55572.37741
15.00000 31.00000 55579.30767
15.00000 32.00000 55575.49193
15.00000 33.00000 55569.14933
15.00000 34.00000 55558.35108
15.00000 35.00000 55548.47464
15.00000 36.00000 55541.26925
15.00000 37.00000 55536.65387
15.00000 38.00000 55530.78945
15.00000 39.00000 55528.57465
15.00000 40.00000 55536.94524
15.00000 41.00000 55549.36203
15.00000 42.00000 55560.54348
15.00000 43.00000 55567.29421
15.00000 44.00000 55565.95594
15.00000 45.00000 55564.41887
15.00000 46.00000 55563.76703
15.00000 47.00000 55570.81494
15.00000 48.00000 55581.35720
15.00000 49.00000 55594.97033
15.00000 50.00000 55609.78279
15.00000 51.00000 55620.17102
15.00000 52.00000 55628.90261
15.00000 53.00000 55635.93599
15.00000 54.00000 55637.30636
15.00000 55.00000 55635.89985
15.00000 56.00000 55633.39988
15.00000 57.00000 55630.65746
15.00000 58.00000 55625.35128
15.00000 59.00000 55622.27359
15.00000 60.00000 55619.53577
15.00000 61.00000 55618.22301
15.00000 62.00000 55621.26730
15.00000 63.00000 55624.30823
15.00000 64.00000 55632.05756
15.00000 65.00000 55642.44965
15.00000 66.00000 55646.54094
15.00000 67.00000 55645.91112
15.00000 68.00000 55646.42484
15.00000 69.00000 55646.95765
15.00000 70.00000 55647.63655
16.00000 25.00000 55523.38709
16.00000 26.00000 55527.28440
16.00000 27.00000 55528.58783
16.00000 28.00000 55534.93975
16.00000 29.00000 55547.79576
16.00000 30.00000 55558.76105
16.00000 31.00000 55565.94058
16.00000 32.00000 55562.23532
16.00000 33.00000 55556.16715
16.00000 34.00000 55545.80526
16.00000 35.00000 55535.99219
16.00000 36.00000 55528.84070
16.00000 37.00000 55525.13866
16.00000 38.00000 55520.45441
16.00000 39.00000 55518.63176
16.00000 40.00000 55527.69579
16.00000 41.00000 55540.77588
16.00000 42.00000 55552.46202
16.00000 43.00000 55559.72014
16.00000 44.00000 55558.86480
16.00000 45.00000 55557.08006
16.00000 46.00000 55555.19786
16.00000 47.00000 55560.98643
16.00000 48.00000 55570.45349
16.00000 49.00000 55583.85288
16.00000 50.00000 55599.06588
16.00000 51.00000 55609.61475
16.00000 52.00000 55617.86030
16.00000 53.00000 55624.22956
16.00000 54.00000 55625.18229
16.00000 55.00000 55623.92964
16.00000 56.00000 55621.85284
16.00000 57.00000 55619.96921
16.00000 58.00000 55616.14006
16.00000 59.00000 55613.49427
16.00000 60.00000 55610.47678
16.00000 61.00000 55608.53721
16.00000 62.00000 55610.72138
16.00000 63.00000 55613.17753
16.00000 64.00000 55620.34049
16.00000 65.00000 55630.35602
16.00000 66.00000 55634.17966
16.00000 67.00000 55632.85391
16.00000 68.00000 55633.29762
16.00000 69.00000 55634.25460
16.00000 70.00000 55634.66921
17.00000 25.00000 55510.20641
17.00000 26.00000 55513.64635
17.00000 27.00000 55514.49552
17.00000 28.00000 55519.89868
17.00000 29.00000 55531.63321
17.00000 30.00000 55541.33297
17.00000 31.00000 55547.01538
17.00000 32.00000 55543.09925
17.00000 33.00000 55537.68010
17.00000 34.00000 55529.41639
17.00000 35.00000 55522.08509
17.00000 36.00000 55516.28722
17.00000 37.00000 55512.30732
17.00000 38.00000 55506.57056
17.00000 39.00000 55503.89527
17.00000 40.00000 55512.68339
17.00000 41.00000 55525.24652
17.00000 42.00000 55536.78737
17.00000 43.00000 55544.49179
17.00000 44.00000 55544.55665
17.00000 45.00000 55542.55980
17.00000 46.00000 55538.88495
17.00000 47.00000 55542.43609
17.00000 48.00000 55549.62634
17.00000 49.00000 55561.86259
17.00000 50.00000 55577.27545
17.00000 51.00000 55588.13703
17.00000 52.00000 55596.28709
17.00000 53.00000 55602.21146
17.00000 54.00000 55602.79948
17.00000 55.00000 55601.75705
17.00000 56.00000 55600.13298
17.00000 57.00000 55598.72216
17.00000 58.00000 55595.64347
17.00000 59.00000 55593.66740
17.00000 60.00000 55590.86684
17.00000 61.00000 55588.64647
17.00000 62.00000 55590.34180
17.00000 63.00000 55592.17325
17.00000 64.00000 55598.24827
17.00000 65.00000 55607.09694
17.00000 66.00000 55610.25593
17.00000 67.00000 55608.31967
17.00000 68.00000 55608.99390
17.00000 69.00000 55610.57863
17.00000 70.00000 55610.76220
18.00000 25.00000 55492.71799
18.00000 26.00000 55496.59233
18.00000 27.00000 55498.17560
18.00000 28.00000 55503.58538
18.00000 29.00000 55514.28804
18.00000 30.00000 55521.89670
18.00000 31.00000 55525.18671
18.00000 32.00000 55520.95861
18.00000 33.00000 55516.38298
18.00000 34.00000 55510.60068
18.00000 35.00000 55506.65520
18.00000 36.00000 55503.22218
18.00000 37.00000 55499.57993
18.00000 38.00000 55492.92443
18.00000 39.00000 55489.53115
18.00000 40.00000 55497.58200
18.00000 41.00000 55509.04321
18.00000 42.00000 55520.05794
18.00000 43.00000 55528.14861
18.00000 44.00000 55529.68508
18.00000 45.00000 55528.47409
18.00000 46.00000 55524.08557
18.00000 47.00000 55525.96257
18.00000 48.00000 55530.73941
18.00000 49.00000 55540.89485
18.00000 50.00000 55555.36168
18.00000 51.00000 55566.05124
18.00000 52.00000 55574.07548
18.00000 53.00000 55579.51524
18.00000 54.00000 55579.42831
18.00000 55.00000 55578.42771
18.00000 56.00000 55577.07400
18.00000 57.00000 55576.07819
18.00000 58.00000 55573.72974
18.00000 59.00000 55572.76741
18.00000 60.00000 55570.63275
18.00000 61.00000 55568.66465
18.00000 62.00000 55570.20425
18.00000 63.00000 55571.29907
18.00000 64.00000 55576.23933
18.00000 65.00000 55583.94116
18.00000 66.00000 55586.18249
18.00000 67.00000 55583.69174
18.00000 68.00000 55584.57279
18.00000 69.00000 55586.65683
18.00000 70.00000 55586.58543
19.00000 25.00000 55473.86015
19.00000 26.00000 55479.98467
19.00000 27.00000 55483.39273
19.00000 28.00000 55489.03773
19.00000 29.00000 55498.52847
19.00000 30.00000 55503.74166
19.00000 31.00000 55504.82718
19.00000 32.00000 55500.93901
19.00000 33.00000 55497.81535
19.00000 34.00000 55494.51082
19.00000 35.00000 55493.65540
19.00000 36.00000 55492.53465
19.00000 37.00000 55490.02155
19.00000 38.00000 55483.65925
19.00000 39.00000 55480.59368
19.00000 40.00000 55488.00264
19.00000 41.00000 55498.10651
19.00000 42.00000 55508.12508
19.00000 43.00000 55516.14383
19.00000 44.00000 55518.99100
19.00000 45.00000 55519.16923
19.00000 46.00000 55515.41145
19.00000 47.00000 55516.81931
19.00000 48.00000 55520.01244
19.00000 49.00000 55528.15069
19.00000 50.00000 55541.01685
19.00000 51.00000 55551.36098
19.00000 52.00000 55559.61415
19.00000 53.00000 55564.76146
19.00000 54.00000 55563.66632
19.00000 55.00000 55562.20610
19.00000 56.00000 55560.71332
19.00000 57.00000 55559.93919
19.00000 58.00000 55558.30461
19.00000 59.00000 55558.73002
19.00000 60.00000 55557.86000
19.00000 61.00000 55556.71540
19.00000 62.00000 55558.25373
19.00000 63.00000 55558.61323
19.00000 64.00000 55562.64199
19.00000 65.00000 55569.61909
19.00000 66.00000 55571.16110
19.00000 67.00000 55568.43104
19.00000 68.00000 55569.49240
19.00000 69.00000 55571.81055
19.00000 70.00000 55571.29096
20.00000 25.00000 55457.32304
20.00000 26.00000 55465.25915
20.00000 27.00000 55469.75938
20.00000 28.00000 55474.93888
20.00000 29.00000 55483.69283
20.00000 30.00000 55488.29486
20.00000 31.00000 55489.61101
20.00000 32.00000 55486.54553
20.00000 33.00000 55484.89814
20.00000 34.00000 55483.72356
20.00000 35.00000 55485.29990
20.00000 36.00000 55486.87133
20.00000 37.00000 55485.70164
20.00000 38.00000 55479.39784
20.00000 39.00000 55476.48833
20.00000 40.00000 55483.60872
20.00000 41.00000 55492.70010
20.00000 42.00000 55501.95060
20.00000 43.00000 55509.34270
20.00000 44.00000 55512.09322
20.00000 45.00000 55512.51704
20.00000 46.00000 55508.87334
20.00000 47.00000 55510.14998
20.00000 48.00000 55512.38645
20.00000 49.00000 55519.13095
20.00000 50.00000 55530.90985
20.00000 51.00000 55540.91983
20.00000 52.00000 55549.08845
20.00000 53.00000 55554.00866
20.00000 54.00000 55552.20799
20.00000 55.00000 55550.44587
20.00000 56.00000 55549.16977
20.00000 57.00000 55549.27486
20.00000 58.00000 55549.14066
20.00000 59.00000 55550.49248
20.00000 60.00000 55550.17255
20.00000 61.00000 55549.38499
20.00000 62.00000 55550.53146
20.00000 63.00000 55550.31775
20.00000 64.00000 55554.03068
20.00000 65.00000 55561.18325
20.00000 66.00000 55562.82875
20.00000 67.00000 55559.14199
20.00000 68.00000 55559.51521
20.00000 69.00000 55561.69845
20.00000 70.00000 55561.03952
21.00000 25.00000 55458.09568
21.00000 26.00000 55463.03305
21.00000 27.00000 55466.59339
21.00000 28.00000 55471.07507
21.00000 29.00000 55480.00576
21.00000 30.00000 55486.26984
21.00000 31.00000 55489.76714
21.00000 32.00000 55487.48671
21.00000 33.00000 55486.31106
21.00000 34.00000 55486.02651
21.00000 35.00000 55489.02248
21.00000 36.00000 55493.54267
21.00000 37.00000 55495.02955
21.00000 38.00000 55489.46874
21.00000 39.00000 55486.18426
21.00000 40.00000 55492.47417
21.00000 41.00000 55500.54670
21.00000 42.00000 55509.37428
21.00000 43.00000 55516.30620
21.00000 44.00000 55518.84679
21.00000 45.00000 55518.41471
21.00000 46.00000 55513.00660
21.00000 47.00000 55513.15235
21.00000 48.00000 55514.17369
21.00000 49.00000 55519.78361
21.00000 50.00000 55531.40936
21.00000 51.00000 55541.80292
21.00000 52.00000 55550.00666
21.00000 53.00000 55554.84696
21.00000 54.00000 55552.45292
21.00000 55.00000 55550.87234
21.00000 56.00000 55550.49448
21.00000 57.00000 55551.89973
21.00000 58.00000 55553.73418
21.00000 59.00000 55555.78597
21.00000 60.00000 55555.18463
21.00000 61.00000 55553.71051
21.00000 62.00000 55553.72361
21.00000 63.00000 55553.24488
21.00000 64.00000 55557.07803
21.00000 65.00000 55564.64216
21.00000 66.00000 55566.84431
21.00000 67.00000 55562.11888
21.00000 68.00000 55561.34091
21.00000 69.00000 55562.81155
21.00000 70.00000 55561.57494
22.00000 25.00000 55468.56329
22.00000 26.00000 55467.33422
22.00000 27.00000 55468.29175
22.00000 28.00000 55472.02422
22.00000 29.00000 55481.70653
22.00000 30.00000 55489.94716
22.00000 31.00000 55495.27107
22.00000 32.00000 55493.32162
22.00000 33.00000 55492.24362
22.00000 34.00000 55492.28085
22.00000 35.00000 55496.17431
22.00000 36.00000 55502.84195
22.00000 37.00000 55507.66177
22.00000 38.00000 55504.73984
22.00000 39.00000 55502.33315
22.00000 40.00000 55508.46321
22.00000 41.00000 55516.26848
22.00000 42.00000 55524.70488
22.00000 43.00000 55530.74580
22.00000 44.00000 55532.96362
22.00000 45.00000 55531.53475
22.00000 46.00000 55524.12501
22.00000 47.00000 55523.19487
22.00000 48.00000 55523.38891
22.00000 49.00000 55528.18776
22.00000 50.00000 55539.43214
22.00000 51.00000 55549.62995
22.00000 52.00000 55557.73238
22.00000 53.00000 55562.90085
22.00000 54.00000 55560.54964
22.00000 55.00000 55559.66270
22.00000 56.00000 55560.62069
22.00000 57.00000 55563.40383
22.00000 58.00000 55566.81063
22.00000 59.00000 55569.20790
22.00000 60.00000 55568.18528
22.00000 61.00000 55566.08001
22.00000 62.00000 55565.29892
22.00000 63.00000 55564.92664
22.00000 64.00000 55569.08410
22.00000 65.00000 55576.90960
22.00000 66.00000 55579.31511
22.00000 67.00000 55573.75371
22.00000 68.00000 55571.93425
22.00000 69.00000 55572.52540
22.00000 70.00000 55570.38107
23.00000 25.00000 55477.64924
23.00000 26.00000 55474.94302
23.00000 27.00000 55472.72393
23.00000 28.00000 55475.09116
23.00000 29.00000 55485.46082
23.00000 30.00000 55494.35033
23.00000 31.00000 55499.87305
23.00000 32.00000 55497.72246
23.00000 33.00000 55496.45774
23.00000 34.00000 55496.09127
23.00000 35.00000 55499.81644
23.00000 36.00000 55506.66086
23.00000 37.00000 55513.35919
23.00000 38.00000 55513.53745
23.00000 39.00000 55513.73357
23.00000 40.00000 55521.02423
23.00000 41.00000 55529.83711
23.00000 42.00000 55538.28447
23.00000 43.00000 55543.38928
23.00000 44.00000 55544.79438
23.00000 45.00000 55542.08886
23.00000 46.00000 55533.08967
23.00000 47.00000 55531.85375
23.00000 48.00000 55532.39911
23.00000 49.00000 55537.44546
23.00000 50.00000 55548.45870
23.00000 51.00000 55557.68632
23.00000 52.00000 55564.83754
23.00000 53.00000 55570.08882
23.00000 54.00000 55568.75061
23.00000 55.00000 55569.34955
23.00000 56.00000 55571.95874
23.00000 57.00000 55575.95162
23.00000 58.00000 55579.90099
23.00000 59.00000 55581.76645
23.00000 60.00000 55580.01747
23.00000 61.00000 55577.46108
23.00000 62.00000 55576.92464
23.00000 63.00000 55577.43635
23.00000 64.00000 55582.23487
23.00000 65.00000 55590.04818
23.00000 66.00000 55591.96797
23.00000 67.00000 55585.63409
23.00000 68.00000 55582.83136
23.00000 69.00000 55582.46845
23.00000 70.00000 55579.48934
24.00000 25.00000 55478.37751
24.00000 26.00000 55476.84688
24.00000 27.00000 55474.45141
24.00000 28.00000 55474.73042
24.00000 29.00000 55484.47617
24.00000 30.00000 55493.47231
24.00000 31.00000 55498.96814
24.00000 32.00000 55495.47994
24.00000 33.00000 55493.72713
24.00000 34.00000 55493.24134
24.00000 35.00000 55497.36321
24.00000 36.00000 55504.21582
24.00000 37.00000 55511.70144
24.00000 38.00000 55513.45190
24.00000 39.00000 55515.01195
24.00000 40.00000 55522.71047
24.00000 41.00000 55532.21992
24.00000 42.00000 55540.94910
24.00000 43.00000 55545.62347
24.00000 44.00000 55546.59532
24.00000 45.00000 55543.73318
24.00000 46.00000 55534.77331
24.00000 47.00000 55533.75230
24.00000 48.00000 55534.70327
24.00000 49.00000 55540.67165
24.00000 50.00000 55552.56104
24.00000 51.00000 55561.64954
24.00000 52.00000 55568.70991
24.00000 53.00000 55574.29461
24.00000 54.00000 55573.91873
24.00000 55.00000 55574.92508
24.00000 56.00000 55577.39245
24.00000 57.00000 55580.86939
24.00000 58.00000 55584.14137
24.00000 59.00000 55585.97814
24.00000 60.00000 55584.49040
24.00000 61.00000 55581.93437
24.00000 62.00000 55582.07797
24.00000 63.00000 55582.27454
24.00000 64.00000 55586.52708
24.00000 65.00000 55594.12889
24.00000 66.00000 55596.11679
24.00000 67.00000 55589.95296
24.00000 68.00000 55587.09116
24.00000 69.00000 55586.28739
24.00000 70.00000 55582.71651
25.00000 25.00000 55472.19926
25.00000 26.00000 55469.54135
25.00000 27.00000 55469.90263
25.00000 28.00000 55470.10927
25.00000 29.00000 55477.19389
25.00000 30.00000 55486.58126
25.00000 31.00000 55494.23562
25.00000 32.00000 55490.88997
25.00000 33.00000 55488.54681
25.00000 34.00000 55487.20338
25.00000 35.00000 55491.59008
25.00000 36.00000 55498.69601
25.00000 37.00000 55507.13483
25.00000 38.00000 55510.36739
25.00000 39.00000 55512.68702
25.00000 40.00000 55519.36652
25.00000 41.00000 55527.40990
25.00000 42.00000 55535.37049
25.00000 43.00000 55539.83668
25.00000 44.00000 55541.36279
25.00000 45.00000 55540.36149
25.00000 46.00000 55534.00340
25.00000 47.00000 55534.11552
25.00000 48.00000 55535.12386
25.00000 49.00000 55540.98932
25.00000 50.00000 55553.17925
25.00000 51.00000 55562.86552
25.00000 52.00000 55571.28068
25.00000 53.00000 55577.98671
25.00000 54.00000 55578.16054
25.00000 55.00000 55579.05882
25.00000 56.00000 55580.73892
25.00000 57.00000 55582.85127
25.00000 58.00000 55585.01910
25.00000 59.00000 55587.19909
25.00000 60.00000 55586.61825
25.00000 61.00000 55584.42125
25.00000 62.00000 55584.83079
25.00000 63.00000 55584.31218
25.00000 64.00000 55587.36508
25.00000 65.00000 55593.99677
25.00000 66.00000 55595.87306
25.00000 67.00000 55590.35087
25.00000 68.00000 55587.90061
25.00000 69.00000 55586.91790
25.00000 70.00000 55583.10343
26.00000 25.00000 55453.22875
26.00000 26.00000 55459.19641
26.00000 27.00000 55468.58952
26.00000 28.00000 55469.91020
26.00000 29.00000 55471.48754
26.00000 30.00000 55477.55866
26.00000 31.00000 55487.57284
26.00000 32.00000 55486.22963
26.00000 33.00000 55484.39205
26.00000 34.00000 55481.90441
26.00000 35.00000 55485.51338
26.00000 36.00000 55491.69896
26.00000 37.00000 55500.11454
26.00000 38.00000 55504.45649
26.00000 39.00000 55507.82663
26.00000 40.00000 55513.64842
26.00000 41.00000 55519.47046
26.00000 42.00000 55525.47726
26.00000 43.00000 55529.35135
26.00000 44.00000 55531.25127
26.00000 45.00000 55533.01559
26.00000 46.00000 55531.82166
26.00000 47.00000 55534.78802
26.00000 48.00000 55536.64961
26.00000 49.00000 55542.18636
26.00000 50.00000 55553.66685
26.00000 51.00000 55563.46353
26.00000 52.00000 55573.08406
26.00000 53.00000 55580.79746
26.00000 54.00000 55581.55178
26.00000 55.00000 55582.20590
26.00000 56.00000 55582.92594
26.00000 57.00000 55583.74896
26.00000 58.00000 55585.78598
26.00000 59.00000 55587.95639
26.00000 60.00000 55587.90900
26.00000 61.00000 55586.07240
26.00000 62.00000 55586.14345
26.00000 63.00000 55585.06008
26.00000 64.00000 55587.51644
26.00000 65.00000 55593.64333
26.00000 66.00000 55595.22252
26.00000 67.00000 55590.07618
26.00000 68.00000 55587.64036
26.00000 69.00000 55586.21243
26.00000 70.00000 55582.53294
27.00000 25.00000 55445.69478
27.00000 26.00000 55451.23637
27.00000 27.00000 55470.55674
27.00000 28.00000 55477.94498
27.00000 29.00000 55476.36482
27.00000 30.00000 55476.64876
27.00000 31.00000 55484.98122
27.00000 32.00000 55485.16843
27.00000 33.00000 55484.06414
27.00000 34.00000 55480.28583
27.00000 35.00000 55481.88837
27.00000 36.00000 55486.36502
27.00000 37.00000 55494.07588
27.00000 38.00000 55498.81102
27.00000 39.00000 55502.77107
27.00000 40.00000 55508.26379
27.00000 41.00000 55512.68253
27.00000 42.00000 55516.90313
27.00000 43.00000 55519.90058
27.00000 44.00000 55521.73003
27.00000 45.00000 55525.64467
27.00000 46.00000 55529.29025
27.00000 47.00000 55535.48865
27.00000 48.00000 55538.93748
27.00000 49.00000 55544.51822
27.00000 50.00000 55554.77562
27.00000 51.00000 55563.91523
27.00000 52.00000 55573.73507
27.00000 53.00000 55581.64996
27.00000 54.00000 55583.36035
27.00000 55.00000 55583.92564
27.00000 56.00000 55583.93831
27.00000 57.00000 55584.00196
27.00000 58.00000 55586.25224
27.00000 59.00000 55588.35367
27.00000 60.00000 55588.71758
27.00000 61.00000 55587.38004
27.00000 62.00000 55587.05852
27.00000 63.00000 55585.82519
27.00000 64.00000 55588.29162
27.00000 65.00000 55594.36170
27.00000 66.00000 55595.66107
27.00000 67.00000 55590.52424
27.00000 68.00000 55587.53155
27.00000 69.00000 55585.12664
27.00000 70.00000 55581.41048
28.00000 25.00000 55439.23490
28.00000 26.00000 55445.09151
28.00000 27.00000 55458.72746
28.00000 28.00000 55475.63282
28.00000 29.00000 55477.38474
28.00000 30.00000 55475.79784
28.00000 31.00000 55483.13973
28.00000 32.00000 55482.42674
28.00000 33.00000 55480.84139
28.00000 34.00000 55476.22549
28.00000 35.00000 55476.99612
28.00000 36.00000 55479.98351
28.00000 37.00000 55486.88676
28.00000 38.00000 55491.01212
28.00000 39.00000 55494.39869
28.00000 40.00000 55500.22998
28.00000 41.00000 55505.20000
28.00000 42.00000 55510.02004
28.00000 43.00000 55513.62910
28.00000 44.00000 55515.47908
28.00000 45.00000 55519.99241
28.00000 46.00000 55525.03246
28.00000 47.00000 55532.51083
28.00000 48.00000 55537.48876
28.00000 49.00000 55543.39247
28.00000 50.00000 55552.50570
28.00000 51.00000 55560.84746
28.00000 52.00000 55569.55521
28.00000 53.00000 55576.58951
28.00000 54.00000 55577.96047
28.00000 55.00000 55578.41725
28.00000 56.00000 55579.59799
28.00000 57.00000 55580.50107
28.00000 58.00000 55582.30410
28.00000 59.00000 55584.26114
28.00000 60.00000 55584.76899
28.00000 61.00000 55583.94381
28.00000 62.00000 55583.57921
28.00000 63.00000 55582.63742
28.00000 64.00000 55585.56895
28.00000 65.00000 55591.94700
28.00000 66.00000 55592.97309
28.00000 67.00000 55587.00856
28.00000 68.00000 55582.96892
28.00000 69.00000 55579.76501
28.00000 70.00000 55575.58199
29.00000 25.00000 55434.21855
29.00000 26.00000 55436.47737
29.00000 27.00000 55448.37161
29.00000 28.00000 55462.13301
29.00000 29.00000 55473.72912
29.00000 30.00000 55467.87147
29.00000 31.00000 55476.40523
29.00000 32.00000 55476.15427
29.00000 33.00000 55474.26867
29.00000 34.00000 55469.78974
29.00000 35.00000 55471.56023
29.00000 36.00000 55474.74332
29.00000 37.00000 55481.31536
29.00000 38.00000 55484.43307
29.00000 39.00000 55486.62703
29.00000 40.00000 55492.32878
29.00000 41.00000 55498.37543
29.00000 42.00000 55504.56454
29.00000 43.00000 55509.81152
29.00000 44.00000 55513.12787
29.00000 45.00000 55518.29981
29.00000 46.00000 55522.79480
29.00000 47.00000 55529.62703
29.00000 48.00000 55534.93896
29.00000 49.00000 55540.96526
29.00000 50.00000 55549.43938
29.00000 51.00000 55557.45144
29.00000 52.00000 55565.46083
29.00000 53.00000 55572.26228
29.00000 54.00000 55573.29982
29.00000 55.00000 55572.73981
29.00000 56.00000 55573.37394
29.00000 57.00000 55574.05830
29.00000 58.00000 55574.22736
29.00000 59.00000 55575.69328
29.00000 60.00000 55576.75060
29.00000 61.00000 55577.27942
29.00000 62.00000 55578.06057
29.00000 63.00000 55577.83752
29.00000 64.00000 55581.24764
29.00000 65.00000 55587.54494
29.00000 66.00000 55587.76284
29.00000 67.00000 55581.34376
29.00000 68.00000 55577.02964
29.00000 69.00000 55573.75395
29.00000 70.00000 55569.59248
30.00000 25.00000 55426.23881
30.00000 26.00000 55426.05915
30.00000 27.00000 55432.56072
30.00000 28.00000 55443.03616
30.00000 29.00000 55453.78378
30.00000 30.00000 55466.84462
30.00000 31.00000 55466.43399
30.00000 32.00000 55468.12462
30.00000 33.00000 55465.59964
30.00000 34.00000 55460.10304
30.00000 35.00000 55462.77228
30.00000 36.00000 55466.44774
30.00000 37.00000 55472.90903
30.00000 38.00000 55474.91696
30.00000 39.00000 55475.94208
30.00000 40.00000 55481.90760
30.00000 41.00000 55489.84871
30.00000 42.00000 55498.51055
30.00000 43.00000 55506.10270
30.00000 44.00000 55510.51197
30.00000 45.00000 55515.55163
30.00000 46.00000 55518.23499
30.00000 47.00000 55523.78029
30.00000 48.00000 55529.78456
30.00000 49.00000 55536.98876
30.00000 50.00000 55545.92656
30.00000 51.00000 55553.68274
30.00000 52.00000 55560.70743
30.00000 53.00000 55567.29554
30.00000 54.00000 55568.43226
30.00000 55.00000 55567.20325
30.00000 56.00000 55566.86284
30.00000 57.00000 55566.83640
30.00000 58.00000 55565.00064
30.00000 59.00000 55565.36516
30.00000 60.00000 55566.35469
30.00000 61.00000 55568.13065
30.00000 62.00000 55570.86623
30.00000 63.00000 55572.22069
30.00000 64.00000 55576.95894
30.00000 65.00000 55583.66895
30.00000 66.00000 55582.90126
30.00000 67.00000 55575.90855
30.00000 68.00000 55571.19190
30.00000 69.00000 55567.86198
30.00000 70.00000 55564.17693
31.00000 25.00000 55423.31832
31.00000 26.00000 55424.75227
31.00000 27.00000 55427.76966
31.00000 28.00000 55434.96853
31.00000 29.00000 55444.96936
31.00000 30.00000 55458.41384
31.00000 31.00000 55469.28715
31.00000 32.00000 55466.72448
31.00000 33.00000 55462.50388
31.00000 34.00000 55455.27586
31.00000 35.00000 55457.25739
31.00000 36.00000 55460.37113
31.00000 37.00000 55466.16592
31.00000 38.00000 55467.07048
31.00000 39.00000 55467.17862
31.00000 40.00000 55473.85999
31.00000 41.00000 55483.79622
31.00000 42.00000 55494.81756
31.00000 43.00000 55504.48207
31.00000 44.00000 55508.88814
31.00000 45.00000 55512.57512
31.00000 46.00000 55512.76421
31.00000 47.00000 55517.26082
31.00000 48.00000 55524.48514
31.00000 49.00000 55533.88377
31.00000 50.00000 55544.64321
31.00000 51.00000 55552.58457
31.00000 52.00000 55558.81680
31.00000 53.00000 55564.99111
31.00000 54.00000 55565.97700
31.00000 55.00000 55564.29778
31.00000 56.00000 55563.06582
31.00000 57.00000 55562.22451
31.00000 58.00000 55558.93689
31.00000 59.00000 55558.02192
31.00000 60.00000 55558.10577
31.00000 61.00000 55559.88161
31.00000 62.00000 55563.81442
31.00000 63.00000 55566.87220
31.00000 64.00000 55573.21841
31.00000 65.00000 55580.81618
31.00000 66.00000 55579.65306
31.00000 67.00000 55572.45956
31.00000 68.00000 55567.58290
31.00000 69.00000 55564.22610
31.00000 70.00000 55561.10619
32.00000 25.00000 55419.19267
32.00000 26.00000 55420.89416
32.00000 27.00000 55423.71562
32.00000 28.00000 55429.72987
32.00000 29.00000 55439.61227
32.00000 30.00000 55454.58883
32.00000 31.00000 55465.19903
32.00000 32.00000 55456.15413
32.00000 33.00000 55453.04179
32.00000 34.00000 55445.70140
32.00000 35.00000 55448.77930
32.00000 36.00000 55453.62548
32.00000 37.00000 55459.99277
32.00000 38.00000 55461.38478
32.00000 39.00000 55461.83422
32.00000 40.00000 55469.03866
32.00000 41.00000 55479.79530
32.00000 42.00000 55491.51333
32.00000 43.00000 55501.48312
32.00000 44.00000 55504.86442
32.00000 45.00000 55506.24899
32.00000 46.00000 55503.49004
32.00000 47.00000 55506.56385
32.00000 48.00000 55514.15694
32.00000 49.00000 55526.18740
32.00000 50.00000 55541.01438
32.00000 51.00000 55550.68722
32.00000 52.00000 55556.93344
32.00000 53.00000 55562.29343
32.00000 54.00000 55562.11981
32.00000 55.00000 55559.89826
32.00000 56.00000 55557.80720
32.00000 57.00000 55556.14498
32.00000 58.00000 55552.87230
32.00000 59.00000 55551.93184
32.00000 60.00000 55551.75506
32.00000 61.00000 55553.05428
32.00000 62.00000 55556.34439
32.00000 63.00000 55557.97569
32.00000 64.00000 55562.96740
32.00000 65.00000 55570.61729
32.00000 66.00000 55571.17460
32.00000 67.00000 55565.97279
32.00000 68.00000 55562.70926
32.00000 69.00000 55560.15605
32.00000 70.00000 55557.49257
33.00000 25.00000 55411.67017
33.00000 26.00000 55414.25834
33.00000 27.00000 55418.69113
33.00000 28.00000 55424.78682
33.00000 29.00000 55432.57857
33.00000 30.00000 55443.95725
33.00000 31.00000 55454.03803
33.00000 32.00000 55439.89150
33.00000 33.00000 55435.57146
33.00000 34.00000 55431.41425
33.00000 35.00000 55435.58812
33.00000 36.00000 55443.76475
33.00000 37.00000 55451.57528
33.00000 38.00000 55453.92728
33.00000 39.00000 55455.41882
33.00000 40.00000 55463.32930
33.00000 41.00000 55474.63250
33.00000 42.00000 55486.17296
33.00000 43.00000 55495.72626
33.00000 44.00000 55498.81752
33.00000 45.00000 55498.74692
33.00000 46.00000 55494.08676
33.00000 47.00000 55496.00601
33.00000 48.00000 55502.12099
33.00000 49.00000 55513.87919
33.00000 50.00000 55531.01301
33.00000 51.00000 55543.18068
33.00000 52.00000 55550.93598
33.00000 53.00000 55556.03643
33.00000 54.00000 55554.75910
33.00000 55.00000 55551.97010
33.00000 56.00000 55549.09118
33.00000 57.00000 55546.82291
33.00000 58.00000 55544.10410
33.00000 59.00000 55543.60517
33.00000 60.00000 55542.98107
33.00000 61.00000 55543.39258
33.00000 62.00000 55545.78865
33.00000 63.00000 55546.19409
33.00000 64.00000 55549.36472
33.00000 65.00000 55555.58102
33.00000 66.00000 55556.76228
33.00000 67.00000 55553.17267
33.00000 68.00000 55551.89122
33.00000 69.00000 55551.00099
33.00000 70.00000 55549.66266
34.00000 25.00000 55399.66316
34.00000 26.00000 55402.79340
34.00000 27.00000 55408.28537
34.00000 28.00000 55415.38989
34.00000 29.00000 55421.75968
34.00000 30.00000 55428.00243
34.00000 31.00000 55435.93016
34.00000 32.00000 55421.82954
34.00000 33.00000 55408.11462
34.00000 34.00000 55402.65040
34.00000 35.00000 55418.07852
34.00000 36.00000 55430.67132
34.00000 37.00000 55440.41480
34.00000 38.00000 55444.13238
34.00000 39.00000 55446.96035
34.00000 40.00000 55455.23475
34.00000 41.00000 55466.66149
34.00000 42.00000 55477.32816
34.00000 43.00000 55485.70852
34.00000 44.00000 55489.07662
34.00000 45.00000 55488.38709
34.00000 46.00000 55483.31497
34.00000 47.00000 55485.31822
34.00000 48.00000 55490.22198
34.00000 49.00000 55499.93921
34.00000 50.00000 55515.60417
34.00000 51.00000 55528.70515
34.00000 52.00000 55537.96237
34.00000 53.00000 55543.27843
34.00000 54.00000 55541.78767
34.00000 55.00000 55539.05494
34.00000 56.00000 55535.88731
34.00000 57.00000 55533.30230
34.00000 58.00000 55530.84797
34.00000 59.00000 55530.47731
34.00000 60.00000 55528.72085
34.00000 61.00000 55527.50259
34.00000 62.00000 55528.94814
34.00000 63.00000 55528.84994
34.00000 64.00000 55531.22827
34.00000 65.00000 55536.20924
34.00000 66.00000 55536.73262
34.00000 67.00000 55533.36730
34.00000 68.00000 55532.96461
34.00000 69.00000 55533.48108
34.00000 70.00000 55533.98100
35.00000 25.00000 55392.81837
35.00000 26.00000 55397.24717
35.00000 27.00000 55403.25827
35.00000 28.00000 55410.93143
35.00000 29.00000 55417.98688
35.00000 30.00000 55423.33620
35.00000 31.00000 55429.20777
35.00000 32.00000 55417.20582
35.00000 33.00000 55406.36993
35.00000 34.00000 55395.80626
35.00000 35.00000 55405.38491
35.00000 36.00000 55423.20417
35.00000 37.00000 55432.20319
35.00000 38.00000 55436.41017
35.00000 39.00000 55440.42050
35.00000 40.00000 55448.83786
35.00000 41.00000 55460.27191
35.00000 42.00000 55470.11673
35.00000 43.00000 55477.27526
35.00000 44.00000 55481.34147
35.00000 45.00000 55480.58725
35.00000 46.00000 55475.45753
35.00000 47.00000 55477.79861
35.00000 48.00000 55482.32377
35.00000 49.00000 55490.33180
35.00000 50.00000 55502.51800
35.00000 51.00000 55514.38200
35.00000 52.00000 55524.03578
35.00000 53.00000 55529.36912
35.00000 54.00000 55528.76187
35.00000 55.00000 55526.89281
35.00000 56.00000 55524.10896
35.00000 57.00000 55521.65186
35.00000 58.00000 55518.62098
35.00000 59.00000 55517.91691
35.00000 60.00000 55514.94892
35.00000 61.00000 55512.33749
35.00000 62.00000 55513.14208
35.00000 63.00000 55513.19274
35.00000 64.00000 55516.04684
35.00000 65.00000 55521.09045
35.00000 66.00000 55520.84645
35.00000 67.00000 55516.72720
35.00000 68.00000 55515.87804
35.00000 69.00000 55516.76324
35.00000 70.00000 55518.32915
36.00000 25.00000 55383.81713
36.00000 26.00000 55389.16339
36.00000 27.00000 55395.37986
36.00000 28.00000 55402.61196
36.00000 29.00000 55411.05535
36.00000 30.00000 55418.41145
36.00000 31.00000 55425.32285
36.00000 32.00000 55417.50695
36.00000 33.00000 55409.50303
36.00000 34.00000 55402.27617
36.00000 35.00000 55405.27517
36.00000 36.00000 55421.05020
36.00000 37.00000 55428.37016
36.00000 38.00000 55429.86215
36.00000 39.00000 55433.10977
36.00000 40.00000 55443.93925
36.00000 41.00000 55455.89879
36.00000 42.00000 55465.12921
36.00000 43.00000 55470.83222
36.00000 44.00000 55473.80997
36.00000 45.00000 55471.71680
36.00000 46.00000 55464.70851
36.00000 47.00000 55466.51376
36.00000 48.00000 55472.46547
36.00000 49.00000 55481.70339
36.00000 50.00000 55492.80512
36.00000 51.00000 55503.53319
36.00000 52.00000 55512.96806
36.00000 53.00000 55517.39603
36.00000 54.00000 55515.59293
36.00000 55.00000 55513.67433
36.00000 56.00000 55511.37463
36.00000 57.00000 55509.39424
36.00000 58.00000 55505.80378
36.00000 59.00000 55504.98734
36.00000 60.00000 55501.09678
36.00000 61.00000 55497.37502
36.00000 62.00000 55497.56720
36.00000 63.00000 55498.88216
36.00000 64.00000 55504.03224
36.00000 65.00000 55511.06121
36.00000 66.00000 55511.61639
36.00000 67.00000 55506.62660
36.00000 68.00000 55504.28653
36.00000 69.00000 55504.05754
36.00000 70.00000 55504.36964
37.00000 25.00000 55381.44261
37.00000 26.00000 55388.19931
37.00000 27.00000 55394.71214
37.00000 28.00000 55401.34065
37.00000 29.00000 55409.97675
37.00000 30.00000 55417.64364
37.00000 31.00000 55423.74406
37.00000 32.00000 55419.62288
37.00000 33.00000 55415.23794
37.00000 34.00000 55410.32389
37.00000 35.00000 55411.34695
37.00000 36.00000 55424.37655
37.00000 37.00000 55434.30872
37.00000 38.00000 55428.29233
37.00000 39.00000 55430.07460
37.00000 40.00000 55445.10212
37.00000 41.00000 55458.06396
37.00000 42.00000 55466.29541
37.00000 43.00000 55470.55452
37.00000 44.00000 55472.49563
37.00000 45.00000 55469.82903
37.00000 46.00000 55461.15479
37.00000 47.00000 55461.82707
37.00000 48.00000 55467.60504
37.00000 49.00000 55476.96969
37.00000 50.00000 55487.80129
37.00000 51.00000 55498.44069
37.00000 52.00000 55509.67639
37.00000 53.00000 55515.50068
37.00000 54.00000 55512.98522
37.00000 55.00000 55510.38962
37.00000 56.00000 55507.63315
37.00000 57.00000 55505.13206
37.00000 58.00000 55500.61126
37.00000 59.00000 55500.01032
37.00000 60.00000 55495.98006
37.00000 61.00000 55491.61598
37.00000 62.00000 55491.32673
37.00000 63.00000 55493.52905
37.00000 64.00000 55500.19617
37.00000 65.00000 55508.49714
37.00000 66.00000 55510.12069
37.00000 67.00000 55505.89853
37.00000 68.00000 55503.81422
37.00000 69.00000 55503.12239
37.00000 70.00000 55501.40430
38.00000 25.00000 55382.14583
38.00000 26.00000 55390.76935
38.00000 27.00000 55397.23214
38.00000 28.00000 55402.66697
38.00000 29.00000 55410.41638
38.00000 30.00000 55416.40127
38.00000 31.00000 55419.95463
38.00000 32.00000 55417.97100
38.00000 33.00000 55416.76959
38.00000 34.00000 55413.99407
38.00000 35.00000 55412.75546
38.00000 36.00000 55423.85899
38.00000 37.00000 55428.32394
38.00000 38.00000 55430.26736
38.00000 39.00000 55428.24336
38.00000 40.00000 55446.00371
38.00000 41.00000 55458.91862
38.00000 42.00000 55465.40623
38.00000 43.00000 55468.46646
38.00000 44.00000 55469.63572
38.00000 45.00000 55468.03934
38.00000 46.00000 55460.00845
38.00000 47.00000 55460.21114
38.00000 48.00000 55464.56288
38.00000 49.00000 55472.64752
38.00000 50.00000 55482.88896
38.00000 51.00000 55493.09733
38.00000 52.00000 55506.04956
38.00000 53.00000 55515.19673
38.00000 54.00000 55514.37497
38.00000 55.00000 55511.32800
38.00000 56.00000 55507.66866
38.00000 57.00000 55503.97415
38.00000 58.00000 55498.22102
38.00000 59.00000 55497.85464
38.00000 60.00000 55494.48958
38.00000 61.00000 55490.33445
38.00000 62.00000 55490.29068
38.00000 63.00000 55492.88077
38.00000 64.00000 55500.11064
38.00000 65.00000 55508.90820
38.00000 66.00000 55511.17437
38.00000 67.00000 55507.85399
38.00000 68.00000 55506.91276
38.00000 69.00000 55506.88332
38.00000 70.00000 55503.54130
39.00000 25.00000 55379.36400
39.00000 26.00000 55389.20790
39.00000 27.00000 55395.61378
39.00000 28.00000 55399.65183
39.00000 29.00000 55406.48558
39.00000 30.00000 55410.93173
39.00000 31.00000 55412.52039
39.00000 32.00000 55411.33094
39.00000 33.00000 55412.06324
39.00000 34.00000 55411.19642
39.00000 35.00000 55409.82374
39.00000 36.00000 55417.92752
39.00000 37.00000 55422.29802
39.00000 38.00000 55419.30566
39.00000 39.00000 55425.25922
39.00000 40.00000 55443.05735
39.00000 41.00000 55452.93632
39.00000 42.00000 55457.34506
39.00000 43.00000 55459.84687
39.00000 44.00000 55460.48502
39.00000 45.00000 55460.44013
39.00000 46.00000 55455.10375
39.00000 47.00000 55456.29742
39.00000 48.00000 55459.52160
39.00000 49.00000 55466.26330
39.00000 50.00000 55475.94890
39.00000 51.00000 55485.40171
39.00000 52.00000 55498.49185
39.00000 53.00000 55509.54601
39.00000 54.00000 55510.92835
39.00000 55.00000 55508.51573
39.00000 56.00000 55504.64858
39.00000 57.00000 55500.07629
39.00000 58.00000 55493.71678
39.00000 59.00000 55493.21958
39.00000 60.00000 55490.23048
39.00000 61.00000 55486.43171
39.00000 62.00000 55487.39713
39.00000 63.00000 55490.21240
39.00000 64.00000 55497.57478
39.00000 65.00000 55506.50303
39.00000 66.00000 55509.30584
39.00000 67.00000 55506.02016
39.00000 68.00000 55505.52531
39.00000 69.00000 55506.04373
39.00000 70.00000 55502.19003
40.00000 25.00000 55373.01811
40.00000 26.00000 55382.58771
40.00000 27.00000 55388.98395
40.00000 28.00000 55391.99439
40.00000 29.00000 55398.28776
40.00000 30.00000 55403.08739
40.00000 31.00000 55405.11379
40.00000 32.00000 55402.36054
40.00000 33.00000 55402.14997
40.00000 34.00000 55401.36616
40.00000 35.00000 55400.43638
40.00000 36.00000 55407.05954
40.00000 37.00000 55413.52377
40.00000 38.00000 55412.91238
40.00000 39.00000 55415.22408
40.00000 40.00000 55433.20475
40.00000 41.00000 55442.78630
40.00000 42.00000 55444.29989
40.00000 43.00000 55446.93576
40.00000 44.00000 55450.66599
40.00000 45.00000 55452.45564
40.00000 46.00000 55448.68069
40.00000 47.00000 55451.10745
40.00000 48.00000 55452.95447
40.00000 49.00000 55457.76692
40.00000 50.00000 55467.39521
40.00000 51.00000 55477.19557
40.00000 52.00000 55490.53554
40.00000 53.00000 55502.45466
40.00000 54.00000 55506.35984
40.00000 55.00000 55505.51925
40.00000 56.00000 55501.81578
40.00000 57.00000 55496.32378
40.00000 58.00000 55489.38462
40.00000 59.00000 55488.63529
40.00000 60.00000 55484.50704
40.00000 61.00000 55480.04740
40.00000 62.00000 55482.83305
40.00000 63.00000 55486.11035
40.00000 64.00000 55493.55511
40.00000 65.00000 55502.40302
40.00000 66.00000 55506.06390
40.00000 67.00000 55502.05898
40.00000 68.00000 55500.08421
40.00000 69.00000 55499.56304
40.00000 70.00000 55496.22125
41.00000 25.00000 55370.85022
41.00000 26.00000 55378.80792
41.00000 27.00000 55384.83481
41.00000 28.00000 55387.47037
41.00000 29.00000 55393.55110
41.00000 30.00000 55399.88827
41.00000 31.00000 55403.76734
41.00000 32.00000 55400.42955
41.00000 33.00000 55399.16331
41.00000 34.00000 55398.42880
41.00000 35.00000 55398.78993
41.00000 36.00000 55405.12094
41.00000 37.00000 55411.57760
41.00000 38.00000 55411.28684
41.00000 39.00000 55413.32436
41.00000 40.00000 55422.07102
41.00000 41.00000 55440.64825
41.00000 42.00000 55440.38041
41.00000 43.00000 55442.54476
41.00000 44.00000 55447.19898
41.00000 45.00000 55448.71973
41.00000 46.00000 55444.83592
41.00000 47.00000 55448.34354
41.00000 48.00000 55450.22724
41.00000 49.00000 55454.31922
41.00000 50.00000 55464.07251
41.00000 51.00000 55474.32992
41.00000 52.00000 55487.74224
41.00000 53.00000 55499.46587
41.00000 54.00000 55504.52602
41.00000 55.00000 55505.10087
41.00000 56.00000 55501.75587
41.00000 57.00000 55495.41787
41.00000 58.00000 55487.94645
41.00000 59.00000 55487.47031
41.00000 60.00000 55482.85373
41.00000 61.00000 55478.04207
41.00000 62.00000 55482.28168
41.00000 63.00000 55486.07760
41.00000 64.00000 55493.96897
41.00000 65.00000 55502.86955
41.00000 66.00000 55507.07797
41.00000 67.00000 55502.97844
41.00000 68.00000 55499.82013
41.00000 69.00000 55498.00547
41.00000 70.00000 55494.77361
42.00000 25.00000 55362.03397
42.00000 26.00000 55366.65499
42.00000 27.00000 55371.56370
42.00000 28.00000 55373.95149
42.00000 29.00000 55379.75293
42.00000 30.00000 55388.68025
42.00000 31.00000 55396.01147
42.00000 32.00000 55393.66821
42.00000 33.00000 55391.95129
42.00000 34.00000 55391.38348
42.00000 35.00000 55393.37639
42.00000 36.00000 55401.24700
42.00000 37.00000 55409.01457
42.00000 38.00000 55409.32804
42.00000 39.00000 55410.82329
42.00000 40.00000 55417.13403
42.00000 41.00000 55427.35691
42.00000 42.00000 55439.58656
42.00000 43.00000 55436.52112
42.00000 44.00000 55442.80524
42.00000 45.00000 55442.79945
42.00000 46.00000 55434.93889
42.00000 47.00000 55437.97415
42.00000 48.00000 55440.72774
42.00000 49.00000 55445.17166
42.00000 50.00000 55454.85371
42.00000 51.00000 55465.29057
42.00000 52.00000 55478.73434
42.00000 53.00000 55489.56679
42.00000 54.00000 55493.68870
42.00000 55.00000 55494.88756
42.00000 56.00000 55492.28153
42.00000 57.00000 55486.20219
42.00000 58.00000 55479.21656
42.00000 59.00000 55479.59788
42.00000 60.00000 55474.89007
42.00000 61.00000 55469.76324
42.00000 62.00000 55474.16403
42.00000 63.00000 55478.06928
42.00000 64.00000 55486.64560
42.00000 65.00000 55495.83061
42.00000 66.00000 55499.91693
42.00000 67.00000 55496.07597
42.00000 68.00000 55492.31077
42.00000 69.00000 55489.56872
42.00000 70.00000 55486.28690
43.00000 25.00000 55361.64497
43.00000 26.00000 55364.65281
43.00000 27.00000 55369.35799
43.00000 28.00000 55372.01015
43.00000 29.00000 55377.82216
43.00000 30.00000 55388.66943
43.00000 31.00000 55398.48841
43.00000 32.00000 55397.44952
43.00000 33.00000 55395.56240
43.00000 34.00000 55394.67735
43.00000 35.00000 55397.24791
43.00000 36.00000 55405.61456
43.00000 37.00000 55413.61735
43.00000 38.00000 55414.45491
43.00000 39.00000 55416.49550
43.00000 40.00000 55424.13654
43.00000 41.00000 55434.76687
43.00000 42.00000 55445.20231
43.00000 43.00000 55446.42305
43.00000 44.00000 55451.47772
43.00000 45.00000 55450.16297
43.00000 46.00000 55437.88664
43.00000 47.00000 55438.58149
43.00000 48.00000 55442.09115
43.00000 49.00000 55447.35962
43.00000 50.00000 55456.65465
43.00000 51.00000 55466.27835
43.00000 52.00000 55478.98426
43.00000 53.00000 55488.71852
43.00000 54.00000 55491.37638
43.00000 55.00000 55491.81420
43.00000 56.00000 55489.20074
43.00000 57.00000 55484.29117
43.00000 58.00000 55478.88143
43.00000 59.00000 55481.24084
43.00000 60.00000 55478.06448
43.00000 61.00000 55473.68199
43.00000 62.00000 55476.89665
43.00000 63.00000 55479.32177
43.00000 64.00000 55487.38201
43.00000 65.00000 55496.20847
43.00000 66.00000 55499.53721
43.00000 67.00000 55496.24593
43.00000 68.00000 55492.79861
43.00000 69.00000 55490.07070
43.00000 70.00000 55486.99093
44.00000 25.00000 55359.56220
44.00000 26.00000 55362.39814
44.00000 27.00000 55367.99257
44.00000 28.00000 55372.42481
44.00000 29.00000 55379.74079
44.00000 30.00000 55391.61596
44.00000 31.00000 55402.21908
44.00000 32.00000 55403.02359
44.00000 33.00000 55401.98653
44.00000 34.00000 55401.44642
44.00000 35.00000 55404.40248
44.00000 36.00000 55412.51147
44.00000 37.00000 55419.71382
44.00000 38.00000 55419.44050
44.00000 39.00000 55420.49389
44.00000 40.00000 55431.18928
44.00000 41.00000 55443.52227
44.00000 42.00000 55453.53926
44.00000 43.00000 55454.67075
44.00000 44.00000 55456.33751
44.00000 45.00000 55455.16814
44.00000 46.00000 55440.34794
44.00000 47.00000 55438.77313
44.00000 48.00000 55441.74438
44.00000 49.00000 55448.55206
44.00000 50.00000 55458.01038
44.00000 51.00000 55467.28630
44.00000 52.00000 55479.88222
44.00000 53.00000 55489.44559
44.00000 54.00000 55491.21674
44.00000 55.00000 55490.24367
44.00000 56.00000 55486.15991
44.00000 57.00000 55481.41077
44.00000 58.00000 55476.70069
44.00000 59.00000 55480.85400
44.00000 60.00000 55480.60990
44.00000 61.00000 55478.64260
44.00000 62.00000 55481.32320
44.00000 63.00000 55481.30180
44.00000 64.00000 55487.94175
44.00000 65.00000 55496.38166
44.00000 66.00000 55498.86138
44.00000 67.00000 55497.24425
44.00000 68.00000 55496.24570
44.00000 69.00000 55495.42768
44.00000 70.00000 55492.55652
45.00000 25.00000 55364.56095
45.00000 26.00000 55369.12281
45.00000 27.00000 55376.35490
45.00000 28.00000 55383.24606
45.00000 29.00000 55392.59900
45.00000 30.00000 55404.37293
45.00000 31.00000 55413.37465
45.00000 32.00000 55414.51176
45.00000 33.00000 55413.63914
45.00000 34.00000 55412.80308
45.00000 35.00000 55415.01362
45.00000 36.00000 55421.86432
45.00000 37.00000 55427.90880
45.00000 38.00000 55427.23557
45.00000 39.00000 55428.00684
45.00000 40.00000 55439.64154
45.00000 41.00000 55452.56643
45.00000 42.00000 55462.84408
45.00000 43.00000 55466.37470
45.00000 44.00000 55466.17624
45.00000 45.00000 55464.69659
45.00000 46.00000 55450.44518
45.00000 47.00000 55448.85137
45.00000 48.00000 55450.70066
45.00000 49.00000 55457.32634
45.00000 50.00000 55465.98163
45.00000 51.00000 55474.73058
45.00000 52.00000 55487.35622
45.00000 53.00000 55496.92745
45.00000 54.00000 55498.58996
45.00000 55.00000 55497.20542
45.00000 56.00000 55492.52133
45.00000 57.00000 55487.66023
45.00000 58.00000 55482.78666
45.00000 59.00000 55487.94412
45.00000 60.00000 55490.34046
45.00000 61.00000 55490.88175
45.00000 62.00000 55493.72755
45.00000 63.00000 55491.76709
45.00000 64.00000 55496.17235
45.00000 65.00000 55503.01196
45.00000 66.00000 55504.13665
45.00000 67.00000 55503.75515
45.00000 68.00000 55504.90584
45.00000 69.00000 55506.06128
45.00000 70.00000 55503.99719
46.00000 25.00000 55378.87967
46.00000 26.00000 55387.22359
46.00000 27.00000 55396.56661
46.00000 28.00000 55405.15602
46.00000 29.00000 55415.74758
46.00000 30.00000 55425.82525
46.00000 31.00000 55430.77835
46.00000 32.00000 55430.90270
46.00000 33.00000 55430.10677
46.00000 34.00000 55429.13147
46.00000 35.00000 55430.03064
46.00000 36.00000 55434.86499
46.00000 37.00000 55439.52484
46.00000 38.00000 55438.78410
46.00000 39.00000 55439.72964
46.00000 40.00000 55450.50189
46.00000 41.00000 55462.54368
46.00000 42.00000 55472.24807
46.00000 43.00000 55477.06889
46.00000 44.00000 55475.63338
46.00000 45.00000 55470.53181
46.00000 46.00000 55470.01340
46.00000 47.00000 55471.88472
46.00000 48.00000 55473.52500
46.00000 49.00000 55476.72735
46.00000 50.00000 55481.60418
46.00000 51.00000 55488.28926
46.00000 52.00000 55500.49251
46.00000 53.00000 55510.57803
46.00000 54.00000 55513.49914
46.00000 55.00000 55512.69876
46.00000 56.00000 55508.68157
46.00000 57.00000 55504.25010
46.00000 58.00000 55497.80578
46.00000 59.00000 55501.75305
46.00000 60.00000 55505.29347
46.00000 61.00000 55508.08113
46.00000 62.00000 55512.89502
46.00000 63.00000 55510.41035
46.00000 64.00000 55512.97286
46.00000 65.00000 55517.79800
46.00000 66.00000 55516.14354
46.00000 67.00000 55515.59969
46.00000 68.00000 55517.98252
46.00000 69.00000 55520.70868
46.00000 70.00000 55520.39390
47.00000 25.00000 55393.67502
47.00000 26.00000 55404.88514
47.00000 27.00000 55416.08032
47.00000 28.00000 55425.15166
47.00000 29.00000 55435.62002
47.00000 30.00000 55443.78523
47.00000 31.00000 55445.97702
47.00000 32.00000 55444.08765
47.00000 33.00000 55442.92758
47.00000 34.00000 55441.86916
47.00000 35.00000 55442.00774
47.00000 36.00000 55445.67076
47.00000 37.00000 55449.82605
47.00000 38.00000 55449.17224
47.00000 39.00000 55450.16504
47.00000 40.00000 55460.36980
47.00000 41.00000 55472.05079
47.00000 42.00000 55481.39760
47.00000 43.00000 55486.46768
47.00000 44.00000 55484.80099
47.00000 45.00000 55480.92891
47.00000 46.00000 55475.51343
47.00000 47.00000 55485.56597
47.00000 48.00000 55491.99142
47.00000 49.00000 55493.42630
47.00000 50.00000 55495.10333
47.00000 51.00000 55499.08641
47.00000 52.00000 55510.14759
47.00000 53.00000 55520.45952
47.00000 54.00000 55524.66564
47.00000 55.00000 55524.97618
47.00000 56.00000 55522.26942
47.00000 57.00000 55519.11445
47.00000 58.00000 55512.94397
47.00000 59.00000 55514.82185
47.00000 60.00000 55517.41652
47.00000 61.00000 55520.43533
47.00000 62.00000 55526.31698
47.00000 63.00000 55524.99201
47.00000 64.00000 55526.98216
47.00000 65.00000 55530.76820
47.00000 66.00000 55527.23171
47.00000 67.00000 55524.73767
47.00000 68.00000 55526.75953
47.00000 69.00000 55529.96825
47.00000 70.00000 55530.89518
48.00000 25.00000 55404.89538
48.00000 26.00000 55416.94303
48.00000 27.00000 55428.47516
48.00000 28.00000 55437.14694
48.00000 29.00000 55447.18446
48.00000 30.00000 55454.51748
48.00000 31.00000 55455.64407
48.00000 32.00000 55450.98596
48.00000 33.00000 55448.19251
48.00000 34.00000 55446.45648
48.00000 35.00000 55446.30558
48.00000 36.00000 55449.54714
48.00000 37.00000 55454.02708
48.00000 38.00000 55453.92637
48.00000 39.00000 55455.17557
48.00000 40.00000 55464.95354
48.00000 41.00000 55476.80571
48.00000 42.00000 55486.74580
48.00000 43.00000 55492.48946
48.00000 44.00000 55492.36397
48.00000 45.00000 55489.56512
48.00000 46.00000 55483.27061
48.00000 47.00000 55486.56178
48.00000 48.00000 55496.58021
48.00000 49.00000 55502.28346
48.00000 50.00000 55502.65548
48.00000 51.00000 55504.85299
48.00000 52.00000 55513.18231
48.00000 53.00000 55522.49482
48.00000 54.00000 55527.39218
48.00000 55.00000 55529.18151
48.00000 56.00000 55528.50450
48.00000 57.00000 55527.35650
48.00000 58.00000 55522.78527
48.00000 59.00000 55523.28427
48.00000 60.00000 55523.38978
48.00000 61.00000 55524.15000
48.00000 62.00000 55528.98897
48.00000 63.00000 55529.58058
48.00000 64.00000 55533.03348
48.00000 65.00000 55537.61785
48.00000 66.00000 55534.56553
48.00000 67.00000 55529.99189
48.00000 68.00000 55529.82173
48.00000 69.00000 55531.85789
48.00000 70.00000 55533.53969
49.00000 25.00000 55414.38143
49.00000 26.00000 55426.03397
49.00000 27.00000 55436.75467
49.00000 28.00000 55444.97885
49.00000 29.00000 55454.93030
49.00000 30.00000 55462.38692
49.00000 31.00000 55463.49534
49.00000 32.00000 55457.51181
49.00000 33.00000 55452.69298
49.00000 34.00000 55449.03336
49.00000 35.00000 55448.05727
49.00000 36.00000 55450.36272
49.00000 37.00000 55454.24567
49.00000 38.00000 55454.03325
49.00000 39.00000 55455.11288
49.00000 40.00000 55464.37824
49.00000 41.00000 55476.55408
49.00000 42.00000 55487.50170
49.00000 43.00000 55494.32189
49.00000 44.00000 55496.34288
49.00000 45.00000 55495.77077
49.00000 46.00000 55490.57138
49.00000 47.00000 55492.12274
49.00000 48.00000 55497.01077
49.00000 49.00000 55507.97740
49.00000 50.00000 55507.22085
49.00000 51.00000 55510.03069
49.00000 52.00000 55515.15821
49.00000 53.00000 55521.91613
49.00000 54.00000 55525.95526
49.00000 55.00000 55528.50295
49.00000 56.00000 55529.15041
49.00000 57.00000 55529.66798
49.00000 58.00000 55527.05980
49.00000 59.00000 55527.37271
49.00000 60.00000 55526.47768
49.00000 61.00000 55525.88967
49.00000 62.00000 55528.92198
49.00000 63.00000 55530.60671
49.00000 64.00000 55535.04809
49.00000 65.00000 55540.53887
49.00000 66.00000 55539.22529
49.00000 67.00000 55534.44444
49.00000 68.00000 55533.08425
49.00000 69.00000 55533.76274
49.00000 70.00000 55535.24215
50.00000 25.00000 55415.94768
50.00000 26.00000 55427.20629
50.00000 27.00000 55437.34963
50.00000 28.00000 55445.46099
50.00000 29.00000 55455.31653
50.00000 30.00000 55462.87463
50.00000 31.00000 55464.32362
50.00000 32.00000 55458.76659
50.00000 33.00000 55453.27006
50.00000 34.00000 55448.06189
50.00000 35.00000 55446.02083
50.00000 36.00000 55446.49186
50.00000 37.00000 55448.00190
50.00000 38.00000 55445.72219
50.00000 39.00000 55445.83241
50.00000 40.00000 55454.86077
50.00000 41.00000 55467.61633
50.00000 42.00000 55480.07623
50.00000 43.00000 55488.48445
50.00000 44.00000 55492.52915
50.00000 45.00000 55493.56901
50.00000 46.00000 55488.63112
50.00000 47.00000 55489.20346
50.00000 48.00000 55493.46933
50.00000 49.00000 55498.31056
50.00000 50.00000 55512.85969
50.00000 51.00000 55512.78749
50.00000 52.00000 55514.90743
50.00000 53.00000 55517.09480
50.00000 54.00000 55516.99153
50.00000 55.00000 55519.02908
50.00000 56.00000 55520.15299
50.00000 57.00000 55521.91833
50.00000 58.00000 55521.86869
50.00000 59.00000 55522.66895
50.00000 60.00000 55521.78571
50.00000 61.00000 55520.91666
50.00000 62.00000 55522.07143
50.00000 63.00000 55524.32150
50.00000 64.00000 55529.73552
50.00000 65.00000 55536.32374
50.00000 66.00000 55537.87949
50.00000 67.00000 55534.43996
50.00000 68.00000 55533.02777
50.00000 69.00000 55532.79498
50.00000 70.00000 55532.33643
51.00000 25.00000 55416.72617
51.00000 26.00000 55427.85745
51.00000 27.00000 55437.69326
51.00000 28.00000 55445.69349
51.00000 29.00000 55455.22808
51.00000 30.00000 55462.38164
51.00000 31.00000 55463.83690
51.00000 32.00000 55458.64567
51.00000 33.00000 55453.32550
51.00000 34.00000 55447.48659
51.00000 35.00000 55444.32998
51.00000 36.00000 55442.74589
51.00000 37.00000 55441.96154
51.00000 38.00000 55437.47390
51.00000 39.00000 55436.05573
51.00000 40.00000 55444.58393
51.00000 41.00000 55457.52303
51.00000 42.00000 55470.60120
51.00000 43.00000 55479.44585
51.00000 44.00000 55483.33243
51.00000 45.00000 55484.15282
51.00000 46.00000 55479.08423
51.00000 47.00000 55479.50807
51.00000 48.00000 55485.32575
51.00000 49.00000 55495.25669
51.00000 50.00000 55510.04293
51.00000 51.00000 55514.73070
51.00000 52.00000 55515.12694
51.00000 53.00000 55514.23242
51.00000 54.00000 55510.12188
51.00000 55.00000 55511.49202
51.00000 56.00000 55512.70132
51.00000 57.00000 55514.63503
51.00000 58.00000 55514.91147
51.00000 59.00000 55515.31355
51.00000 60.00000 55514.29569
51.00000 61.00000 55513.49582
51.00000 62.00000 55514.09719
51.00000 63.00000 55516.48408
51.00000 64.00000 55522.78738
51.00000 65.00000 55530.77383
51.00000 66.00000 55534.60015
51.00000 67.00000 55532.67589
51.00000 68.00000 55532.40889
51.00000 69.00000 55532.48115
51.00000 70.00000 55529.83789
52.00000 25.00000 55416.79044
52.00000 26.00000 55427.82929
52.00000 27.00000 55437.23405
52.00000 28.00000 55444.68355
52.00000 29.00000 55453.68861
52.00000 30.00000 55460.46403
52.00000 31.00000 55462.06643
52.00000 32.00000 55456.68078
52.00000 33.00000 55451.07440
52.00000 34.00000 55444.71119
52.00000 35.00000 55441.10824
52.00000 36.00000 55439.41531
52.00000 37.00000 55438.38075
52.00000 38.00000 55432.97694
52.00000 39.00000 55430.20709
52.00000 40.00000 55437.01201
52.00000 41.00000 55449.04136
52.00000 42.00000 55461.97865
52.00000 43.00000 55470.55616
52.00000 44.00000 55474.32290
52.00000 45.00000 55475.24495
52.00000 46.00000 55470.33524
52.00000 47.00000 55470.46851
52.00000 48.00000 55474.15766
52.00000 49.00000 55485.02475
52.00000 50.00000 55503.05608
52.00000 51.00000 55510.76497
52.00000 52.00000 55513.96720
52.00000 53.00000 55514.13988
52.00000 54.00000 55507.86877
52.00000 55.00000 55509.36981
52.00000 56.00000 55510.48446
52.00000 57.00000 55510.79323
52.00000 58.00000 55509.53032
52.00000 59.00000 55509.42484
52.00000 60.00000 55508.48818
52.00000 61.00000 55507.73013
52.00000 62.00000 55508.45088
52.00000 63.00000 55510.35111
52.00000 64.00000 55515.80259
52.00000 65.00000 55523.74931
52.00000 66.00000 55529.07536
52.00000 67.00000 55527.87673
52.00000 68.00000 55528.68904
52.00000 69.00000 55529.66672
52.00000 70.00000 55524.90282
53.00000 25.00000 55415.73656
53.00000 26.00000 55427.11260
53.00000 27.00000 55436.08868
53.00000 28.00000 55442.10735
53.00000 29.00000 55449.77776
53.00000 30.00000 55456.03968
53.00000 31.00000 55457.91498
53.00000 32.00000 55452.15762
53.00000 33.00000 55445.53623
53.00000 34.00000 55438.04410
53.00000 35.00000 55433.92650
53.00000 36.00000 55433.09390
53.00000 37.00000 55433.92068
53.00000 38.00000 55430.37718
53.00000 39.00000 55427.82413
53.00000 40.00000 55432.78246
53.00000 41.00000 55442.86284
53.00000 42.00000 55454.61636
53.00000 43.00000 55462.55633
53.00000 44.00000 55466.85686
53.00000 45.00000 55468.70427
53.00000 46.00000 55464.65809
53.00000 47.00000 55465.29285
53.00000 48.00000 55466.64494
53.00000 49.00000 55474.10389
53.00000 50.00000 55490.68327
53.00000 51.00000 55500.29383
53.00000 52.00000 55503.96890
53.00000 53.00000 55514.02671
53.00000 54.00000 55504.25479
53.00000 55.00000 55508.69351
53.00000 56.00000 55509.59507
53.00000 57.00000 55507.19317
53.00000 58.00000 55503.41433
53.00000 59.00000 55503.22970
53.00000 60.00000 55502.86390
53.00000 61.00000 55502.49028
53.00000 62.00000 55503.98758
53.00000 63.00000 55505.48432
53.00000 64.00000 55509.75395
53.00000 65.00000 55516.64337
53.00000 66.00000 55522.63706
53.00000 67.00000 55521.69411
53.00000 68.00000 55523.17333
53.00000 69.00000 55525.07367
53.00000 70.00000 55519.02903
54.00000 25.00000 55408.19014
54.00000 26.00000 55418.93991
54.00000 27.00000 55426.80795
54.00000 28.00000 55430.68663
54.00000 29.00000 55436.28827
54.00000 30.00000 55442.45090
54.00000 31.00000 55445.80068
54.00000 32.00000 55440.22768
54.00000 33.00000 55432.58422
54.00000 34.00000 55423.73268
54.00000 35.00000 55418.74865
54.00000 36.00000 55417.57089
54.00000 37.00000 55420.45440
54.00000 38.00000 55420.79338
54.00000 39.00000 55421.13296
54.00000 40.00000 55425.64247
54.00000 41.00000 55433.26401
54.00000 42.00000 55441.83459
54.00000 43.00000 55447.77573
54.00000 44.00000 55452.13626
54.00000 45.00000 55455.92504
54.00000 46.00000 55455.49556
54.00000 47.00000 55458.68196
54.00000 48.00000 55459.86371
54.00000 49.00000 55464.56493
54.00000 50.00000 55475.90309
54.00000 51.00000 55483.48224
54.00000 52.00000 55487.17003
54.00000 53.00000 55491.38188
54.00000 54.00000 55504.31186
54.00000 55.00000 55504.81425
54.00000 56.00000 55503.89852
54.00000 57.00000 55498.46737
54.00000 58.00000 55491.64003
54.00000 59.00000 55491.54230
54.00000 60.00000 55492.03201
54.00000 61.00000 55492.35034
54.00000 62.00000 55496.10287
54.00000 63.00000 55497.91674
54.00000 64.00000 55501.57640
54.00000 65.00000 55507.18366
54.00000 66.00000 55511.14180
54.00000 67.00000 55509.08199
54.00000 68.00000 55509.87559
54.00000 69.00000 55511.79144
54.00000 70.00000 55505.82966
55.00000 25.00000 55405.24939
55.00000 26.00000 55414.47511
55.00000 27.00000 55420.71041
55.00000 28.00000 55424.53441
55.00000 29.00000 55429.98624
55.00000 30.00000 55436.81186
55.00000 31.00000 55441.27467
55.00000 32.00000 55436.10312
55.00000 33.00000 55428.00642
55.00000 34.00000 55418.56566
55.00000 35.00000 55413.35448
55.00000 36.00000 55411.72524
55.00000 37.00000 55414.79190
55.00000 38.00000 55415.65710
55.00000 39.00000 55416.96506
55.00000 40.00000 55422.84612
55.00000 41.00000 55429.86381
55.00000 42.00000 55437.02744
55.00000 43.00000 55441.50472
55.00000 44.00000 55445.65532
55.00000 45.00000 55450.99640
55.00000 46.00000 55453.31656
55.00000 47.00000 55458.99990
55.00000 48.00000 55461.76496
55.00000 49.00000 55466.09861
55.00000 50.00000 55474.78542
55.00000 51.00000 55481.26107
55.00000 52.00000 55485.75845
55.00000 53.00000 55490.96787
55.00000 54.00000 55494.64440
55.00000 55.00000 55498.54976
55.00000 56.00000 55498.77608
55.00000 57.00000 55493.82226
55.00000 58.00000 55486.40906
55.00000 59.00000 55486.35419
55.00000 60.00000 55486.93164
55.00000 61.00000 55487.14971
55.00000 62.00000 55491.90874
55.00000 63.00000 55494.61816
55.00000 64.00000 55499.28983
55.00000 65.00000 55505.65692
55.00000 66.00000 55508.32476
55.00000 67.00000 55505.11689
55.00000 68.00000 55504.24230
55.00000 69.00000 55504.81085
55.00000 70.00000 55499.28922
