k1 k2 chisq 
11.00000 25.00000 270893.49613
11.00000 26.00000 270808.41423
11.00000 27.00000 270731.75990
11.00000 28.00000 270639.75777
11.00000 29.00000 270526.61629
11.00000 30.00000 270436.91141
11.00000 31.00000 270358.30795
11.00000 32.00000 270278.18930
11.00000 33.00000 270208.96890
11.00000 34.00000 270150.48570
11.00000 35.00000 270106.14156
11.00000 36.00000 270045.25338
11.00000 37.00000 269984.85791
11.00000 38.00000 269927.20688
11.00000 39.00000 269868.49752
11.00000 40.00000 269812.72455
11.00000 41.00000 269754.14663
11.00000 42.00000 269682.29424
11.00000 43.00000 269600.00898
11.00000 44.00000 269532.30513
11.00000 45.00000 269472.50115
11.00000 46.00000 269411.98384
11.00000 47.00000 269360.46210
11.00000 48.00000 269308.94436
11.00000 49.00000 269261.95787
11.00000 50.00000 269228.73513
11.00000 51.00000 269190.36909
11.00000 52.00000 269150.33261
11.00000 53.00000 269110.09458
11.00000 54.00000 269069.14699
11.00000 55.00000 269028.71081
11.00000 56.00000 268983.26336
11.00000 57.00000 268934.76284
11.00000 58.00000 268897.51384
11.00000 59.00000 268881.46626
11.00000 60.00000 268871.63630
11.00000 61.00000 268855.48992
11.00000 62.00000 268822.74101
11.00000 63.00000 268782.89693
11.00000 64.00000 268744.34089
11.00000 65.00000 268716.54392
11.00000 66.00000 268695.99414
11.00000 67.00000 268667.36928
11.00000 68.00000 268655.60741
11.00000 69.00000 268650.33224
11.00000 70.00000 268624.91946
12.00000 25.00000 270863.08961
12.00000 26.00000 270779.19899
12.00000 27.00000 270701.69183
12.00000 28.00000 270608.95997
12.00000 29.00000 270495.79313
12.00000 30.00000 270403.69288
12.00000 31.00000 270319.82205
12.00000 32.00000 270235.09260
12.00000 33.00000 270164.24677
12.00000 34.00000 270104.19886
12.00000 35.00000 270057.25303
12.00000 36.00000 269992.98118
12.00000 37.00000 269928.56801
12.00000 38.00000 269866.47106
12.00000 39.00000 269803.70840
12.00000 40.00000 269745.69262
12.00000 41.00000 269687.64315
12.00000 42.00000 269618.23097
12.00000 43.00000 269537.13594
12.00000 44.00000 269468.37031
12.00000 45.00000 269407.31942
12.00000 46.00000 269344.47467
12.00000 47.00000 269289.50964
12.00000 48.00000 269235.06963
12.00000 49.00000 269187.33452
12.00000 50.00000 269156.21854
12.00000 51.00000 269119.56699
12.00000 52.00000 269080.58019
12.00000 53.00000 269040.91398
12.00000 54.00000 269000.00187
12.00000 55.00000 268959.59094
12.00000 56.00000 268915.33410
12.00000 57.00000 268868.84543
12.00000 58.00000 268833.53343
12.00000 59.00000 268817.20096
12.00000 60.00000 268806.77982
12.00000 61.00000 268789.85829
12.00000 62.00000 268756.37069
12.00000 63.00000 268716.70279
12.00000 64.00000 268678.98361
12.00000 65.00000 268652.80515
12.00000 66.00000 268635.74611
12.00000 67.00000 268610.54165
12.00000 68.00000 268601.94151
12.00000 69.00000 268599.43735
12.00000 70.00000 268576.88133
13.00000 25.00000 270814.26758
13.00000 26.00000 270730.90118
13.00000 27.00000 270654.65526
13.00000 28.00000 270564.21928
13.00000 29.00000 270451.17314
13.00000 30.00000 270355.73086
13.00000 31.00000 270269.47754
13.00000 32.00000 270181.45247
13.00000 33.00000 270104.45735
13.00000 34.00000 270036.66635
13.00000 35.00000 269982.68023
13.00000 36.00000 269912.59201
13.00000 37.00000 269843.12746
13.00000 38.00000 269778.88119
13.00000 39.00000 269716.36580
13.00000 40.00000 269658.21693
13.00000 41.00000 269601.41538
13.00000 42.00000 269535.15611
13.00000 43.00000 269456.66818
13.00000 44.00000 269387.45217
13.00000 45.00000 269324.69608
13.00000 46.00000 269259.95555
13.00000 47.00000 269204.10882
13.00000 48.00000 269148.84958
13.00000 49.00000 269099.61656
13.00000 50.00000 269068.39402
13.00000 51.00000 269032.65911
13.00000 52.00000 268993.62710
13.00000 53.00000 268952.42966
13.00000 54.00000 268911.16186
13.00000 55.00000 268871.79584
13.00000 56.00000 268828.63707
13.00000 57.00000 268783.45714
13.00000 58.00000 268748.62723
13.00000 59.00000 268730.75799
13.00000 60.00000 268719.48090
13.00000 61.00000 268701.68387
13.00000 62.00000 268668.14683
13.00000 63.00000 268630.76845
13.00000 64.00000 268596.38193
13.00000 65.00000 268574.14467
13.00000 66.00000 268561.24699
13.00000 67.00000 268539.53767
13.00000 68.00000 268533.30460
13.00000 69.00000 268532.79270
13.00000 70.00000 268512.15332
14.00000 25.00000 270769.09917
14.00000 26.00000 270683.98446
14.00000 27.00000 270606.58706
14.00000 28.00000 270518.83093
14.00000 29.00000 270408.19266
14.00000 30.00000 270311.07309
14.00000 31.00000 270223.16394
14.00000 32.00000 270132.72654
14.00000 33.00000 270050.64797
14.00000 34.00000 269975.32147
14.00000 35.00000 269913.39419
14.00000 36.00000 269838.44091
14.00000 37.00000 269766.01467
14.00000 38.00000 269701.41061
14.00000 39.00000 269639.90243
14.00000 40.00000 269582.34141
14.00000 41.00000 269525.92579
14.00000 42.00000 269460.24111
14.00000 43.00000 269382.11503
14.00000 44.00000 269312.93663
14.00000 45.00000 269250.21204
14.00000 46.00000 269186.25516
14.00000 47.00000 269131.22842
14.00000 48.00000 269076.28960
14.00000 49.00000 269026.11811
14.00000 50.00000 268993.29473
14.00000 51.00000 268956.88006
14.00000 52.00000 268917.36978
14.00000 53.00000 268875.36388
14.00000 54.00000 268834.14909
14.00000 55.00000 268795.75506
14.00000 56.00000 268753.88444
14.00000 57.00000 268709.86071
14.00000 58.00000 268675.07540
14.00000 59.00000 268656.50937
14.00000 60.00000 268645.30974
14.00000 61.00000 268627.92768
14.00000 62.00000 268595.50389
14.00000 63.00000 268560.85714
14.00000 64.00000 268529.31887
14.00000 65.00000 268510.04174
14.00000 66.00000 268499.27032
14.00000 67.00000 268480.54768
14.00000 68.00000 268477.30300
14.00000 69.00000 268479.93422
14.00000 70.00000 268462.39238
15.00000 25.00000 270749.51391
15.00000 26.00000 270659.02256
15.00000 27.00000 270577.09343
15.00000 28.00000 270489.30185
15.00000 29.00000 270381.71119
15.00000 30.00000 270287.82439
15.00000 31.00000 270201.74995
15.00000 32.00000 270110.17065
15.00000 33.00000 270025.22356
15.00000 34.00000 269944.91158
15.00000 35.00000 269875.93358
15.00000 36.00000 269797.67773
15.00000 37.00000 269724.39254
15.00000 38.00000 269660.11578
15.00000 39.00000 269598.26661
15.00000 40.00000 269540.15864
15.00000 41.00000 269481.52291
15.00000 42.00000 269411.51853
15.00000 43.00000 269329.35557
15.00000 44.00000 269260.25577
15.00000 45.00000 269199.15196
15.00000 46.00000 269139.18739
15.00000 47.00000 269087.53326
15.00000 48.00000 269034.59870
15.00000 49.00000 268984.75347
15.00000 50.00000 268949.47903
15.00000 51.00000 268910.82919
15.00000 52.00000 268870.49640
15.00000 53.00000 268829.03371
15.00000 54.00000 268788.85552
15.00000 55.00000 268750.44920
15.00000 56.00000 268707.81797
15.00000 57.00000 268661.86233
15.00000 58.00000 268625.22806
15.00000 59.00000 268608.98165
15.00000 60.00000 268600.86609
15.00000 61.00000 268587.13902
15.00000 62.00000 268558.23585
15.00000 63.00000 268526.67969
15.00000 64.00000 268497.62997
15.00000 65.00000 268480.42658
15.00000 66.00000 268470.25399
15.00000 67.00000 268453.13631
15.00000 68.00000 268452.15946
15.00000 69.00000 268457.09294
15.00000 70.00000 268441.25699
16.00000 25.00000 270745.81970
16.00000 26.00000 270649.99578
16.00000 27.00000 270563.78325
16.00000 28.00000 270471.75518
16.00000 29.00000 270362.73712
16.00000 30.00000 270272.26600
16.00000 31.00000 270189.50950
16.00000 32.00000 270097.92660
16.00000 33.00000 270012.38642
16.00000 34.00000 269930.46629
16.00000 35.00000 269858.36690
16.00000 36.00000 269777.84892
16.00000 37.00000 269704.80186
16.00000 38.00000 269641.08543
16.00000 39.00000 269578.29416
16.00000 40.00000 269518.31854
16.00000 41.00000 269456.39394
16.00000 42.00000 269381.15756
16.00000 43.00000 269293.97118
16.00000 44.00000 269225.10427
16.00000 45.00000 269165.93695
16.00000 46.00000 269109.98396
16.00000 47.00000 269061.46323
16.00000 48.00000 269010.58538
16.00000 49.00000 268962.54643
16.00000 50.00000 268926.85537
16.00000 51.00000 268886.23964
16.00000 52.00000 268844.00688
16.00000 53.00000 268802.38093
16.00000 54.00000 268762.41255
16.00000 55.00000 268723.36068
16.00000 56.00000 268679.58563
16.00000 57.00000 268631.47116
16.00000 58.00000 268594.27779
16.00000 59.00000 268582.16129
16.00000 60.00000 268578.53022
16.00000 61.00000 268570.13940
16.00000 62.00000 268547.05783
16.00000 63.00000 268518.55966
16.00000 64.00000 268491.88492
16.00000 65.00000 268476.85534
16.00000 66.00000 268468.13049
16.00000 67.00000 268451.31658
16.00000 68.00000 268451.38967
16.00000 69.00000 268457.66215
16.00000 70.00000 268442.06274
17.00000 25.00000 270720.03424
17.00000 26.00000 270622.69452
17.00000 27.00000 270537.41376
17.00000 28.00000 270443.38765
17.00000 29.00000 270332.04299
17.00000 30.00000 270241.68935
17.00000 31.00000 270160.58084
17.00000 32.00000 270068.16034
17.00000 33.00000 269980.41226
17.00000 34.00000 269897.47215
17.00000 35.00000 269826.01296
17.00000 36.00000 269744.95988
17.00000 37.00000 269670.86668
17.00000 38.00000 269605.68020
17.00000 39.00000 269541.49447
17.00000 40.00000 269478.58128
17.00000 41.00000 269411.86944
17.00000 42.00000 269331.76152
17.00000 43.00000 269242.72488
17.00000 44.00000 269175.57944
17.00000 45.00000 269118.78823
17.00000 46.00000 269065.57196
17.00000 47.00000 269019.02676
17.00000 48.00000 268969.24610
17.00000 49.00000 268922.24495
17.00000 50.00000 268886.35412
17.00000 51.00000 268844.88954
17.00000 52.00000 268800.85181
17.00000 53.00000 268758.51795
17.00000 54.00000 268717.93875
17.00000 55.00000 268678.55241
17.00000 56.00000 268634.99926
17.00000 57.00000 268586.80212
17.00000 58.00000 268551.27338
17.00000 59.00000 268543.81326
17.00000 60.00000 268544.96817
17.00000 61.00000 268542.32705
17.00000 62.00000 268525.71237
17.00000 63.00000 268500.75044
17.00000 64.00000 268476.62819
17.00000 65.00000 268463.34227
17.00000 66.00000 268456.05195
17.00000 67.00000 268440.02270
17.00000 68.00000 268441.64224
17.00000 69.00000 268449.68615
17.00000 70.00000 268435.99193
18.00000 25.00000 270706.71241
18.00000 26.00000 270609.11324
18.00000 27.00000 270524.66387
18.00000 28.00000 270428.23100
18.00000 29.00000 270313.63263
18.00000 30.00000 270223.21073
18.00000 31.00000 270143.69797
18.00000 32.00000 270051.22908
18.00000 33.00000 269963.05468
18.00000 34.00000 269880.38552
18.00000 35.00000 269810.50276
18.00000 36.00000 269730.95074
18.00000 37.00000 269657.32186
18.00000 38.00000 269590.62145
18.00000 39.00000 269524.25810
18.00000 40.00000 269457.89135
18.00000 41.00000 269385.81913
18.00000 42.00000 269300.04658
18.00000 43.00000 269207.73472
18.00000 44.00000 269142.30281
18.00000 45.00000 269088.77846
18.00000 46.00000 269039.16956
18.00000 47.00000 268995.58148
18.00000 48.00000 268948.10770
18.00000 49.00000 268903.54679
18.00000 50.00000 268867.54988
18.00000 51.00000 268824.40610
18.00000 52.00000 268778.39130
18.00000 53.00000 268735.41317
18.00000 54.00000 268693.46970
18.00000 55.00000 268653.05054
18.00000 56.00000 268609.62543
18.00000 57.00000 268561.43271
18.00000 58.00000 268527.91877
18.00000 59.00000 268526.08960
18.00000 60.00000 268533.36563
18.00000 61.00000 268537.88787
18.00000 62.00000 268528.36343
18.00000 63.00000 268507.70217
18.00000 64.00000 268486.87708
18.00000 65.00000 268475.82304
18.00000 66.00000 268469.18759
18.00000 67.00000 268453.26192
18.00000 68.00000 268456.19350
18.00000 69.00000 268466.07932
18.00000 70.00000 268454.45411
19.00000 25.00000 270712.85404
19.00000 26.00000 270614.83973
19.00000 27.00000 270529.04126
19.00000 28.00000 270428.48855
19.00000 29.00000 270309.62814
19.00000 30.00000 270218.65912
19.00000 31.00000 270139.72760
19.00000 32.00000 270047.63453
19.00000 33.00000 269961.70056
19.00000 34.00000 269881.92928
19.00000 35.00000 269814.82580
19.00000 36.00000 269737.98909
19.00000 37.00000 269666.44273
19.00000 38.00000 269599.03388
19.00000 39.00000 269530.05621
19.00000 40.00000 269459.90552
19.00000 41.00000 269382.58084
19.00000 42.00000 269291.02181
19.00000 43.00000 269193.85131
19.00000 44.00000 269129.22741
19.00000 45.00000 269078.94973
19.00000 46.00000 269033.36717
19.00000 47.00000 268993.45227
19.00000 48.00000 268948.93773
19.00000 49.00000 268907.93108
19.00000 50.00000 268873.14575
19.00000 51.00000 268829.01587
19.00000 52.00000 268781.79551
19.00000 53.00000 268738.46190
19.00000 54.00000 268694.53902
19.00000 55.00000 268652.70025
19.00000 56.00000 268609.55125
19.00000 57.00000 268561.95817
19.00000 58.00000 268531.25310
19.00000 59.00000 268535.51233
19.00000 60.00000 268549.37013
19.00000 61.00000 268561.13619
19.00000 62.00000 268558.18988
19.00000 63.00000 268542.23224
19.00000 64.00000 268525.44509
19.00000 65.00000 268517.56226
19.00000 66.00000 268511.79551
19.00000 67.00000 268495.86583
19.00000 68.00000 268500.30602
19.00000 69.00000 268512.65034
19.00000 70.00000 268503.77278
20.00000 25.00000 270711.47430
20.00000 26.00000 270611.11820
20.00000 27.00000 270524.02931
20.00000 28.00000 270419.18461
20.00000 29.00000 270296.34085
20.00000 30.00000 270205.44614
20.00000 31.00000 270128.10482
20.00000 32.00000 270036.28883
20.00000 33.00000 269953.73285
20.00000 34.00000 269878.02336
20.00000 35.00000 269814.58352
20.00000 36.00000 269737.56139
20.00000 37.00000 269665.42776
20.00000 38.00000 269596.67054
20.00000 39.00000 269525.39713
20.00000 40.00000 269451.65671
20.00000 41.00000 269370.87238
20.00000 42.00000 269276.22914
20.00000 43.00000 269174.79844
20.00000 44.00000 269108.91678
20.00000 45.00000 269060.58758
20.00000 46.00000 269019.38966
20.00000 47.00000 268983.63886
20.00000 48.00000 268940.25876
20.00000 49.00000 268901.24300
20.00000 50.00000 268868.81493
20.00000 51.00000 268825.71166
20.00000 52.00000 268778.53666
20.00000 53.00000 268736.09571
20.00000 54.00000 268692.70854
20.00000 55.00000 268649.77063
20.00000 56.00000 268606.10024
20.00000 57.00000 268559.05635
20.00000 58.00000 268532.59493
20.00000 59.00000 268542.99563
20.00000 60.00000 268563.22798
20.00000 61.00000 268581.79044
20.00000 62.00000 268585.60115
20.00000 63.00000 268574.11169
20.00000 64.00000 268560.68703
20.00000 65.00000 268556.05879
20.00000 66.00000 268553.13647
20.00000 67.00000 268538.40022
20.00000 68.00000 268544.33001
20.00000 69.00000 268558.87651
20.00000 70.00000 268553.08605
21.00000 25.00000 270692.06031
21.00000 26.00000 270586.28918
21.00000 27.00000 270500.27690
21.00000 28.00000 270392.95541
21.00000 29.00000 270264.82310
21.00000 30.00000 270173.13972
21.00000 31.00000 270098.50974
21.00000 32.00000 270007.64507
21.00000 33.00000 269926.66154
21.00000 34.00000 269853.75108
21.00000 35.00000 269794.89743
21.00000 36.00000 269718.70126
21.00000 37.00000 269643.91972
21.00000 38.00000 269572.68823
21.00000 39.00000 269500.63521
21.00000 40.00000 269425.19508
21.00000 41.00000 269342.32252
21.00000 42.00000 269247.28128
21.00000 43.00000 269144.47539
21.00000 44.00000 269077.86853
21.00000 45.00000 269029.31345
21.00000 46.00000 268990.01778
21.00000 47.00000 268957.85636
21.00000 48.00000 268915.92127
21.00000 49.00000 268877.35997
21.00000 50.00000 268845.88145
21.00000 51.00000 268804.74334
21.00000 52.00000 268758.55852
21.00000 53.00000 268717.30284
21.00000 54.00000 268676.92547
21.00000 55.00000 268636.25709
21.00000 56.00000 268595.01853
21.00000 57.00000 268549.77347
21.00000 58.00000 268527.41733
21.00000 59.00000 268544.00119
21.00000 60.00000 268570.05339
21.00000 61.00000 268593.38398
21.00000 62.00000 268601.67286
21.00000 63.00000 268594.41548
21.00000 64.00000 268584.42736
21.00000 65.00000 268582.34074
21.00000 66.00000 268582.14651
21.00000 67.00000 268570.23432
21.00000 68.00000 268578.99670
21.00000 69.00000 268595.80755
21.00000 70.00000 268591.64072
22.00000 25.00000 270685.21355
22.00000 26.00000 270566.34967
22.00000 27.00000 270477.97243
22.00000 28.00000 270368.18073
22.00000 29.00000 270235.42638
22.00000 30.00000 270143.56100
22.00000 31.00000 270071.98985
22.00000 32.00000 269982.01377
22.00000 33.00000 269901.31798
22.00000 34.00000 269828.96604
22.00000 35.00000 269773.33930
22.00000 36.00000 269699.84515
22.00000 37.00000 269624.76100
22.00000 38.00000 269552.68973
22.00000 39.00000 269481.17133
22.00000 40.00000 269406.69803
22.00000 41.00000 269324.41610
22.00000 42.00000 269231.05008
22.00000 43.00000 269128.00999
22.00000 44.00000 269061.12792
22.00000 45.00000 269011.33438
22.00000 46.00000 268970.80329
22.00000 47.00000 268939.52379
22.00000 48.00000 268898.20326
22.00000 49.00000 268859.49473
22.00000 50.00000 268828.85401
22.00000 51.00000 268790.23578
22.00000 52.00000 268745.83247
22.00000 53.00000 268706.17011
22.00000 54.00000 268669.29397
22.00000 55.00000 268632.55430
22.00000 56.00000 268596.14339
22.00000 57.00000 268555.45685
22.00000 58.00000 268538.22357
22.00000 59.00000 268560.78330
22.00000 60.00000 268591.46831
22.00000 61.00000 268617.39474
22.00000 62.00000 268627.59951
22.00000 63.00000 268623.75000
22.00000 64.00000 268616.50935
22.00000 65.00000 268616.89640
22.00000 66.00000 268619.21696
22.00000 67.00000 268611.57631
22.00000 68.00000 268625.08476
22.00000 69.00000 268645.73695
22.00000 70.00000 268644.00841
23.00000 25.00000 270691.63700
23.00000 26.00000 270557.34371
23.00000 27.00000 270457.03216
23.00000 28.00000 270343.52307
23.00000 29.00000 270209.24777
23.00000 30.00000 270118.30528
23.00000 31.00000 270047.80226
23.00000 32.00000 269957.02147
23.00000 33.00000 269874.46769
23.00000 34.00000 269799.28115
23.00000 35.00000 269742.59825
23.00000 36.00000 269671.77412
23.00000 37.00000 269599.22938
23.00000 38.00000 269529.63367
23.00000 39.00000 269460.51492
23.00000 40.00000 269389.32577
23.00000 41.00000 269310.90076
23.00000 42.00000 269221.90497
23.00000 43.00000 269120.83325
23.00000 44.00000 269054.01042
23.00000 45.00000 269001.94159
23.00000 46.00000 268956.90146
23.00000 47.00000 268922.47115
23.00000 48.00000 268879.68544
23.00000 49.00000 268839.77479
23.00000 50.00000 268810.54413
23.00000 51.00000 268774.78827
23.00000 52.00000 268732.48398
23.00000 53.00000 268694.32571
23.00000 54.00000 268660.36127
23.00000 55.00000 268628.95382
23.00000 56.00000 268599.19196
23.00000 57.00000 268566.33792
23.00000 58.00000 268556.62693
23.00000 59.00000 268583.59670
23.00000 60.00000 268616.08516
23.00000 61.00000 268641.63457
23.00000 62.00000 268651.40271
23.00000 63.00000 268650.19919
23.00000 64.00000 268645.38194
23.00000 65.00000 268649.05663
23.00000 66.00000 268655.30590
23.00000 67.00000 268653.63437
23.00000 68.00000 268673.49074
23.00000 69.00000 268699.36482
23.00000 70.00000 268702.34978
24.00000 25.00000 270684.87477
24.00000 26.00000 270547.37372
24.00000 27.00000 270439.45468
24.00000 28.00000 270320.37291
24.00000 29.00000 270185.62103
24.00000 30.00000 270095.90167
24.00000 31.00000 270025.66720
24.00000 32.00000 269932.07666
24.00000 33.00000 269846.53589
24.00000 34.00000 269768.40529
24.00000 35.00000 269708.90218
24.00000 36.00000 269635.86100
24.00000 37.00000 269564.56116
24.00000 38.00000 269498.38456
24.00000 39.00000 269432.21118
24.00000 40.00000 269362.74481
24.00000 41.00000 269287.88494
24.00000 42.00000 269204.54410
24.00000 43.00000 269108.27386
24.00000 44.00000 269043.32923
24.00000 45.00000 268990.20265
24.00000 46.00000 268941.70328
24.00000 47.00000 268903.06665
24.00000 48.00000 268857.03471
24.00000 49.00000 268815.64134
24.00000 50.00000 268788.91880
24.00000 51.00000 268756.76582
24.00000 52.00000 268718.27550
24.00000 53.00000 268682.32418
24.00000 54.00000 268650.97184
24.00000 55.00000 268623.72186
24.00000 56.00000 268600.01758
24.00000 57.00000 268574.73820
24.00000 58.00000 268572.35538
24.00000 59.00000 268601.30342
24.00000 60.00000 268634.90105
24.00000 61.00000 268660.01490
24.00000 62.00000 268669.60390
24.00000 63.00000 268670.64330
24.00000 64.00000 268669.34531
24.00000 65.00000 268677.96807
24.00000 66.00000 268690.30003
24.00000 67.00000 268694.42624
24.00000 68.00000 268721.16852
24.00000 69.00000 268753.69362
24.00000 70.00000 268764.54619
25.00000 25.00000 270676.86487
25.00000 26.00000 270535.61401
25.00000 27.00000 270432.38529
25.00000 28.00000 270312.00174
25.00000 29.00000 270170.15839
25.00000 30.00000 270076.92744
25.00000 31.00000 270005.49295
25.00000 32.00000 269909.56146
25.00000 33.00000 269821.05731
25.00000 34.00000 269741.01716
25.00000 35.00000 269680.24243
25.00000 36.00000 269603.91980
25.00000 37.00000 269530.57037
25.00000 38.00000 269464.82769
25.00000 39.00000 269400.73491
25.00000 40.00000 269333.09738
25.00000 41.00000 269260.74583
25.00000 42.00000 269181.26474
25.00000 43.00000 269088.94890
25.00000 44.00000 269027.39841
25.00000 45.00000 268976.28787
25.00000 46.00000 268926.84880
25.00000 47.00000 268885.63825
25.00000 48.00000 268837.67812
25.00000 49.00000 268794.46129
25.00000 50.00000 268767.15544
25.00000 51.00000 268736.86870
25.00000 52.00000 268703.60173
25.00000 53.00000 268672.45620
25.00000 54.00000 268646.03094
25.00000 55.00000 268624.44833
25.00000 56.00000 268607.40414
25.00000 57.00000 268588.98258
25.00000 58.00000 268590.18987
25.00000 59.00000 268618.30976
25.00000 60.00000 268652.78749
25.00000 61.00000 268678.90328
25.00000 62.00000 268689.41909
25.00000 63.00000 268692.95914
25.00000 64.00000 268696.20739
25.00000 65.00000 268711.62112
25.00000 66.00000 268730.75531
25.00000 67.00000 268741.48896
25.00000 68.00000 268775.68704
25.00000 69.00000 268815.39117
25.00000 70.00000 268833.62433
26.00000 25.00000 270646.94534
26.00000 26.00000 270540.67770
26.00000 27.00000 270434.41969
26.00000 28.00000 270318.39465
26.00000 29.00000 270167.92282
26.00000 30.00000 270061.58281
26.00000 31.00000 269982.27522
26.00000 32.00000 269883.98741
26.00000 33.00000 269794.58683
26.00000 34.00000 269714.64974
26.00000 35.00000 269652.80907
26.00000 36.00000 269574.24378
26.00000 37.00000 269499.01387
26.00000 38.00000 269431.63427
26.00000 39.00000 269366.85089
26.00000 40.00000 269300.57233
26.00000 41.00000 269230.25607
26.00000 42.00000 269152.42289
26.00000 43.00000 269062.15260
26.00000 44.00000 269003.95824
26.00000 45.00000 268957.20150
26.00000 46.00000 268909.56058
26.00000 47.00000 268866.64001
26.00000 48.00000 268817.68004
26.00000 49.00000 268773.08484
26.00000 50.00000 268742.98938
26.00000 51.00000 268712.81345
26.00000 52.00000 268684.46725
26.00000 53.00000 268659.35882
26.00000 54.00000 268639.70818
26.00000 55.00000 268624.18605
26.00000 56.00000 268612.61865
26.00000 57.00000 268600.20997
26.00000 58.00000 268603.25047
26.00000 59.00000 268631.11680
26.00000 60.00000 268668.37516
26.00000 61.00000 268698.14278
26.00000 62.00000 268711.75534
26.00000 63.00000 268718.49329
26.00000 64.00000 268726.51233
26.00000 65.00000 268748.43299
26.00000 66.00000 268773.31826
26.00000 67.00000 268790.53710
26.00000 68.00000 268831.91629
26.00000 69.00000 268879.28725
26.00000 70.00000 268904.54287
27.00000 25.00000 270644.34727
27.00000 26.00000 270526.71704
27.00000 27.00000 270441.35903
27.00000 28.00000 270330.05041
27.00000 29.00000 270177.70981
27.00000 30.00000 270058.23448
27.00000 31.00000 269966.44122
27.00000 32.00000 269866.72293
27.00000 33.00000 269778.88071
27.00000 34.00000 269700.79113
27.00000 35.00000 269637.69142
27.00000 36.00000 269557.99230
27.00000 37.00000 269482.75523
27.00000 38.00000 269414.41381
27.00000 39.00000 269347.52419
27.00000 40.00000 269281.20970
27.00000 41.00000 269211.31420
27.00000 42.00000 269132.74435
27.00000 43.00000 269042.21641
27.00000 44.00000 268986.13243
27.00000 45.00000 268943.84269
27.00000 46.00000 268899.72373
27.00000 47.00000 268856.79718
27.00000 48.00000 268808.19217
27.00000 49.00000 268763.89375
27.00000 50.00000 268732.52682
27.00000 51.00000 268703.45182
27.00000 52.00000 268680.18460
27.00000 53.00000 268661.25065
27.00000 54.00000 268648.55402
27.00000 55.00000 268638.14505
27.00000 56.00000 268629.93135
27.00000 57.00000 268620.78254
27.00000 58.00000 268624.74118
27.00000 59.00000 268655.96834
27.00000 60.00000 268698.73744
27.00000 61.00000 268734.09943
27.00000 62.00000 268752.24771
27.00000 63.00000 268762.68997
27.00000 64.00000 268775.30912
27.00000 65.00000 268802.53819
27.00000 66.00000 268832.05666
27.00000 67.00000 268854.99787
27.00000 68.00000 268902.14485
27.00000 69.00000 268956.17198
27.00000 70.00000 268988.15831
28.00000 25.00000 270628.38479
28.00000 26.00000 270513.97900
28.00000 27.00000 270414.99249
28.00000 28.00000 270303.31722
28.00000 29.00000 270160.78237
28.00000 30.00000 270042.02745
28.00000 31.00000 269947.06887
28.00000 32.00000 269840.84818
28.00000 33.00000 269750.74095
28.00000 34.00000 269672.81559
28.00000 35.00000 269608.04691
28.00000 36.00000 269526.36751
28.00000 37.00000 269450.26915
28.00000 38.00000 269380.76945
28.00000 39.00000 269311.49272
28.00000 40.00000 269243.17150
28.00000 41.00000 269173.23220
28.00000 42.00000 269098.34008
28.00000 43.00000 269012.75240
28.00000 44.00000 268957.12491
28.00000 45.00000 268917.71316
28.00000 46.00000 268877.21935
28.00000 47.00000 268835.94692
28.00000 48.00000 268789.21266
28.00000 49.00000 268746.24456
28.00000 50.00000 268717.64178
28.00000 51.00000 268690.91635
28.00000 52.00000 268668.63046
28.00000 53.00000 268651.49518
28.00000 54.00000 268641.57014
28.00000 55.00000 268634.85713
28.00000 56.00000 268632.44488
28.00000 57.00000 268630.55312
28.00000 58.00000 268640.06037
28.00000 59.00000 268674.65888
28.00000 60.00000 268720.71847
28.00000 61.00000 268760.55927
28.00000 62.00000 268783.86884
28.00000 63.00000 268798.09833
28.00000 64.00000 268814.00274
28.00000 65.00000 268845.05160
28.00000 66.00000 268879.60516
28.00000 67.00000 268908.36352
28.00000 68.00000 268961.62141
28.00000 69.00000 269023.73119
28.00000 70.00000 269065.74753
29.00000 25.00000 270573.95863
29.00000 26.00000 270458.42292
29.00000 27.00000 270356.64428
29.00000 28.00000 270243.86627
29.00000 29.00000 270122.53087
29.00000 30.00000 270003.47809
29.00000 31.00000 269907.88645
29.00000 32.00000 269796.58663
29.00000 33.00000 269699.29347
29.00000 34.00000 269615.70923
29.00000 35.00000 269547.04225
29.00000 36.00000 269464.01025
29.00000 37.00000 269385.79949
29.00000 38.00000 269313.96888
29.00000 39.00000 269242.41188
29.00000 40.00000 269172.09675
29.00000 41.00000 269100.83533
29.00000 42.00000 269029.96199
29.00000 43.00000 268953.80432
29.00000 44.00000 268902.85685
29.00000 45.00000 268866.18760
29.00000 46.00000 268828.30902
29.00000 47.00000 268789.73309
29.00000 48.00000 268745.91948
29.00000 49.00000 268704.20883
29.00000 50.00000 268678.27380
29.00000 51.00000 268654.99075
29.00000 52.00000 268633.95500
29.00000 53.00000 268616.36063
29.00000 54.00000 268605.10562
29.00000 55.00000 268599.78206
29.00000 56.00000 268602.40505
29.00000 57.00000 268609.37457
29.00000 58.00000 268627.74662
29.00000 59.00000 268667.17069
29.00000 60.00000 268716.46097
29.00000 61.00000 268759.50376
29.00000 62.00000 268787.02787
29.00000 63.00000 268806.43649
29.00000 64.00000 268827.23108
29.00000 65.00000 268861.83981
29.00000 66.00000 268900.70499
29.00000 67.00000 268936.17488
29.00000 68.00000 268996.59619
29.00000 69.00000 269066.97117
29.00000 70.00000 269120.36055
30.00000 25.00000 270561.37834
30.00000 26.00000 270439.71092
30.00000 27.00000 270330.90144
30.00000 28.00000 270215.37876
30.00000 29.00000 270086.82488
30.00000 30.00000 269986.49657
30.00000 31.00000 269892.05254
30.00000 32.00000 269786.03963
30.00000 33.00000 269683.96952
30.00000 34.00000 269592.23873
30.00000 35.00000 269519.38154
30.00000 36.00000 269437.72695
30.00000 37.00000 269360.17290
30.00000 38.00000 269288.50198
30.00000 39.00000 269217.28517
30.00000 40.00000 269147.46477
30.00000 41.00000 269074.04058
30.00000 42.00000 269000.04918
30.00000 43.00000 268923.05565
30.00000 44.00000 268874.24170
30.00000 45.00000 268839.54269
30.00000 46.00000 268805.45446
30.00000 47.00000 268772.76796
30.00000 48.00000 268734.94536
30.00000 49.00000 268697.38802
30.00000 50.00000 268675.58493
30.00000 51.00000 268656.40444
30.00000 52.00000 268637.90986
30.00000 53.00000 268621.95911
30.00000 54.00000 268609.57600
30.00000 55.00000 268605.82265
30.00000 56.00000 268611.28237
30.00000 57.00000 268621.30737
30.00000 58.00000 268647.25279
30.00000 59.00000 268696.27107
30.00000 60.00000 268751.67921
30.00000 61.00000 268799.21832
30.00000 62.00000 268830.46035
30.00000 63.00000 268854.77923
30.00000 64.00000 268880.33618
30.00000 65.00000 268918.00594
30.00000 66.00000 268960.76704
30.00000 67.00000 269002.57522
30.00000 68.00000 269069.53052
30.00000 69.00000 269146.33994
30.00000 70.00000 269206.71389
31.00000 25.00000 270555.50097
31.00000 26.00000 270427.82080
31.00000 27.00000 270312.24100
31.00000 28.00000 270192.97953
31.00000 29.00000 270060.78723
31.00000 30.00000 269966.87476
31.00000 31.00000 269876.50420
31.00000 32.00000 269778.87322
31.00000 33.00000 269678.27584
31.00000 34.00000 269580.08571
31.00000 35.00000 269500.95080
31.00000 36.00000 269421.99672
31.00000 37.00000 269347.39524
31.00000 38.00000 269276.94310
31.00000 39.00000 269206.25569
31.00000 40.00000 269137.81949
31.00000 41.00000 269063.56669
31.00000 42.00000 268985.96942
31.00000 43.00000 268905.28733
31.00000 44.00000 268857.18598
31.00000 45.00000 268823.30903
31.00000 46.00000 268791.37770
31.00000 47.00000 268764.40364
31.00000 48.00000 268733.93312
31.00000 49.00000 268703.18932
31.00000 50.00000 268686.96236
31.00000 51.00000 268670.95641
31.00000 52.00000 268654.94089
31.00000 53.00000 268641.69612
31.00000 54.00000 268629.54440
31.00000 55.00000 268628.37716
31.00000 56.00000 268636.73116
31.00000 57.00000 268649.32605
31.00000 58.00000 268682.38871
31.00000 59.00000 268741.52673
31.00000 60.00000 268804.00765
31.00000 61.00000 268857.32889
31.00000 62.00000 268892.56102
31.00000 63.00000 268921.75923
31.00000 64.00000 268952.31232
31.00000 65.00000 268994.05362
31.00000 66.00000 269041.96072
31.00000 67.00000 269090.29676
31.00000 68.00000 269163.33086
31.00000 69.00000 269245.70679
31.00000 70.00000 269311.68632
32.00000 25.00000 270515.08041
32.00000 26.00000 270386.06071
32.00000 27.00000 270270.57524
32.00000 28.00000 270147.77702
32.00000 29.00000 270013.40631
32.00000 30.00000 269917.65330
32.00000 31.00000 269836.55517
32.00000 32.00000 269726.20083
32.00000 33.00000 269635.18560
32.00000 34.00000 269544.17121
32.00000 35.00000 269466.14798
32.00000 36.00000 269385.10236
32.00000 37.00000 269312.69818
32.00000 38.00000 269244.93193
32.00000 39.00000 269175.14321
32.00000 40.00000 269106.21210
32.00000 41.00000 269031.59524
32.00000 42.00000 268952.01773
32.00000 43.00000 268869.03583
32.00000 44.00000 268822.90695
32.00000 45.00000 268792.35422
32.00000 46.00000 268765.43952
32.00000 47.00000 268742.81079
32.00000 48.00000 268713.29625
32.00000 49.00000 268685.77134
32.00000 50.00000 268675.40879
32.00000 51.00000 268663.39741
32.00000 52.00000 268653.10028
32.00000 53.00000 268646.72335
32.00000 54.00000 268640.45031
32.00000 55.00000 268640.87280
32.00000 56.00000 268648.41672
32.00000 57.00000 268661.76147
32.00000 58.00000 268700.81014
32.00000 59.00000 268768.33069
32.00000 60.00000 268839.13046
32.00000 61.00000 268899.88991
32.00000 62.00000 268942.40234
32.00000 63.00000 268976.53517
32.00000 64.00000 269012.93485
32.00000 65.00000 269061.91368
32.00000 66.00000 269119.36820
32.00000 67.00000 269173.01138
32.00000 68.00000 269251.62600
32.00000 69.00000 269340.28298
32.00000 70.00000 269413.04851
33.00000 25.00000 270491.64638
33.00000 26.00000 270360.96766
33.00000 27.00000 270246.70457
33.00000 28.00000 270121.89601
33.00000 29.00000 269984.14867
33.00000 30.00000 269885.68498
33.00000 31.00000 269806.07739
33.00000 32.00000 269704.76128
33.00000 33.00000 269610.87523
33.00000 34.00000 269527.68331
33.00000 35.00000 269452.94045
33.00000 36.00000 269369.53012
33.00000 37.00000 269296.85372
33.00000 38.00000 269230.58675
33.00000 39.00000 269161.67601
33.00000 40.00000 269090.91742
33.00000 41.00000 269013.77547
33.00000 42.00000 268930.61241
33.00000 43.00000 268844.49051
33.00000 44.00000 268800.28575
33.00000 45.00000 268774.47978
33.00000 46.00000 268755.65970
33.00000 47.00000 268741.48258
33.00000 48.00000 268716.15514
33.00000 49.00000 268690.18852
33.00000 50.00000 268679.57378
33.00000 51.00000 268667.90871
33.00000 52.00000 268661.87678
33.00000 53.00000 268663.58008
33.00000 54.00000 268666.74424
33.00000 55.00000 268671.98307
33.00000 56.00000 268680.10591
33.00000 57.00000 268692.08512
33.00000 58.00000 268732.53196
33.00000 59.00000 268806.75045
33.00000 60.00000 268886.00058
33.00000 61.00000 268956.78701
33.00000 62.00000 269009.39286
33.00000 63.00000 269051.62721
33.00000 64.00000 269096.46413
33.00000 65.00000 269154.18178
33.00000 66.00000 269221.58014
33.00000 67.00000 269280.73576
33.00000 68.00000 269363.50560
33.00000 69.00000 269456.66120
33.00000 70.00000 269534.17357
34.00000 25.00000 270480.75360
34.00000 26.00000 270346.81409
34.00000 27.00000 270231.20729
34.00000 28.00000 270104.57526
34.00000 29.00000 269964.45148
34.00000 30.00000 269864.55088
34.00000 31.00000 269784.51981
34.00000 32.00000 269685.90558
34.00000 33.00000 269597.36942
34.00000 34.00000 269525.40456
34.00000 35.00000 269455.64726
34.00000 36.00000 269369.20941
34.00000 37.00000 269293.39833
34.00000 38.00000 269226.72160
34.00000 39.00000 269158.22049
34.00000 40.00000 269085.46624
34.00000 41.00000 269004.78738
34.00000 42.00000 268916.00408
34.00000 43.00000 268825.23290
34.00000 44.00000 268783.43356
34.00000 45.00000 268763.74160
34.00000 46.00000 268754.45345
34.00000 47.00000 268750.00434
34.00000 48.00000 268732.49115
34.00000 49.00000 268711.77146
34.00000 50.00000 268698.37133
34.00000 51.00000 268684.33936
34.00000 52.00000 268680.95610
34.00000 53.00000 268689.64278
34.00000 54.00000 268703.12778
34.00000 55.00000 268714.26484
34.00000 56.00000 268724.84463
34.00000 57.00000 268736.24319
34.00000 58.00000 268775.13128
34.00000 59.00000 268854.54266
34.00000 60.00000 268941.79602
34.00000 61.00000 269023.89733
34.00000 62.00000 269088.32165
34.00000 63.00000 269140.44931
34.00000 64.00000 269196.07284
34.00000 65.00000 269264.32290
34.00000 66.00000 269340.06888
34.00000 67.00000 269404.00754
34.00000 68.00000 269490.09674
34.00000 69.00000 269586.92179
34.00000 70.00000 269666.99257
35.00000 25.00000 270492.86728
35.00000 26.00000 270354.09251
35.00000 27.00000 270233.46444
35.00000 28.00000 270102.59752
35.00000 29.00000 269960.00608
35.00000 30.00000 269861.39095
35.00000 31.00000 269781.63632
35.00000 32.00000 269687.63675
35.00000 33.00000 269605.97491
35.00000 34.00000 269531.80589
35.00000 35.00000 269478.84337
35.00000 36.00000 269397.46183
35.00000 37.00000 269317.14629
35.00000 38.00000 269247.25499
35.00000 39.00000 269177.46247
35.00000 40.00000 269103.05008
35.00000 41.00000 269019.44801
35.00000 42.00000 268925.93523
35.00000 43.00000 268830.32129
35.00000 44.00000 268790.45027
35.00000 45.00000 268776.55581
35.00000 46.00000 268775.44099
35.00000 47.00000 268779.18756
35.00000 48.00000 268769.90644
35.00000 49.00000 268757.70624
35.00000 50.00000 268746.73229
35.00000 51.00000 268732.26069
35.00000 52.00000 268730.33546
35.00000 53.00000 268744.28806
35.00000 54.00000 268765.96817
35.00000 55.00000 268781.88689
35.00000 56.00000 268795.58531
35.00000 57.00000 268807.60128
35.00000 58.00000 268846.02155
35.00000 59.00000 268931.00181
35.00000 60.00000 269026.26917
35.00000 61.00000 269119.07640
35.00000 62.00000 269195.36090
35.00000 63.00000 269258.32211
35.00000 64.00000 269325.73963
35.00000 65.00000 269405.38491
35.00000 66.00000 269488.91663
35.00000 67.00000 269557.70117
35.00000 68.00000 269647.38249
35.00000 69.00000 269748.05957
35.00000 70.00000 269830.57622
36.00000 25.00000 270509.12867
36.00000 26.00000 270366.52078
36.00000 27.00000 270242.87207
36.00000 28.00000 270107.11114
36.00000 29.00000 269962.02675
36.00000 30.00000 269866.77811
36.00000 31.00000 269791.65198
36.00000 32.00000 269699.37134
36.00000 33.00000 269619.10506
36.00000 34.00000 269545.56679
36.00000 35.00000 269487.17770
36.00000 36.00000 269413.33178
36.00000 37.00000 269335.93679
36.00000 38.00000 269264.16648
36.00000 39.00000 269194.35794
36.00000 40.00000 269120.60375
36.00000 41.00000 269037.60446
36.00000 42.00000 268945.05204
36.00000 43.00000 268848.76819
36.00000 44.00000 268806.53492
36.00000 45.00000 268792.95636
36.00000 46.00000 268796.09297
36.00000 47.00000 268806.23797
36.00000 48.00000 268804.79931
36.00000 49.00000 268802.38780
36.00000 50.00000 268801.93469
36.00000 51.00000 268793.58656
36.00000 52.00000 268790.70827
36.00000 53.00000 268805.98386
36.00000 54.00000 268833.58767
36.00000 55.00000 268854.97813
36.00000 56.00000 268872.47355
36.00000 57.00000 268887.08868
36.00000 58.00000 268929.30524
36.00000 59.00000 269020.86001
36.00000 60.00000 269123.03575
36.00000 61.00000 269224.60553
36.00000 62.00000 269312.64728
36.00000 63.00000 269386.50373
36.00000 64.00000 269464.10897
36.00000 65.00000 269554.18375
36.00000 66.00000 269647.68033
36.00000 67.00000 269725.92059
36.00000 68.00000 269823.40004
36.00000 69.00000 269931.25374
36.00000 70.00000 270020.34161
37.00000 25.00000 270513.97593
37.00000 26.00000 270368.51485
37.00000 27.00000 270244.25013
37.00000 28.00000 270106.53323
37.00000 29.00000 269958.41125
37.00000 30.00000 269864.60454
37.00000 31.00000 269792.43861
37.00000 32.00000 269702.22175
37.00000 33.00000 269620.58317
37.00000 34.00000 269545.01981
37.00000 35.00000 269486.34962
37.00000 36.00000 269408.68032
37.00000 37.00000 269339.69333
37.00000 38.00000 269261.89125
37.00000 39.00000 269193.75528
37.00000 40.00000 269123.94530
37.00000 41.00000 269044.79108
37.00000 42.00000 268955.69894
37.00000 43.00000 268861.97119
37.00000 44.00000 268820.39469
37.00000 45.00000 268804.56941
37.00000 46.00000 268806.30234
37.00000 47.00000 268819.15851
37.00000 48.00000 268823.74407
37.00000 49.00000 268829.99278
37.00000 50.00000 268841.08004
37.00000 51.00000 268843.42524
37.00000 52.00000 268845.73416
37.00000 53.00000 268862.01968
37.00000 54.00000 268892.20025
37.00000 55.00000 268918.68670
37.00000 56.00000 268939.85764
37.00000 57.00000 268957.67341
37.00000 58.00000 269004.70823
37.00000 59.00000 269104.81463
37.00000 60.00000 269216.26217
37.00000 61.00000 269325.80846
37.00000 62.00000 269423.04517
37.00000 63.00000 269507.48747
37.00000 64.00000 269595.79710
37.00000 65.00000 269696.70552
37.00000 66.00000 269800.54001
37.00000 67.00000 269890.86110
37.00000 68.00000 269999.02153
37.00000 69.00000 270115.28713
37.00000 70.00000 270212.03343
38.00000 25.00000 270514.26234
38.00000 26.00000 270366.10349
38.00000 27.00000 270240.69804
38.00000 28.00000 270102.25166
38.00000 29.00000 269951.06302
38.00000 30.00000 269856.57441
38.00000 31.00000 269784.08304
38.00000 32.00000 269694.45467
38.00000 33.00000 269610.28234
38.00000 34.00000 269530.43713
38.00000 35.00000 269469.85267
38.00000 36.00000 269391.85768
38.00000 37.00000 269315.08658
38.00000 38.00000 269252.24477
38.00000 39.00000 269179.83515
38.00000 40.00000 269120.38935
38.00000 41.00000 269050.28217
38.00000 42.00000 268966.77437
38.00000 43.00000 268877.53627
38.00000 44.00000 268840.13735
38.00000 45.00000 268822.98753
38.00000 46.00000 268818.45047
38.00000 47.00000 268829.28429
38.00000 48.00000 268837.04499
38.00000 49.00000 268850.41304
38.00000 50.00000 268873.83602
38.00000 51.00000 268888.90848
38.00000 52.00000 268899.91315
38.00000 53.00000 268918.67659
38.00000 54.00000 268947.71217
38.00000 55.00000 268978.52196
38.00000 56.00000 269004.28936
38.00000 57.00000 269027.74532
38.00000 58.00000 269082.14695
38.00000 59.00000 269192.57093
38.00000 60.00000 269315.09028
38.00000 61.00000 269432.42856
38.00000 62.00000 269535.82968
38.00000 63.00000 269629.48411
38.00000 64.00000 269727.54780
38.00000 65.00000 269839.31638
38.00000 66.00000 269953.87839
38.00000 67.00000 270057.22195
38.00000 68.00000 270177.97789
38.00000 69.00000 270304.48505
38.00000 70.00000 270410.35163
39.00000 25.00000 270507.47955
39.00000 26.00000 270359.05060
39.00000 27.00000 270232.91979
39.00000 28.00000 270093.46703
39.00000 29.00000 269939.50059
39.00000 30.00000 269843.60886
39.00000 31.00000 269768.97089
39.00000 32.00000 269678.67584
39.00000 33.00000 269592.90241
39.00000 34.00000 269510.96648
39.00000 35.00000 269447.83386
39.00000 36.00000 269368.49795
39.00000 37.00000 269289.38623
39.00000 38.00000 269218.55953
39.00000 39.00000 269162.01386
39.00000 40.00000 269108.85976
39.00000 41.00000 269048.69212
39.00000 42.00000 268970.63067
39.00000 43.00000 268885.65710
39.00000 44.00000 268853.40516
39.00000 45.00000 268838.33175
39.00000 46.00000 268831.13081
39.00000 47.00000 268840.15379
39.00000 48.00000 268849.17610
39.00000 49.00000 268867.69839
39.00000 50.00000 268901.09586
39.00000 51.00000 268926.99284
39.00000 52.00000 268947.10905
39.00000 53.00000 268970.74720
39.00000 54.00000 269000.53652
39.00000 55.00000 269034.73957
39.00000 56.00000 269065.30499
39.00000 57.00000 269096.21769
39.00000 58.00000 269159.98025
39.00000 59.00000 269280.18012
39.00000 60.00000 269413.39381
39.00000 61.00000 269538.98244
39.00000 62.00000 269648.41094
39.00000 63.00000 269750.03146
39.00000 64.00000 269857.65073
39.00000 65.00000 269981.18997
39.00000 66.00000 270108.11796
39.00000 67.00000 270223.74171
39.00000 68.00000 270356.92859
39.00000 69.00000 270494.56745
39.00000 70.00000 270611.14764
40.00000 25.00000 270497.53070
40.00000 26.00000 270349.76300
40.00000 27.00000 270224.84643
40.00000 28.00000 270082.22715
40.00000 29.00000 269923.92734
40.00000 30.00000 269827.18066
40.00000 31.00000 269752.27053
40.00000 32.00000 269661.56495
40.00000 33.00000 269575.75297
40.00000 34.00000 269494.93492
40.00000 35.00000 269432.50191
40.00000 36.00000 269354.87920
40.00000 37.00000 269278.14769
40.00000 38.00000 269210.46592
40.00000 39.00000 269151.67332
40.00000 40.00000 269087.66952
40.00000 41.00000 269044.72955
40.00000 42.00000 268974.22673
40.00000 43.00000 268892.63260
40.00000 44.00000 268864.23680
40.00000 45.00000 268853.75093
40.00000 46.00000 268850.18531
40.00000 47.00000 268862.29362
40.00000 48.00000 268872.66666
40.00000 49.00000 268895.59380
40.00000 50.00000 268936.89724
40.00000 51.00000 268969.94908
40.00000 52.00000 268997.84138
40.00000 53.00000 269029.13508
40.00000 54.00000 269065.60536
40.00000 55.00000 269104.24824
40.00000 56.00000 269137.12730
40.00000 57.00000 269172.30992
40.00000 58.00000 269244.64380
40.00000 59.00000 269371.83668
40.00000 60.00000 269514.67911
40.00000 61.00000 269650.28869
40.00000 62.00000 269768.24958
40.00000 63.00000 269877.73708
40.00000 64.00000 269996.93784
40.00000 65.00000 270134.59054
40.00000 66.00000 270276.04272
40.00000 67.00000 270402.22275
40.00000 68.00000 270544.78550
40.00000 69.00000 270690.70007
40.00000 70.00000 270815.89636
41.00000 25.00000 270496.59746
41.00000 26.00000 270350.66558
41.00000 27.00000 270226.84286
41.00000 28.00000 270082.10244
41.00000 29.00000 269918.13179
41.00000 30.00000 269817.19076
41.00000 31.00000 269739.44328
41.00000 32.00000 269647.60104
41.00000 33.00000 269560.51352
41.00000 34.00000 269479.04145
41.00000 35.00000 269416.22313
41.00000 36.00000 269340.72874
41.00000 37.00000 269267.36774
41.00000 38.00000 269202.67002
41.00000 39.00000 269149.19350
41.00000 40.00000 269088.56434
41.00000 41.00000 269047.14649
41.00000 42.00000 268993.18342
41.00000 43.00000 268917.36781
41.00000 44.00000 268893.44839
41.00000 45.00000 268884.86090
41.00000 46.00000 268882.25727
41.00000 47.00000 268896.98190
41.00000 48.00000 268910.24770
41.00000 49.00000 268937.21381
41.00000 50.00000 268984.19127
41.00000 51.00000 269023.28937
41.00000 52.00000 269058.32951
41.00000 53.00000 269097.08413
41.00000 54.00000 269142.65336
41.00000 55.00000 269191.32091
41.00000 56.00000 269233.41633
41.00000 57.00000 269276.36339
41.00000 58.00000 269356.55150
41.00000 59.00000 269489.52727
41.00000 60.00000 269638.15785
41.00000 61.00000 269779.97069
41.00000 62.00000 269903.95083
41.00000 63.00000 270021.00998
41.00000 64.00000 270150.55576
41.00000 65.00000 270300.82521
41.00000 66.00000 270456.00722
41.00000 67.00000 270594.56397
41.00000 68.00000 270748.68476
41.00000 69.00000 270904.42941
41.00000 70.00000 271038.49590
42.00000 25.00000 270496.35435
42.00000 26.00000 270355.01928
42.00000 27.00000 270231.91617
42.00000 28.00000 270089.10527
42.00000 29.00000 269922.27958
42.00000 30.00000 269813.61947
42.00000 31.00000 269729.00376
42.00000 32.00000 269634.63647
42.00000 33.00000 269545.81495
42.00000 34.00000 269461.84125
42.00000 35.00000 269396.32952
42.00000 36.00000 269323.16949
42.00000 37.00000 269255.43419
42.00000 38.00000 269197.05869
42.00000 39.00000 269148.75012
42.00000 40.00000 269101.12208
42.00000 41.00000 269061.95104
42.00000 42.00000 269011.89832
42.00000 43.00000 268942.26231
42.00000 44.00000 268922.13784
42.00000 45.00000 268915.89350
42.00000 46.00000 268914.12425
42.00000 47.00000 268931.51467
42.00000 48.00000 268949.58205
42.00000 49.00000 268981.69550
42.00000 50.00000 269032.92479
42.00000 51.00000 269077.78307
42.00000 52.00000 269121.03961
42.00000 53.00000 269167.69448
42.00000 54.00000 269222.37483
42.00000 55.00000 269281.87312
42.00000 56.00000 269337.99458
42.00000 57.00000 269393.10185
42.00000 58.00000 269480.56419
42.00000 59.00000 269618.37417
42.00000 60.00000 269772.15914
42.00000 61.00000 269919.73047
42.00000 62.00000 270048.72183
42.00000 63.00000 270172.65245
42.00000 64.00000 270311.34225
42.00000 65.00000 270472.36056
42.00000 66.00000 270638.52052
42.00000 67.00000 270790.05797
42.00000 68.00000 270958.39161
42.00000 69.00000 271128.63475
42.00000 70.00000 271276.12240
43.00000 25.00000 270488.62241
43.00000 26.00000 270349.98534
43.00000 27.00000 270225.63013
43.00000 28.00000 270087.30148
43.00000 29.00000 269926.21439
43.00000 30.00000 269813.71263
43.00000 31.00000 269722.51175
43.00000 32.00000 269624.32953
43.00000 33.00000 269533.43295
43.00000 34.00000 269446.35530
43.00000 35.00000 269376.98763
43.00000 36.00000 269303.66447
43.00000 37.00000 269238.83283
43.00000 38.00000 269184.44195
43.00000 39.00000 269138.78910
43.00000 40.00000 269097.21461
43.00000 41.00000 269062.21946
43.00000 42.00000 269019.46261
43.00000 43.00000 268964.47342
43.00000 44.00000 268952.42424
43.00000 45.00000 268950.70858
43.00000 46.00000 268950.40106
43.00000 47.00000 268968.42239
43.00000 48.00000 268989.79096
43.00000 49.00000 269025.94935
43.00000 50.00000 269080.99349
43.00000 51.00000 269131.46005
43.00000 52.00000 269182.10836
43.00000 53.00000 269235.31564
43.00000 54.00000 269297.05881
43.00000 55.00000 269365.10323
43.00000 56.00000 269434.87087
43.00000 57.00000 269505.90107
43.00000 58.00000 269604.74088
43.00000 59.00000 269748.73812
43.00000 60.00000 269908.65882
43.00000 61.00000 270063.05379
43.00000 62.00000 270198.24729
43.00000 63.00000 270328.70253
43.00000 64.00000 270475.41212
43.00000 65.00000 270645.42779
43.00000 66.00000 270820.52388
43.00000 67.00000 270984.57712
43.00000 68.00000 271167.81724
43.00000 69.00000 271354.56807
43.00000 70.00000 271519.95629
44.00000 25.00000 270473.81601
44.00000 26.00000 270334.99984
44.00000 27.00000 270208.92195
44.00000 28.00000 270071.58311
44.00000 29.00000 269916.53129
44.00000 30.00000 269806.89934
44.00000 31.00000 269715.52111
44.00000 32.00000 269614.56885
44.00000 33.00000 269522.37875
44.00000 34.00000 269434.51514
44.00000 35.00000 269363.72226
44.00000 36.00000 269286.03601
44.00000 37.00000 269219.33842
44.00000 38.00000 269167.20160
44.00000 39.00000 269125.43663
44.00000 40.00000 269086.63678
44.00000 41.00000 269056.65596
44.00000 42.00000 269019.60009
44.00000 43.00000 268977.39613
44.00000 44.00000 268966.07526
44.00000 45.00000 268968.18553
44.00000 46.00000 268977.10588
44.00000 47.00000 269000.08530
44.00000 48.00000 269023.77541
44.00000 49.00000 269064.92421
44.00000 50.00000 269126.12823
44.00000 51.00000 269182.47733
44.00000 52.00000 269238.22012
44.00000 53.00000 269297.08381
44.00000 54.00000 269365.36330
44.00000 55.00000 269439.69374
44.00000 56.00000 269518.54432
44.00000 57.00000 269602.01632
44.00000 58.00000 269715.83087
44.00000 59.00000 269872.54230
44.00000 60.00000 270042.34514
44.00000 61.00000 270206.76772
44.00000 62.00000 270352.15231
44.00000 63.00000 270489.45192
44.00000 64.00000 270642.44298
44.00000 65.00000 270820.37792
44.00000 66.00000 271004.30417
44.00000 67.00000 271179.01381
44.00000 68.00000 271375.70893
44.00000 69.00000 271578.70036
44.00000 70.00000 271762.46136
45.00000 25.00000 270442.25235
45.00000 26.00000 270301.01970
45.00000 27.00000 270174.49354
45.00000 28.00000 270038.08270
45.00000 29.00000 269887.68543
45.00000 30.00000 269784.21007
45.00000 31.00000 269697.71993
45.00000 32.00000 269597.23530
45.00000 33.00000 269504.89529
45.00000 34.00000 269418.51534
45.00000 35.00000 269349.78137
45.00000 36.00000 269270.99001
45.00000 37.00000 269201.87598
45.00000 38.00000 269149.86198
45.00000 39.00000 269111.01636
45.00000 40.00000 269075.94689
45.00000 41.00000 269048.49036
45.00000 42.00000 269015.10959
45.00000 43.00000 268978.19462
45.00000 44.00000 268973.18974
45.00000 45.00000 268984.61865
45.00000 46.00000 268996.40595
45.00000 47.00000 269025.93104
45.00000 48.00000 269054.67012
45.00000 49.00000 269101.03247
45.00000 50.00000 269168.05919
45.00000 51.00000 269229.32393
45.00000 52.00000 269288.55321
45.00000 53.00000 269352.26270
45.00000 54.00000 269426.75726
45.00000 55.00000 269508.01344
45.00000 56.00000 269595.21186
45.00000 57.00000 269688.93209
45.00000 58.00000 269816.17562
45.00000 59.00000 269987.19165
45.00000 60.00000 270169.32397
45.00000 61.00000 270345.93907
45.00000 62.00000 270502.99265
45.00000 63.00000 270649.55235
45.00000 64.00000 270810.24673
45.00000 65.00000 270995.66473
45.00000 66.00000 271188.14314
45.00000 67.00000 271372.81550
45.00000 68.00000 271581.05133
45.00000 69.00000 271798.25928
45.00000 70.00000 271999.08697
46.00000 25.00000 270396.80369
46.00000 26.00000 270250.00850
46.00000 27.00000 270122.16810
46.00000 28.00000 269986.58156
46.00000 29.00000 269839.61343
46.00000 30.00000 269743.51047
46.00000 31.00000 269665.36869
46.00000 32.00000 269569.06166
46.00000 33.00000 269478.31192
46.00000 34.00000 269395.19235
46.00000 35.00000 269331.29860
46.00000 36.00000 269255.61082
46.00000 37.00000 269186.07429
46.00000 38.00000 269131.82990
46.00000 39.00000 269092.98556
46.00000 40.00000 269060.87848
46.00000 41.00000 269033.80727
46.00000 42.00000 269001.70623
46.00000 43.00000 268967.42848
46.00000 44.00000 268967.60285
46.00000 45.00000 268984.14454
46.00000 46.00000 269020.31011
46.00000 47.00000 269055.22044
46.00000 48.00000 269088.20128
46.00000 49.00000 269137.96385
46.00000 50.00000 269209.68599
46.00000 51.00000 269276.04887
46.00000 52.00000 269338.69893
46.00000 53.00000 269407.65715
46.00000 54.00000 269488.02583
46.00000 55.00000 269577.31948
46.00000 56.00000 269673.94979
46.00000 57.00000 269778.10399
46.00000 58.00000 269916.80768
46.00000 59.00000 270100.87561
46.00000 60.00000 270294.60967
46.00000 61.00000 270483.64480
46.00000 62.00000 270652.63095
46.00000 63.00000 270810.57242
46.00000 64.00000 270980.16975
46.00000 65.00000 271172.46813
46.00000 66.00000 271372.26073
46.00000 67.00000 271566.79597
46.00000 68.00000 271785.88964
46.00000 69.00000 272016.31539
46.00000 70.00000 272232.87916
47.00000 25.00000 270362.90538
47.00000 26.00000 270211.15407
47.00000 27.00000 270080.78731
47.00000 28.00000 269944.24057
47.00000 29.00000 269798.09519
47.00000 30.00000 269705.79781
47.00000 31.00000 269633.39430
47.00000 32.00000 269542.18727
47.00000 33.00000 269456.45559
47.00000 34.00000 269379.56853
47.00000 35.00000 269322.52196
47.00000 36.00000 269252.57486
47.00000 37.00000 269186.92838
47.00000 38.00000 269134.13011
47.00000 39.00000 269096.43327
47.00000 40.00000 269067.58075
47.00000 41.00000 269042.68943
47.00000 42.00000 269013.18059
47.00000 43.00000 268980.33232
47.00000 44.00000 268984.92556
47.00000 45.00000 269004.97929
47.00000 46.00000 269039.42045
47.00000 47.00000 269091.33902
47.00000 48.00000 269136.68537
47.00000 49.00000 269191.72364
47.00000 50.00000 269269.40591
47.00000 51.00000 269342.87369
47.00000 52.00000 269411.65612
47.00000 53.00000 269488.84103
47.00000 54.00000 269578.26434
47.00000 55.00000 269677.19419
47.00000 56.00000 269783.92060
47.00000 57.00000 269898.53613
47.00000 58.00000 270047.85444
47.00000 59.00000 270243.84444
47.00000 60.00000 270448.56855
47.00000 61.00000 270649.19720
47.00000 62.00000 270830.82548
47.00000 63.00000 271001.04294
47.00000 64.00000 271180.01436
47.00000 65.00000 271379.72263
47.00000 66.00000 271587.08820
47.00000 67.00000 271791.17157
47.00000 68.00000 272020.95123
47.00000 69.00000 272263.83682
47.00000 70.00000 272494.33484
48.00000 25.00000 270344.79497
48.00000 26.00000 270190.23957
48.00000 27.00000 270058.51011
48.00000 28.00000 269920.08135
48.00000 29.00000 269772.79710
48.00000 30.00000 269682.29399
48.00000 31.00000 269614.01997
48.00000 32.00000 269526.61858
48.00000 33.00000 269446.46629
48.00000 34.00000 269376.90055
48.00000 35.00000 269327.67372
48.00000 36.00000 269267.00186
48.00000 37.00000 269210.02252
48.00000 38.00000 269163.65945
48.00000 39.00000 269129.18832
48.00000 40.00000 269099.55206
48.00000 41.00000 269073.63024
48.00000 42.00000 269044.86625
48.00000 43.00000 269012.85680
48.00000 44.00000 269022.87383
48.00000 45.00000 269047.05403
48.00000 46.00000 269083.94539
48.00000 47.00000 269135.33655
48.00000 48.00000 269195.13205
48.00000 49.00000 269265.19198
48.00000 50.00000 269352.21553
48.00000 51.00000 269434.66821
48.00000 52.00000 269512.31593
48.00000 53.00000 269599.40417
48.00000 54.00000 269699.94773
48.00000 55.00000 269809.22932
48.00000 56.00000 269925.58247
48.00000 57.00000 270048.97720
48.00000 58.00000 270207.80176
48.00000 59.00000 270415.91566
48.00000 60.00000 270632.41718
48.00000 61.00000 270844.32099
48.00000 62.00000 271039.32418
48.00000 63.00000 271222.54531
48.00000 64.00000 271412.63400
48.00000 65.00000 271620.77092
48.00000 66.00000 271837.19935
48.00000 67.00000 272050.71036
48.00000 68.00000 272290.99011
48.00000 69.00000 272545.98668
48.00000 70.00000 272789.84451
49.00000 25.00000 270346.55470
49.00000 26.00000 270190.36390
49.00000 27.00000 270056.96136
49.00000 28.00000 269917.21153
49.00000 29.00000 269768.61576
49.00000 30.00000 269678.40456
49.00000 31.00000 269612.58919
49.00000 32.00000 269529.78250
49.00000 33.00000 269454.35976
49.00000 34.00000 269389.87092
49.00000 35.00000 269346.01079
49.00000 36.00000 269294.98028
49.00000 37.00000 269248.87189
49.00000 38.00000 269211.61392
49.00000 39.00000 269183.60252
49.00000 40.00000 269156.01223
49.00000 41.00000 269128.05812
49.00000 42.00000 269097.87833
49.00000 43.00000 269065.77442
49.00000 44.00000 269084.56274
49.00000 45.00000 269118.77392
49.00000 46.00000 269164.63810
49.00000 47.00000 269223.77497
49.00000 48.00000 269279.09923
49.00000 49.00000 269364.56350
49.00000 50.00000 269458.74666
49.00000 51.00000 269548.66246
49.00000 52.00000 269635.63334
49.00000 53.00000 269731.57038
49.00000 54.00000 269842.41258
49.00000 55.00000 269963.08972
49.00000 56.00000 270091.40516
49.00000 57.00000 270225.15208
49.00000 58.00000 270394.06712
49.00000 59.00000 270614.78480
49.00000 60.00000 270843.55805
49.00000 61.00000 271066.19262
49.00000 62.00000 271272.86759
49.00000 63.00000 271469.97821
49.00000 64.00000 271673.02585
49.00000 65.00000 271890.74243
49.00000 66.00000 272116.31735
49.00000 67.00000 272339.26466
49.00000 68.00000 272589.94283
49.00000 69.00000 272856.60167
49.00000 70.00000 273112.82698
50.00000 25.00000 270359.76777
50.00000 26.00000 270202.34853
50.00000 27.00000 270065.74669
50.00000 28.00000 269926.01689
50.00000 29.00000 269777.58893
50.00000 30.00000 269686.90128
50.00000 31.00000 269620.89515
50.00000 32.00000 269543.26464
50.00000 33.00000 269473.49909
50.00000 34.00000 269411.03154
50.00000 35.00000 269367.68842
50.00000 36.00000 269324.79221
50.00000 37.00000 269291.37547
50.00000 38.00000 269266.19722
50.00000 39.00000 269247.23174
50.00000 40.00000 269225.77577
50.00000 41.00000 269197.86003
50.00000 42.00000 269163.24371
50.00000 43.00000 269127.25836
50.00000 44.00000 269152.37154
50.00000 45.00000 269197.31315
50.00000 46.00000 269255.18942
50.00000 47.00000 269326.44071
50.00000 48.00000 269393.92846
50.00000 49.00000 269474.82065
50.00000 50.00000 269572.83955
50.00000 51.00000 269670.73151
50.00000 52.00000 269770.23088
50.00000 53.00000 269876.69974
50.00000 54.00000 269997.00107
50.00000 55.00000 270128.66995
50.00000 56.00000 270269.40144
50.00000 57.00000 270414.87799
50.00000 58.00000 270593.50184
50.00000 59.00000 270825.62666
50.00000 60.00000 271066.48281
50.00000 61.00000 271300.68417
50.00000 62.00000 271518.32717
50.00000 63.00000 271729.14818
50.00000 64.00000 271946.63189
50.00000 65.00000 272177.73834
50.00000 66.00000 272414.95234
50.00000 67.00000 272649.03033
50.00000 68.00000 272911.53842
50.00000 69.00000 273191.02457
50.00000 70.00000 273457.44965
51.00000 25.00000 270367.59130
51.00000 26.00000 270209.04509
51.00000 27.00000 270070.33417
51.00000 28.00000 269929.54981
51.00000 29.00000 269782.05061
51.00000 30.00000 269693.19844
51.00000 31.00000 269628.34790
51.00000 32.00000 269552.23218
51.00000 33.00000 269486.35619
51.00000 34.00000 269427.62447
51.00000 35.00000 269387.33544
51.00000 36.00000 269348.82569
51.00000 37.00000 269324.70807
51.00000 38.00000 269309.50741
51.00000 39.00000 269298.41140
51.00000 40.00000 269283.96070
51.00000 41.00000 269260.67814
51.00000 42.00000 269227.91450
51.00000 43.00000 269192.08043
51.00000 44.00000 269221.11245
51.00000 45.00000 269274.37736
51.00000 46.00000 269341.44449
51.00000 47.00000 269422.00025
51.00000 48.00000 269500.51223
51.00000 49.00000 269591.10311
51.00000 50.00000 269689.86426
51.00000 51.00000 269788.41219
51.00000 52.00000 269900.49650
51.00000 53.00000 270019.21435
51.00000 54.00000 270151.33061
51.00000 55.00000 270292.68695
51.00000 56.00000 270443.13784
51.00000 57.00000 270599.35715
51.00000 58.00000 270788.51180
51.00000 59.00000 271031.15941
51.00000 60.00000 271283.05973
51.00000 61.00000 271528.83888
51.00000 62.00000 271759.71080
51.00000 63.00000 271984.39058
51.00000 64.00000 272216.69423
51.00000 65.00000 272463.52274
51.00000 66.00000 272716.33214
51.00000 67.00000 272964.00364
51.00000 68.00000 273239.68931
51.00000 69.00000 273533.13821
51.00000 70.00000 273811.63064
52.00000 25.00000 270354.21539
52.00000 26.00000 270194.83906
52.00000 27.00000 270056.67321
52.00000 28.00000 269914.86834
52.00000 29.00000 269768.04900
52.00000 30.00000 269682.99672
52.00000 31.00000 269622.31207
52.00000 32.00000 269547.05827
52.00000 33.00000 269483.05218
52.00000 34.00000 269428.82529
52.00000 35.00000 269393.91113
52.00000 36.00000 269356.57575
52.00000 37.00000 269336.62918
52.00000 38.00000 269328.02504
52.00000 39.00000 269324.04065
52.00000 40.00000 269316.79738
52.00000 41.00000 269301.05698
52.00000 42.00000 269274.77638
52.00000 43.00000 269243.60119
52.00000 44.00000 269275.78700
52.00000 45.00000 269335.11030
52.00000 46.00000 269410.18750
52.00000 47.00000 269499.23944
52.00000 48.00000 269586.67939
52.00000 49.00000 269686.17602
52.00000 50.00000 269794.41464
52.00000 51.00000 269894.45994
52.00000 52.00000 270007.83899
52.00000 53.00000 270142.97509
52.00000 54.00000 270290.86033
52.00000 55.00000 270442.61744
52.00000 56.00000 270600.41664
52.00000 57.00000 270765.41758
52.00000 58.00000 270965.03597
52.00000 59.00000 271218.13776
52.00000 60.00000 271481.18526
52.00000 61.00000 271739.11767
52.00000 62.00000 271984.98247
52.00000 63.00000 272225.41747
52.00000 64.00000 272473.32683
52.00000 65.00000 272736.13076
52.00000 66.00000 273005.88166
52.00000 67.00000 273269.76465
52.00000 68.00000 273559.89664
52.00000 69.00000 273867.17796
52.00000 70.00000 274158.48053
53.00000 25.00000 270325.87326
53.00000 26.00000 270166.20088
53.00000 27.00000 270030.50858
53.00000 28.00000 269889.35835
53.00000 29.00000 269742.23925
53.00000 30.00000 269660.67738
53.00000 31.00000 269604.57427
53.00000 32.00000 269532.37819
53.00000 33.00000 269470.00283
53.00000 34.00000 269418.67609
53.00000 35.00000 269388.73472
53.00000 36.00000 269354.32568
53.00000 37.00000 269335.59727
53.00000 38.00000 269329.99434
53.00000 39.00000 269331.58709
53.00000 40.00000 269330.45082
53.00000 41.00000 269322.33000
53.00000 42.00000 269304.47921
53.00000 43.00000 269279.46899
53.00000 44.00000 269316.93028
53.00000 45.00000 269381.74380
53.00000 46.00000 269463.64574
53.00000 47.00000 269561.25425
53.00000 48.00000 269658.15496
53.00000 49.00000 269766.49646
53.00000 50.00000 269885.62170
53.00000 51.00000 269997.95817
53.00000 52.00000 270108.33441
53.00000 53.00000 270250.97022
53.00000 54.00000 270420.73534
53.00000 55.00000 270585.24292
53.00000 56.00000 270752.81585
53.00000 57.00000 270925.63371
53.00000 58.00000 271134.41636
53.00000 59.00000 271397.59893
53.00000 60.00000 271670.91375
53.00000 61.00000 271939.91524
53.00000 62.00000 272200.32119
53.00000 63.00000 272457.10863
53.00000 64.00000 272721.07886
53.00000 65.00000 272999.72044
53.00000 66.00000 273286.19855
53.00000 67.00000 273567.10702
53.00000 68.00000 273873.21659
53.00000 69.00000 274195.44857
53.00000 70.00000 274500.54985
54.00000 25.00000 270283.72492
54.00000 26.00000 270124.74661
54.00000 27.00000 269993.52046
54.00000 28.00000 269855.90225
54.00000 29.00000 269707.50859
54.00000 30.00000 269626.39781
54.00000 31.00000 269572.44779
54.00000 32.00000 269503.81908
54.00000 33.00000 269443.33960
54.00000 34.00000 269394.62345
54.00000 35.00000 269369.46299
54.00000 36.00000 269340.23040
54.00000 37.00000 269322.39976
54.00000 38.00000 269316.44388
54.00000 39.00000 269321.61049
54.00000 40.00000 269326.50362
54.00000 41.00000 269325.93697
54.00000 42.00000 269317.73234
54.00000 43.00000 269301.30909
54.00000 44.00000 269347.53638
54.00000 45.00000 269419.39508
54.00000 46.00000 269506.43271
54.00000 47.00000 269611.68119
54.00000 48.00000 269718.22745
54.00000 49.00000 269835.61930
54.00000 50.00000 269966.62998
54.00000 51.00000 270093.59512
54.00000 52.00000 270217.77889
54.00000 53.00000 270358.84287
54.00000 54.00000 270527.68079
54.00000 55.00000 270714.25065
54.00000 56.00000 270895.62780
54.00000 57.00000 271078.66255
54.00000 58.00000 271296.07103
54.00000 59.00000 271568.90808
54.00000 60.00000 271852.41099
54.00000 61.00000 272132.13044
54.00000 62.00000 272406.03103
54.00000 63.00000 272680.16302
54.00000 64.00000 272961.88556
54.00000 65.00000 273257.83733
54.00000 66.00000 273560.74800
54.00000 67.00000 273860.00433
54.00000 68.00000 274184.37280
54.00000 69.00000 274523.60585
54.00000 70.00000 274844.06791
55.00000 25.00000 270240.92712
55.00000 26.00000 270084.95451
55.00000 27.00000 269957.73750
55.00000 28.00000 269822.41198
55.00000 29.00000 269673.57225
55.00000 30.00000 269593.39574
55.00000 31.00000 269541.76855
55.00000 32.00000 269476.63133
55.00000 33.00000 269419.61612
55.00000 34.00000 269374.16486
55.00000 35.00000 269351.74441
55.00000 36.00000 269324.35335
55.00000 37.00000 269307.84476
55.00000 38.00000 269303.24014
55.00000 39.00000 269311.34387
55.00000 40.00000 269321.94781
55.00000 41.00000 269329.78030
55.00000 42.00000 269332.49058
55.00000 43.00000 269325.13797
55.00000 44.00000 269378.22732
55.00000 45.00000 269457.51950
55.00000 46.00000 269551.29508
55.00000 47.00000 269664.47022
55.00000 48.00000 269780.39466
55.00000 49.00000 269906.95189
55.00000 50.00000 270049.06017
55.00000 51.00000 270188.27736
55.00000 52.00000 270324.87472
55.00000 53.00000 270474.69535
55.00000 54.00000 270646.81560
55.00000 55.00000 270842.18278
55.00000 56.00000 271045.11950
55.00000 57.00000 271240.81953
55.00000 58.00000 271467.18028
55.00000 59.00000 271748.06983
55.00000 60.00000 272041.72816
55.00000 61.00000 272332.98146
55.00000 62.00000 272620.88028
55.00000 63.00000 272910.94133
55.00000 64.00000 273210.85782
55.00000 65.00000 273525.67679
55.00000 66.00000 273845.91275
55.00000 67.00000 274161.01915
55.00000 68.00000 274501.95361
55.00000 69.00000 274858.11383
55.00000 70.00000 275195.47560
