k1 k2 chisq 
11.00000 25.00000 92448.04042
11.00000 26.00000 92467.83268
11.00000 27.00000 92484.80185
11.00000 28.00000 92515.08969
11.00000 29.00000 92545.48133
11.00000 30.00000 92555.55829
11.00000 31.00000 92570.69290
11.00000 32.00000 92587.85092
11.00000 33.00000 92605.66227
11.00000 34.00000 92613.34733
11.00000 35.00000 92628.23688
11.00000 36.00000 92659.17546
11.00000 37.00000 92687.31700
11.00000 38.00000 92712.55897
11.00000 39.00000 92736.31946
11.00000 40.00000 92770.68747
11.00000 41.00000 92797.76770
11.00000 42.00000 92829.16869
11.00000 43.00000 92859.08520
11.00000 44.00000 92894.01674
11.00000 45.00000 92926.99964
11.00000 46.00000 92954.65142
11.00000 47.00000 92969.86967
11.00000 48.00000 92984.28866
11.00000 49.00000 92995.71413
11.00000 50.00000 93000.93271
11.00000 51.00000 93017.81091
11.00000 52.00000 93034.22804
11.00000 53.00000 93046.00962
11.00000 54.00000 93062.49442
11.00000 55.00000 93086.59119
11.00000 56.00000 93123.98523
11.00000 57.00000 93156.68914
11.00000 58.00000 93186.75377
11.00000 59.00000 93223.38057
11.00000 60.00000 93256.69044
11.00000 61.00000 93286.41373
11.00000 62.00000 93311.06772
11.00000 63.00000 93326.29268
11.00000 64.00000 93340.62914
11.00000 65.00000 93351.36748
11.00000 66.00000 93358.94827
11.00000 67.00000 93370.26484
11.00000 68.00000 93384.11863
11.00000 69.00000 93402.33850
11.00000 70.00000 93429.84273
12.00000 25.00000 92433.13869
12.00000 26.00000 92452.89441
12.00000 27.00000 92469.74906
12.00000 28.00000 92500.35526
12.00000 29.00000 92531.21985
12.00000 30.00000 92541.34447
12.00000 31.00000 92556.14166
12.00000 32.00000 92572.98195
12.00000 33.00000 92589.74998
12.00000 34.00000 92596.40212
12.00000 35.00000 92610.28594
12.00000 36.00000 92640.63070
12.00000 37.00000 92667.88031
12.00000 38.00000 92691.68190
12.00000 39.00000 92713.92411
12.00000 40.00000 92746.56381
12.00000 41.00000 92772.05923
12.00000 42.00000 92802.12897
12.00000 43.00000 92831.06824
12.00000 44.00000 92865.89242
12.00000 45.00000 92898.52431
12.00000 46.00000 92925.09261
12.00000 47.00000 92938.74408
12.00000 48.00000 92952.23287
12.00000 49.00000 92962.65984
12.00000 50.00000 92966.64562
12.00000 51.00000 92982.35187
12.00000 52.00000 92997.93890
12.00000 53.00000 93009.38696
12.00000 54.00000 93025.74514
12.00000 55.00000 93049.32233
12.00000 56.00000 93086.32110
12.00000 57.00000 93118.95114
12.00000 58.00000 93149.07178
12.00000 59.00000 93185.32416
12.00000 60.00000 93217.78191
12.00000 61.00000 93246.59953
12.00000 62.00000 93270.94243
12.00000 63.00000 93286.02875
12.00000 64.00000 93300.33604
12.00000 65.00000 93311.02886
12.00000 66.00000 93318.94492
12.00000 67.00000 93331.41460
12.00000 68.00000 93346.70744
12.00000 69.00000 93366.08285
12.00000 70.00000 93394.32396
13.00000 25.00000 92413.06802
13.00000 26.00000 92433.10758
13.00000 27.00000 92449.22616
13.00000 28.00000 92479.77393
13.00000 29.00000 92509.71887
13.00000 30.00000 92518.20666
13.00000 31.00000 92529.23149
13.00000 32.00000 92546.09012
13.00000 33.00000 92563.39536
13.00000 34.00000 92571.21907
13.00000 35.00000 92584.74130
13.00000 36.00000 92613.16858
13.00000 37.00000 92638.01717
13.00000 38.00000 92659.42282
13.00000 39.00000 92679.37975
13.00000 40.00000 92708.61123
13.00000 41.00000 92730.81265
13.00000 42.00000 92758.83143
13.00000 43.00000 92786.69465
13.00000 44.00000 92821.08505
13.00000 45.00000 92852.42792
13.00000 46.00000 92877.06731
13.00000 47.00000 92888.66292
13.00000 48.00000 92901.72573
13.00000 49.00000 92912.13638
13.00000 50.00000 92916.65303
13.00000 51.00000 92931.53718
13.00000 52.00000 92945.29011
13.00000 53.00000 92954.35738
13.00000 54.00000 92968.82445
13.00000 55.00000 92991.41695
13.00000 56.00000 93028.52065
13.00000 57.00000 93061.37825
13.00000 58.00000 93091.90323
13.00000 59.00000 93128.48835
13.00000 60.00000 93160.83367
13.00000 61.00000 93188.93960
13.00000 62.00000 93213.20861
13.00000 63.00000 93228.20698
13.00000 64.00000 93242.93131
13.00000 65.00000 93253.23989
13.00000 66.00000 93260.49594
13.00000 67.00000 93272.94124
13.00000 68.00000 93288.82815
13.00000 69.00000 93309.01122
13.00000 70.00000 93338.53799
14.00000 25.00000 92404.74389
14.00000 26.00000 92424.00229
14.00000 27.00000 92438.40813
14.00000 28.00000 92468.45621
14.00000 29.00000 92497.91197
14.00000 30.00000 92504.92171
14.00000 31.00000 92512.42211
14.00000 32.00000 92530.27715
14.00000 33.00000 92549.08783
14.00000 34.00000 92558.69494
14.00000 35.00000 92571.96473
14.00000 36.00000 92598.43084
14.00000 37.00000 92620.69947
14.00000 38.00000 92639.43483
14.00000 39.00000 92656.84041
14.00000 40.00000 92682.24560
14.00000 41.00000 92700.42241
14.00000 42.00000 92726.08851
14.00000 43.00000 92752.89630
14.00000 44.00000 92786.36266
14.00000 45.00000 92816.33490
14.00000 46.00000 92839.47753
14.00000 47.00000 92849.56111
14.00000 48.00000 92862.67585
14.00000 49.00000 92873.81396
14.00000 50.00000 92879.56566
14.00000 51.00000 92894.14924
14.00000 52.00000 92907.19663
14.00000 53.00000 92915.20313
14.00000 54.00000 92928.44710
14.00000 55.00000 92950.25344
14.00000 56.00000 92987.25096
14.00000 57.00000 93019.83278
14.00000 58.00000 93050.16071
14.00000 59.00000 93086.25067
14.00000 60.00000 93118.01021
14.00000 61.00000 93145.24549
14.00000 62.00000 93169.11821
14.00000 63.00000 93184.17863
14.00000 64.00000 93199.75464
14.00000 65.00000 93210.53473
14.00000 66.00000 93217.91697
14.00000 67.00000 93230.64891
14.00000 68.00000 93247.45338
14.00000 69.00000 93268.76069
14.00000 70.00000 93299.62337
15.00000 25.00000 92326.85336
15.00000 26.00000 92348.13752
15.00000 27.00000 92364.11036
15.00000 28.00000 92396.81060
15.00000 29.00000 92429.59213
15.00000 30.00000 92437.90538
15.00000 31.00000 92444.16755
15.00000 32.00000 92464.46643
15.00000 33.00000 92486.25555
15.00000 34.00000 92498.23220
15.00000 35.00000 92511.76826
15.00000 36.00000 92537.31173
15.00000 37.00000 92558.67956
15.00000 38.00000 92576.71170
15.00000 39.00000 92593.31264
15.00000 40.00000 92616.59792
15.00000 41.00000 92632.83653
15.00000 42.00000 92658.98938
15.00000 43.00000 92687.46524
15.00000 44.00000 92721.28618
15.00000 45.00000 92751.86925
15.00000 46.00000 92776.05926
15.00000 47.00000 92786.87483
15.00000 48.00000 92801.11080
15.00000 49.00000 92814.31409
15.00000 50.00000 92823.15818
15.00000 51.00000 92839.65491
15.00000 52.00000 92854.98428
15.00000 53.00000 92864.16985
15.00000 54.00000 92877.64234
15.00000 55.00000 92899.44033
15.00000 56.00000 92936.39929
15.00000 57.00000 92968.48507
15.00000 58.00000 92998.43931
15.00000 59.00000 93033.80764
15.00000 60.00000 93065.33723
15.00000 61.00000 93092.56167
15.00000 62.00000 93116.75083
15.00000 63.00000 93132.95513
15.00000 64.00000 93150.58139
15.00000 65.00000 93163.60003
15.00000 66.00000 93173.01103
15.00000 67.00000 93187.53474
15.00000 68.00000 93207.27434
15.00000 69.00000 93232.15276
15.00000 70.00000 93267.12621
16.00000 25.00000 92247.81525
16.00000 26.00000 92270.18965
16.00000 27.00000 92287.17345
16.00000 28.00000 92321.42030
16.00000 29.00000 92357.04141
16.00000 30.00000 92368.31637
16.00000 31.00000 92376.69972
16.00000 32.00000 92398.51990
16.00000 33.00000 92422.44499
16.00000 34.00000 92436.33035
16.00000 35.00000 92450.41647
16.00000 36.00000 92474.80868
16.00000 37.00000 92495.28002
16.00000 38.00000 92512.98616
16.00000 39.00000 92529.35267
16.00000 40.00000 92551.63160
16.00000 41.00000 92567.25313
16.00000 42.00000 92594.66660
16.00000 43.00000 92624.89780
16.00000 44.00000 92659.15092
16.00000 45.00000 92691.20668
16.00000 46.00000 92718.20610
16.00000 47.00000 92731.40573
16.00000 48.00000 92746.50438
16.00000 49.00000 92760.99949
16.00000 50.00000 92771.98205
16.00000 51.00000 92790.12297
16.00000 52.00000 92807.16948
16.00000 53.00000 92817.40733
16.00000 54.00000 92831.02829
16.00000 55.00000 92852.70893
16.00000 56.00000 92889.59473
16.00000 57.00000 92921.20022
16.00000 58.00000 92950.78982
16.00000 59.00000 92985.41069
16.00000 60.00000 93016.99358
16.00000 61.00000 93044.91226
16.00000 62.00000 93070.09465
16.00000 63.00000 93087.13383
16.00000 64.00000 93105.93158
16.00000 65.00000 93120.67787
16.00000 66.00000 93132.04027
16.00000 67.00000 93147.73649
16.00000 68.00000 93169.66676
16.00000 69.00000 93198.06879
16.00000 70.00000 93237.52426
17.00000 25.00000 92187.99597
17.00000 26.00000 92209.65434
17.00000 27.00000 92226.39792
17.00000 28.00000 92260.79142
17.00000 29.00000 92297.29697
17.00000 30.00000 92310.89929
17.00000 31.00000 92322.97292
17.00000 32.00000 92345.13087
17.00000 33.00000 92369.01247
17.00000 34.00000 92382.57558
17.00000 35.00000 92396.62885
17.00000 36.00000 92420.09915
17.00000 37.00000 92439.49562
17.00000 38.00000 92456.49937
17.00000 39.00000 92472.03202
17.00000 40.00000 92492.84317
17.00000 41.00000 92507.35118
17.00000 42.00000 92534.97299
17.00000 43.00000 92565.78782
17.00000 44.00000 92599.70891
17.00000 45.00000 92632.72406
17.00000 46.00000 92662.45494
17.00000 47.00000 92678.60425
17.00000 48.00000 92694.65465
17.00000 49.00000 92709.70642
17.00000 50.00000 92721.12551
17.00000 51.00000 92739.39466
17.00000 52.00000 92756.93967
17.00000 53.00000 92767.36892
17.00000 54.00000 92780.18108
17.00000 55.00000 92801.27345
17.00000 56.00000 92837.63839
17.00000 57.00000 92868.14892
17.00000 58.00000 92896.83690
17.00000 59.00000 92930.45006
17.00000 60.00000 92962.25788
17.00000 61.00000 92991.20411
17.00000 62.00000 93017.64227
17.00000 63.00000 93035.22093
17.00000 64.00000 93054.01674
17.00000 65.00000 93069.04765
17.00000 66.00000 93080.83262
17.00000 67.00000 93096.63423
17.00000 68.00000 93119.65317
17.00000 69.00000 93150.55102
17.00000 70.00000 93193.47115
18.00000 25.00000 92109.40729
18.00000 26.00000 92131.30394
18.00000 27.00000 92149.72016
18.00000 28.00000 92185.92123
18.00000 29.00000 92224.57719
18.00000 30.00000 92240.99582
18.00000 31.00000 92257.86429
18.00000 32.00000 92281.08304
18.00000 33.00000 92305.04456
18.00000 34.00000 92317.90267
18.00000 35.00000 92331.69864
18.00000 36.00000 92355.03842
18.00000 37.00000 92374.30692
18.00000 38.00000 92391.25336
18.00000 39.00000 92406.08683
18.00000 40.00000 92425.68023
18.00000 41.00000 92439.34432
18.00000 42.00000 92467.23425
18.00000 43.00000 92499.02405
18.00000 44.00000 92533.36165
18.00000 45.00000 92568.16505
18.00000 46.00000 92601.14255
18.00000 47.00000 92620.49698
18.00000 48.00000 92638.23315
18.00000 49.00000 92654.20694
18.00000 50.00000 92665.55394
18.00000 51.00000 92683.38551
18.00000 52.00000 92701.48165
18.00000 53.00000 92712.72266
18.00000 54.00000 92725.47979
18.00000 55.00000 92746.41948
18.00000 56.00000 92782.28283
18.00000 57.00000 92811.80342
18.00000 58.00000 92839.58652
18.00000 59.00000 92872.48784
18.00000 60.00000 92905.35832
18.00000 61.00000 92936.14710
18.00000 62.00000 92964.19898
18.00000 63.00000 92982.86898
18.00000 64.00000 93002.29937
18.00000 65.00000 93018.41767
18.00000 66.00000 93031.28960
18.00000 67.00000 93047.84351
18.00000 68.00000 93072.50725
18.00000 69.00000 93105.90954
18.00000 70.00000 93151.47242
19.00000 25.00000 92016.33553
19.00000 26.00000 92039.99056
19.00000 27.00000 92061.94823
19.00000 28.00000 92101.20766
19.00000 29.00000 92142.66413
19.00000 30.00000 92161.56666
19.00000 31.00000 92182.57168
19.00000 32.00000 92207.51515
19.00000 33.00000 92232.30906
19.00000 34.00000 92245.60229
19.00000 35.00000 92260.38126
19.00000 36.00000 92284.90706
19.00000 37.00000 92305.20336
19.00000 38.00000 92322.82526
19.00000 39.00000 92337.45128
19.00000 40.00000 92356.80359
19.00000 41.00000 92370.65760
19.00000 42.00000 92399.41465
19.00000 43.00000 92432.69534
19.00000 44.00000 92468.01883
19.00000 45.00000 92504.99251
19.00000 46.00000 92541.10498
19.00000 47.00000 92563.30238
19.00000 48.00000 92583.19093
19.00000 49.00000 92600.75951
19.00000 50.00000 92612.22154
19.00000 51.00000 92629.74993
19.00000 52.00000 92648.37367
19.00000 53.00000 92661.33247
19.00000 54.00000 92675.46410
19.00000 55.00000 92697.06268
19.00000 56.00000 92732.70711
19.00000 57.00000 92761.70605
19.00000 58.00000 92788.80391
19.00000 59.00000 92821.49574
19.00000 60.00000 92856.16172
19.00000 61.00000 92889.42045
19.00000 62.00000 92919.35208
19.00000 63.00000 92939.78922
19.00000 64.00000 92960.81618
19.00000 65.00000 92979.09154
19.00000 66.00000 92993.99748
19.00000 67.00000 93012.13591
19.00000 68.00000 93038.85230
19.00000 69.00000 93074.47781
19.00000 70.00000 93121.62100
20.00000 25.00000 91956.15572
20.00000 26.00000 91982.17641
20.00000 27.00000 92006.61295
20.00000 28.00000 92047.28720
20.00000 29.00000 92089.88097
20.00000 30.00000 92109.62766
20.00000 31.00000 92131.84844
20.00000 32.00000 92158.12008
20.00000 33.00000 92183.85540
20.00000 34.00000 92197.58723
20.00000 35.00000 92212.72885
20.00000 36.00000 92238.25945
20.00000 37.00000 92259.45911
20.00000 38.00000 92277.54565
20.00000 39.00000 92291.86901
20.00000 40.00000 92310.53247
20.00000 41.00000 92323.98357
20.00000 42.00000 92353.18539
20.00000 43.00000 92387.66907
20.00000 44.00000 92423.57833
20.00000 45.00000 92461.86102
20.00000 46.00000 92499.37758
20.00000 47.00000 92521.90921
20.00000 48.00000 92542.06589
20.00000 49.00000 92559.73186
20.00000 50.00000 92570.21960
20.00000 51.00000 92587.57682
20.00000 52.00000 92607.11198
20.00000 53.00000 92621.62517
20.00000 54.00000 92636.52917
20.00000 55.00000 92658.06723
20.00000 56.00000 92693.54510
20.00000 57.00000 92722.13548
20.00000 58.00000 92748.68036
20.00000 59.00000 92781.01716
20.00000 60.00000 92816.40781
20.00000 61.00000 92851.39437
20.00000 62.00000 92882.82142
20.00000 63.00000 92904.43319
20.00000 64.00000 92926.55352
20.00000 65.00000 92946.42629
20.00000 66.00000 92962.87799
20.00000 67.00000 92981.82255
20.00000 68.00000 93009.64275
20.00000 69.00000 93046.54815
20.00000 70.00000 93094.42114
21.00000 25.00000 91966.25745
21.00000 26.00000 91992.68896
21.00000 27.00000 92016.56680
21.00000 28.00000 92055.91871
21.00000 29.00000 92097.05489
21.00000 30.00000 92116.12817
21.00000 31.00000 92137.29866
21.00000 32.00000 92163.78823
21.00000 33.00000 92190.11570
21.00000 34.00000 92204.06823
21.00000 35.00000 92218.27679
21.00000 36.00000 92243.75054
21.00000 37.00000 92264.13665
21.00000 38.00000 92280.53405
21.00000 39.00000 92293.39352
21.00000 40.00000 92310.88462
21.00000 41.00000 92322.16325
21.00000 42.00000 92349.52278
21.00000 43.00000 92383.23302
21.00000 44.00000 92418.54741
21.00000 45.00000 92456.30154
21.00000 46.00000 92492.56849
21.00000 47.00000 92513.06378
21.00000 48.00000 92531.70089
21.00000 49.00000 92547.30853
21.00000 50.00000 92554.50818
21.00000 51.00000 92570.33788
21.00000 52.00000 92589.43266
21.00000 53.00000 92603.70870
21.00000 54.00000 92617.32471
21.00000 55.00000 92637.69844
21.00000 56.00000 92673.53258
21.00000 57.00000 92702.06792
21.00000 58.00000 92728.01522
21.00000 59.00000 92760.53025
21.00000 60.00000 92795.83489
21.00000 61.00000 92831.43994
21.00000 62.00000 92863.47284
21.00000 63.00000 92885.38702
21.00000 64.00000 92907.81695
21.00000 65.00000 92928.05779
21.00000 66.00000 92944.61798
21.00000 67.00000 92963.37822
21.00000 68.00000 92990.44514
21.00000 69.00000 93026.66846
21.00000 70.00000 93073.56176
22.00000 25.00000 91983.24154
22.00000 26.00000 92011.23401
22.00000 27.00000 92034.72143
22.00000 28.00000 92073.08568
22.00000 29.00000 92113.13000
22.00000 30.00000 92131.70117
22.00000 31.00000 92151.75857
22.00000 32.00000 92178.07207
22.00000 33.00000 92204.89644
22.00000 34.00000 92219.78603
22.00000 35.00000 92233.98355
22.00000 36.00000 92259.51567
22.00000 37.00000 92279.34727
22.00000 38.00000 92294.19694
22.00000 39.00000 92306.21482
22.00000 40.00000 92324.14513
22.00000 41.00000 92334.41188
22.00000 42.00000 92360.19305
22.00000 43.00000 92392.75672
22.00000 44.00000 92427.60634
22.00000 45.00000 92464.53662
22.00000 46.00000 92498.81943
22.00000 47.00000 92516.95944
22.00000 48.00000 92533.84894
22.00000 49.00000 92547.05511
22.00000 50.00000 92550.91899
22.00000 51.00000 92565.51041
22.00000 52.00000 92583.85210
22.00000 53.00000 92597.80550
22.00000 54.00000 92610.13070
22.00000 55.00000 92629.50434
22.00000 56.00000 92666.90039
22.00000 57.00000 92696.83088
22.00000 58.00000 92723.18350
22.00000 59.00000 92756.81381
22.00000 60.00000 92792.10938
22.00000 61.00000 92827.93892
22.00000 62.00000 92860.07654
22.00000 63.00000 92882.35977
22.00000 64.00000 92905.50292
22.00000 65.00000 92926.87342
22.00000 66.00000 92944.27126
22.00000 67.00000 92962.95047
22.00000 68.00000 92988.78006
22.00000 69.00000 93023.75028
22.00000 70.00000 93069.17472
23.00000 25.00000 92005.84874
23.00000 26.00000 92033.01958
23.00000 27.00000 92057.66447
23.00000 28.00000 92096.06875
23.00000 29.00000 92136.08538
23.00000 30.00000 92154.88539
23.00000 31.00000 92174.80866
23.00000 32.00000 92200.16744
23.00000 33.00000 92226.41929
23.00000 34.00000 92241.78233
23.00000 35.00000 92256.68148
23.00000 36.00000 92281.27129
23.00000 37.00000 92299.94677
23.00000 38.00000 92313.65757
23.00000 39.00000 92325.73330
23.00000 40.00000 92345.05335
23.00000 41.00000 92356.17817
23.00000 42.00000 92382.19001
23.00000 43.00000 92414.22896
23.00000 44.00000 92448.26493
23.00000 45.00000 92483.63961
23.00000 46.00000 92515.44081
23.00000 47.00000 92531.39554
23.00000 48.00000 92545.79187
23.00000 49.00000 92556.15820
23.00000 50.00000 92557.44423
23.00000 51.00000 92571.03444
23.00000 52.00000 92587.60698
23.00000 53.00000 92600.56791
23.00000 54.00000 92612.14492
23.00000 55.00000 92630.87611
23.00000 56.00000 92670.11716
23.00000 57.00000 92702.57213
23.00000 58.00000 92730.82079
23.00000 59.00000 92765.92880
23.00000 60.00000 92801.15251
23.00000 61.00000 92837.03130
23.00000 62.00000 92869.25733
23.00000 63.00000 92891.86969
23.00000 64.00000 92915.88092
23.00000 65.00000 92939.11950
23.00000 66.00000 92958.47751
23.00000 67.00000 92976.92786
23.00000 68.00000 93000.90342
23.00000 69.00000 93034.12450
23.00000 70.00000 93077.82771
24.00000 25.00000 92025.55863
24.00000 26.00000 92048.91077
24.00000 27.00000 92072.47199
24.00000 28.00000 92110.58018
24.00000 29.00000 92150.98989
24.00000 30.00000 92171.51133
24.00000 31.00000 92192.05946
24.00000 32.00000 92215.34004
24.00000 33.00000 92239.53948
24.00000 34.00000 92253.60517
24.00000 35.00000 92267.99798
24.00000 36.00000 92290.85069
24.00000 37.00000 92307.59501
24.00000 38.00000 92319.36878
24.00000 39.00000 92330.21493
24.00000 40.00000 92349.19629
24.00000 41.00000 92360.66654
24.00000 42.00000 92387.49670
24.00000 43.00000 92419.30389
24.00000 44.00000 92451.31255
24.00000 45.00000 92484.60352
24.00000 46.00000 92514.41767
24.00000 47.00000 92528.50431
24.00000 48.00000 92540.61536
24.00000 49.00000 92548.28133
24.00000 50.00000 92546.86226
24.00000 51.00000 92558.52578
24.00000 52.00000 92574.68790
24.00000 53.00000 92588.06754
24.00000 54.00000 92600.30038
24.00000 55.00000 92618.70782
24.00000 56.00000 92658.70581
24.00000 57.00000 92692.52758
24.00000 58.00000 92722.02136
24.00000 59.00000 92757.31374
24.00000 60.00000 92792.90650
24.00000 61.00000 92830.02419
24.00000 62.00000 92863.82069
24.00000 63.00000 92886.47321
24.00000 64.00000 92910.81359
24.00000 65.00000 92934.81616
24.00000 66.00000 92955.03560
24.00000 67.00000 92972.06330
24.00000 68.00000 92993.88730
24.00000 69.00000 93025.33362
24.00000 70.00000 93067.35818
25.00000 25.00000 92042.01722
25.00000 26.00000 92062.39717
25.00000 27.00000 92081.67101
25.00000 28.00000 92120.54529
25.00000 29.00000 92162.13697
25.00000 30.00000 92184.53412
25.00000 31.00000 92205.35418
25.00000 32.00000 92227.01556
25.00000 33.00000 92248.86072
25.00000 34.00000 92260.97317
25.00000 35.00000 92274.62974
25.00000 36.00000 92296.37609
25.00000 37.00000 92312.06116
25.00000 38.00000 92322.37611
25.00000 39.00000 92331.48754
25.00000 40.00000 92348.92474
25.00000 41.00000 92359.67594
25.00000 42.00000 92386.83773
25.00000 43.00000 92418.72527
25.00000 44.00000 92448.65410
25.00000 45.00000 92479.55157
25.00000 46.00000 92507.12244
25.00000 47.00000 92518.95547
25.00000 48.00000 92528.69598
25.00000 49.00000 92533.77629
25.00000 50.00000 92529.82673
25.00000 51.00000 92539.74543
25.00000 52.00000 92556.57910
25.00000 53.00000 92571.46730
25.00000 54.00000 92585.94388
25.00000 55.00000 92605.60648
25.00000 56.00000 92646.65960
25.00000 57.00000 92681.56583
25.00000 58.00000 92711.18992
25.00000 59.00000 92746.43301
25.00000 60.00000 92782.58569
25.00000 61.00000 92820.69535
25.00000 62.00000 92856.26734
25.00000 63.00000 92879.32064
25.00000 64.00000 92904.04996
25.00000 65.00000 92928.37967
25.00000 66.00000 92948.23398
25.00000 67.00000 92963.49188
25.00000 68.00000 92983.16784
25.00000 69.00000 93012.58835
25.00000 70.00000 93052.47886
26.00000 25.00000 92051.92521
26.00000 26.00000 92073.85161
26.00000 27.00000 92090.23242
26.00000 28.00000 92130.07476
26.00000 29.00000 92173.50960
26.00000 30.00000 92196.97832
26.00000 31.00000 92217.83232
26.00000 32.00000 92238.36077
26.00000 33.00000 92257.64752
26.00000 34.00000 92267.51456
26.00000 35.00000 92280.44582
26.00000 36.00000 92300.78953
26.00000 37.00000 92315.62774
26.00000 38.00000 92325.70981
26.00000 39.00000 92334.12276
26.00000 40.00000 92349.49880
26.00000 41.00000 92359.12389
26.00000 42.00000 92386.18598
26.00000 43.00000 92418.38193
26.00000 44.00000 92446.72996
26.00000 45.00000 92475.68976
26.00000 46.00000 92501.66939
26.00000 47.00000 92511.71298
26.00000 48.00000 92518.59240
26.00000 49.00000 92520.94948
26.00000 50.00000 92515.16425
26.00000 51.00000 92524.27217
26.00000 52.00000 92541.58573
26.00000 53.00000 92557.56643
26.00000 54.00000 92574.79149
26.00000 55.00000 92597.08321
26.00000 56.00000 92639.46346
26.00000 57.00000 92676.13489
26.00000 58.00000 92706.64043
26.00000 59.00000 92741.46874
26.00000 60.00000 92777.49554
26.00000 61.00000 92815.83909
26.00000 62.00000 92852.77233
26.00000 63.00000 92876.84185
26.00000 64.00000 92902.48395
26.00000 65.00000 92927.62432
26.00000 66.00000 92947.55032
26.00000 67.00000 92961.53380
26.00000 68.00000 92979.29457
26.00000 69.00000 93006.76105
26.00000 70.00000 93044.29171
27.00000 25.00000 92069.50498
27.00000 26.00000 92085.87899
27.00000 27.00000 92102.81092
27.00000 28.00000 92142.29915
27.00000 29.00000 92187.43009
27.00000 30.00000 92211.75287
27.00000 31.00000 92233.16836
27.00000 32.00000 92252.71439
27.00000 33.00000 92269.57735
27.00000 34.00000 92277.28634
27.00000 35.00000 92289.47239
27.00000 36.00000 92308.43736
27.00000 37.00000 92322.56767
27.00000 38.00000 92332.92436
27.00000 39.00000 92341.29994
27.00000 40.00000 92355.10693
27.00000 41.00000 92364.12368
27.00000 42.00000 92390.79652
27.00000 43.00000 92422.94116
27.00000 44.00000 92450.04222
27.00000 45.00000 92477.37133
27.00000 46.00000 92501.97903
27.00000 47.00000 92510.48804
27.00000 48.00000 92514.50976
27.00000 49.00000 92514.45681
27.00000 50.00000 92507.69842
27.00000 51.00000 92516.84501
27.00000 52.00000 92534.65774
27.00000 53.00000 92551.40769
27.00000 54.00000 92570.73938
27.00000 55.00000 92595.76629
27.00000 56.00000 92639.55963
27.00000 57.00000 92678.31989
27.00000 58.00000 92710.63900
27.00000 59.00000 92745.26265
27.00000 60.00000 92781.19742
27.00000 61.00000 92819.61758
27.00000 62.00000 92857.46130
27.00000 63.00000 92882.79551
27.00000 64.00000 92909.54656
27.00000 65.00000 92935.59048
27.00000 66.00000 92956.09270
27.00000 67.00000 92969.39515
27.00000 68.00000 92985.65117
27.00000 69.00000 93011.23491
27.00000 70.00000 93046.09026
28.00000 25.00000 92080.05320
28.00000 26.00000 92101.50371
28.00000 27.00000 92121.58317
28.00000 28.00000 92158.39634
28.00000 29.00000 92201.96246
28.00000 30.00000 92223.55905
28.00000 31.00000 92242.67982
28.00000 32.00000 92261.53581
28.00000 33.00000 92277.52393
28.00000 34.00000 92283.89861
28.00000 35.00000 92295.06701
28.00000 36.00000 92312.81548
28.00000 37.00000 92326.11033
28.00000 38.00000 92336.02721
28.00000 39.00000 92344.14145
28.00000 40.00000 92357.09508
28.00000 41.00000 92365.28157
28.00000 42.00000 92390.58803
28.00000 43.00000 92421.79669
28.00000 44.00000 92449.61421
28.00000 45.00000 92477.31976
28.00000 46.00000 92501.01608
28.00000 47.00000 92508.42147
28.00000 48.00000 92511.00090
28.00000 49.00000 92509.74051
28.00000 50.00000 92502.55236
28.00000 51.00000 92511.72690
28.00000 52.00000 92530.45006
28.00000 53.00000 92548.18916
28.00000 54.00000 92568.78605
28.00000 55.00000 92594.36022
28.00000 56.00000 92639.64583
28.00000 57.00000 92680.36377
28.00000 58.00000 92713.91223
28.00000 59.00000 92749.88420
28.00000 60.00000 92787.16018
28.00000 61.00000 92826.83046
28.00000 62.00000 92865.40703
28.00000 63.00000 92889.90164
28.00000 64.00000 92915.95653
28.00000 65.00000 92940.93253
28.00000 66.00000 92960.66590
28.00000 67.00000 92974.57906
28.00000 68.00000 92990.83812
28.00000 69.00000 93015.00531
28.00000 70.00000 93048.44765
29.00000 25.00000 92067.38256
29.00000 26.00000 92090.76008
29.00000 27.00000 92114.80116
29.00000 28.00000 92152.64951
29.00000 29.00000 92194.03750
29.00000 30.00000 92210.57082
29.00000 31.00000 92227.17332
29.00000 32.00000 92245.92372
29.00000 33.00000 92263.11953
29.00000 34.00000 92270.04918
29.00000 35.00000 92281.10679
29.00000 36.00000 92298.09486
29.00000 37.00000 92310.97469
29.00000 38.00000 92320.75092
29.00000 39.00000 92328.77244
29.00000 40.00000 92340.55675
29.00000 41.00000 92347.30117
29.00000 42.00000 92371.24993
29.00000 43.00000 92401.30966
29.00000 44.00000 92429.82232
29.00000 45.00000 92458.78464
29.00000 46.00000 92482.89591
29.00000 47.00000 92490.50315
29.00000 48.00000 92493.35249
29.00000 49.00000 92493.32593
29.00000 50.00000 92488.74643
29.00000 51.00000 92499.51981
29.00000 52.00000 92519.78103
29.00000 53.00000 92538.29300
29.00000 54.00000 92559.44923
29.00000 55.00000 92584.73462
29.00000 56.00000 92631.18107
29.00000 57.00000 92674.17090
29.00000 58.00000 92709.74048
29.00000 59.00000 92747.42520
29.00000 60.00000 92786.23682
29.00000 61.00000 92827.07686
29.00000 62.00000 92866.07522
29.00000 63.00000 92889.44072
29.00000 64.00000 92914.60028
29.00000 65.00000 92938.29466
29.00000 66.00000 92956.62445
29.00000 67.00000 92970.66282
29.00000 68.00000 92987.52318
29.00000 69.00000 93011.48623
29.00000 70.00000 93045.03251
30.00000 25.00000 92022.38973
30.00000 26.00000 92043.96169
30.00000 27.00000 92069.45413
30.00000 28.00000 92108.20670
30.00000 29.00000 92147.28793
30.00000 30.00000 92161.32124
30.00000 31.00000 92177.41725
30.00000 32.00000 92195.59882
30.00000 33.00000 92215.86448
30.00000 34.00000 92226.59376
30.00000 35.00000 92240.35382
30.00000 36.00000 92258.65094
30.00000 37.00000 92273.29400
30.00000 38.00000 92285.33527
30.00000 39.00000 92295.47525
30.00000 40.00000 92308.09017
30.00000 41.00000 92315.32864
30.00000 42.00000 92339.46331
30.00000 43.00000 92369.26162
30.00000 44.00000 92397.98799
30.00000 45.00000 92427.81063
30.00000 46.00000 92453.08577
30.00000 47.00000 92461.62222
30.00000 48.00000 92465.69541
30.00000 49.00000 92468.70860
30.00000 50.00000 92469.63164
30.00000 51.00000 92484.29690
30.00000 52.00000 92507.47223
30.00000 53.00000 92528.03033
30.00000 54.00000 92550.94719
30.00000 55.00000 92577.55167
30.00000 56.00000 92625.18524
30.00000 57.00000 92670.21509
30.00000 58.00000 92709.30008
30.00000 59.00000 92749.49728
30.00000 60.00000 92789.92385
30.00000 61.00000 92830.86392
30.00000 62.00000 92869.43710
30.00000 63.00000 92892.02227
30.00000 64.00000 92916.72079
30.00000 65.00000 92939.88682
30.00000 66.00000 92957.84371
30.00000 67.00000 92972.23222
30.00000 68.00000 92990.14219
30.00000 69.00000 93015.02720
30.00000 70.00000 93049.76338
31.00000 25.00000 92003.27268
31.00000 26.00000 92022.19670
31.00000 27.00000 92046.23667
31.00000 28.00000 92084.32292
31.00000 29.00000 92121.90746
31.00000 30.00000 92134.93261
31.00000 31.00000 92151.53878
31.00000 32.00000 92166.50379
31.00000 33.00000 92188.44017
31.00000 34.00000 92203.55926
31.00000 35.00000 92220.86493
31.00000 36.00000 92240.49848
31.00000 37.00000 92256.76856
31.00000 38.00000 92271.07720
31.00000 39.00000 92283.14684
31.00000 40.00000 92296.39188
31.00000 41.00000 92303.89663
31.00000 42.00000 92327.69781
31.00000 43.00000 92356.89942
31.00000 44.00000 92385.65253
31.00000 45.00000 92416.42897
31.00000 46.00000 92444.05419
31.00000 47.00000 92454.92092
31.00000 48.00000 92461.09305
31.00000 49.00000 92467.75443
31.00000 50.00000 92474.49285
31.00000 51.00000 92492.71377
31.00000 52.00000 92517.59703
31.00000 53.00000 92539.51149
31.00000 54.00000 92563.41626
31.00000 55.00000 92591.13493
31.00000 56.00000 92639.23644
31.00000 57.00000 92684.76821
31.00000 58.00000 92726.09320
31.00000 59.00000 92767.59224
31.00000 60.00000 92808.76616
31.00000 61.00000 92849.21746
31.00000 62.00000 92886.68275
31.00000 63.00000 92908.24004
31.00000 64.00000 92932.42358
31.00000 65.00000 92955.48504
31.00000 66.00000 92973.71180
31.00000 67.00000 92987.71436
31.00000 68.00000 93006.11138
31.00000 69.00000 93032.29007
31.00000 70.00000 93068.66290
32.00000 25.00000 92039.48924
32.00000 26.00000 92058.27066
32.00000 27.00000 92080.57769
32.00000 28.00000 92115.03079
32.00000 29.00000 92150.14528
32.00000 30.00000 92162.71675
32.00000 31.00000 92175.98240
32.00000 32.00000 92189.97336
32.00000 33.00000 92209.56841
32.00000 34.00000 92221.69803
32.00000 35.00000 92238.39046
32.00000 36.00000 92260.17544
32.00000 37.00000 92278.04868
32.00000 38.00000 92293.50088
32.00000 39.00000 92306.15474
32.00000 40.00000 92319.50054
32.00000 41.00000 92326.72102
32.00000 42.00000 92349.45893
32.00000 43.00000 92377.27383
32.00000 44.00000 92404.77035
32.00000 45.00000 92435.39600
32.00000 46.00000 92464.85520
32.00000 47.00000 92479.50180
32.00000 48.00000 92488.60800
32.00000 49.00000 92498.73186
32.00000 50.00000 92508.93716
32.00000 51.00000 92530.11077
32.00000 52.00000 92556.87977
32.00000 53.00000 92580.31496
32.00000 54.00000 92605.12249
32.00000 55.00000 92634.93169
32.00000 56.00000 92683.75331
32.00000 57.00000 92728.27791
32.00000 58.00000 92768.73000
32.00000 59.00000 92809.55584
32.00000 60.00000 92849.98269
32.00000 61.00000 92889.49754
32.00000 62.00000 92926.14042
32.00000 63.00000 92948.16846
32.00000 64.00000 92972.57451
32.00000 65.00000 92995.65296
32.00000 66.00000 93013.82546
32.00000 67.00000 93027.70033
32.00000 68.00000 93045.97815
32.00000 69.00000 93072.66675
32.00000 70.00000 93110.17739
33.00000 25.00000 92067.80631
33.00000 26.00000 92087.25731
33.00000 27.00000 92108.63918
33.00000 28.00000 92139.95434
33.00000 29.00000 92171.92118
33.00000 30.00000 92182.88888
33.00000 31.00000 92194.71940
33.00000 32.00000 92208.04692
33.00000 33.00000 92225.89796
33.00000 34.00000 92235.38431
33.00000 35.00000 92249.04664
33.00000 36.00000 92272.61393
33.00000 37.00000 92292.97147
33.00000 38.00000 92309.71717
33.00000 39.00000 92322.70285
33.00000 40.00000 92336.71942
33.00000 41.00000 92344.08358
33.00000 42.00000 92365.80828
33.00000 43.00000 92392.48856
33.00000 44.00000 92419.50104
33.00000 45.00000 92450.07802
33.00000 46.00000 92480.47986
33.00000 47.00000 92498.27614
33.00000 48.00000 92511.27176
33.00000 49.00000 92525.80269
33.00000 50.00000 92539.36619
33.00000 51.00000 92563.19343
33.00000 52.00000 92591.39302
33.00000 53.00000 92615.70054
33.00000 54.00000 92640.94866
33.00000 55.00000 92672.47920
33.00000 56.00000 92722.09028
33.00000 57.00000 92765.76584
33.00000 58.00000 92805.11102
33.00000 59.00000 92845.39555
33.00000 60.00000 92885.21572
33.00000 61.00000 92923.72712
33.00000 62.00000 92959.38830
33.00000 63.00000 92982.36718
33.00000 64.00000 93007.64484
33.00000 65.00000 93031.14452
33.00000 66.00000 93048.85068
33.00000 67.00000 93062.99818
33.00000 68.00000 93081.74572
33.00000 69.00000 93109.16737
33.00000 70.00000 93147.45126
34.00000 25.00000 92079.04305
34.00000 26.00000 92099.08694
34.00000 27.00000 92120.10047
34.00000 28.00000 92148.76203
34.00000 29.00000 92176.95569
34.00000 30.00000 92185.47388
34.00000 31.00000 92196.21035
34.00000 32.00000 92210.17106
34.00000 33.00000 92224.34878
34.00000 34.00000 92233.19361
34.00000 35.00000 92247.14729
34.00000 36.00000 92269.23130
34.00000 37.00000 92290.94948
34.00000 38.00000 92309.55668
34.00000 39.00000 92324.08225
34.00000 40.00000 92340.01789
34.00000 41.00000 92348.84712
34.00000 42.00000 92370.72533
34.00000 43.00000 92396.80950
34.00000 44.00000 92423.74836
34.00000 45.00000 92454.04612
34.00000 46.00000 92484.16649
34.00000 47.00000 92504.24532
34.00000 48.00000 92521.06384
34.00000 49.00000 92539.93564
34.00000 50.00000 92557.12258
34.00000 51.00000 92583.94777
34.00000 52.00000 92613.76405
34.00000 53.00000 92638.95256
34.00000 54.00000 92665.15943
34.00000 55.00000 92697.54816
34.00000 56.00000 92747.23667
34.00000 57.00000 92790.32091
34.00000 58.00000 92829.18523
34.00000 59.00000 92869.53406
34.00000 60.00000 92909.22021
34.00000 61.00000 92947.02663
34.00000 62.00000 92981.32169
34.00000 63.00000 93004.55916
34.00000 64.00000 93030.02496
34.00000 65.00000 93053.64212
34.00000 66.00000 93071.14126
34.00000 67.00000 93086.09413
34.00000 68.00000 93106.18011
34.00000 69.00000 93134.85285
34.00000 70.00000 93173.95302
35.00000 25.00000 92084.33930
35.00000 26.00000 92104.41846
35.00000 27.00000 92125.19004
35.00000 28.00000 92151.98539
35.00000 29.00000 92177.50503
35.00000 30.00000 92184.56807
35.00000 31.00000 92195.50591
35.00000 32.00000 92209.63904
35.00000 33.00000 92223.95256
35.00000 34.00000 92227.58023
35.00000 35.00000 92243.27789
35.00000 36.00000 92264.78700
35.00000 37.00000 92285.01772
35.00000 38.00000 92304.07796
35.00000 39.00000 92320.83883
35.00000 40.00000 92339.24471
35.00000 41.00000 92350.76017
35.00000 42.00000 92374.22706
35.00000 43.00000 92400.67259
35.00000 44.00000 92428.32937
35.00000 45.00000 92458.84271
35.00000 46.00000 92488.63531
35.00000 47.00000 92509.96148
35.00000 48.00000 92529.32676
35.00000 49.00000 92550.90936
35.00000 50.00000 92570.79166
35.00000 51.00000 92599.79205
35.00000 52.00000 92630.73582
35.00000 53.00000 92657.23328
35.00000 54.00000 92685.39779
35.00000 55.00000 92718.06963
35.00000 56.00000 92766.83325
35.00000 57.00000 92809.35635
35.00000 58.00000 92848.07417
35.00000 59.00000 92889.00532
35.00000 60.00000 92929.33086
35.00000 61.00000 92967.14423
35.00000 62.00000 93000.53362
35.00000 63.00000 93023.39338
35.00000 64.00000 93048.22228
35.00000 65.00000 93071.77925
35.00000 66.00000 93089.89250
35.00000 67.00000 93105.93022
35.00000 68.00000 93127.43824
35.00000 69.00000 93157.28095
35.00000 70.00000 93196.97673
36.00000 25.00000 92064.31412
36.00000 26.00000 92084.95239
36.00000 27.00000 92105.89873
36.00000 28.00000 92131.69802
36.00000 29.00000 92154.71300
36.00000 30.00000 92159.10027
36.00000 31.00000 92168.09239
36.00000 32.00000 92180.46340
36.00000 33.00000 92195.95447
36.00000 34.00000 92202.52174
36.00000 35.00000 92216.26345
36.00000 36.00000 92240.56562
36.00000 37.00000 92262.31285
36.00000 38.00000 92280.95105
36.00000 39.00000 92298.39121
36.00000 40.00000 92319.52396
36.00000 41.00000 92331.52654
36.00000 42.00000 92354.06817
36.00000 43.00000 92380.08092
36.00000 44.00000 92409.61996
36.00000 45.00000 92441.52941
36.00000 46.00000 92471.42039
36.00000 47.00000 92492.34755
36.00000 48.00000 92511.18704
36.00000 49.00000 92532.67667
36.00000 50.00000 92552.91092
36.00000 51.00000 92583.37411
36.00000 52.00000 92618.23856
36.00000 53.00000 92648.10230
36.00000 54.00000 92678.44619
36.00000 55.00000 92712.40260
36.00000 56.00000 92761.98201
36.00000 57.00000 92804.47003
36.00000 58.00000 92842.65992
36.00000 59.00000 92885.15346
36.00000 60.00000 92927.00503
36.00000 61.00000 92965.35639
36.00000 62.00000 92998.46348
36.00000 63.00000 93021.51247
36.00000 64.00000 93046.16012
36.00000 65.00000 93069.66617
36.00000 66.00000 93088.18103
36.00000 67.00000 93104.68601
36.00000 68.00000 93127.06999
36.00000 69.00000 93157.09255
36.00000 70.00000 93196.04352
37.00000 25.00000 92031.59792
37.00000 26.00000 92052.80469
37.00000 27.00000 92074.19011
37.00000 28.00000 92099.54379
37.00000 29.00000 92120.60517
37.00000 30.00000 92122.89271
37.00000 31.00000 92130.41508
37.00000 32.00000 92140.81484
37.00000 33.00000 92155.93040
37.00000 34.00000 92165.78792
37.00000 35.00000 92181.71938
37.00000 36.00000 92208.45780
37.00000 37.00000 92230.99531
37.00000 38.00000 92244.21393
37.00000 39.00000 92261.57493
37.00000 40.00000 92289.62512
37.00000 41.00000 92305.16277
37.00000 42.00000 92327.01966
37.00000 43.00000 92352.01256
37.00000 44.00000 92382.04769
37.00000 45.00000 92414.08545
37.00000 46.00000 92443.89356
37.00000 47.00000 92464.94809
37.00000 48.00000 92483.91821
37.00000 49.00000 92505.63731
37.00000 50.00000 92526.06352
37.00000 51.00000 92557.11624
37.00000 52.00000 92593.78944
37.00000 53.00000 92627.25039
37.00000 54.00000 92660.27499
37.00000 55.00000 92696.17133
37.00000 56.00000 92747.59066
37.00000 57.00000 92790.83060
37.00000 58.00000 92828.19560
37.00000 59.00000 92871.55983
37.00000 60.00000 92914.35887
37.00000 61.00000 92952.92986
37.00000 62.00000 92986.20740
37.00000 63.00000 93010.14995
37.00000 64.00000 93035.23076
37.00000 65.00000 93059.58218
37.00000 66.00000 93079.12783
37.00000 67.00000 93095.10300
37.00000 68.00000 93116.89414
37.00000 69.00000 93146.08781
37.00000 70.00000 93183.57127
38.00000 25.00000 91996.52572
38.00000 26.00000 92017.92745
38.00000 27.00000 92039.94338
38.00000 28.00000 92064.93202
38.00000 29.00000 92084.68428
38.00000 30.00000 92086.18537
38.00000 31.00000 92093.57052
38.00000 32.00000 92103.04661
38.00000 33.00000 92117.35671
38.00000 34.00000 92128.12948
38.00000 35.00000 92145.55938
38.00000 36.00000 92170.18521
38.00000 37.00000 92191.37663
38.00000 38.00000 92202.89853
38.00000 39.00000 92218.69064
38.00000 40.00000 92248.28935
38.00000 41.00000 92269.84837
38.00000 42.00000 92296.34530
38.00000 43.00000 92321.94109
38.00000 44.00000 92350.96188
38.00000 45.00000 92382.72124
38.00000 46.00000 92413.97024
38.00000 47.00000 92436.46030
38.00000 48.00000 92456.52000
38.00000 49.00000 92479.55193
38.00000 50.00000 92501.04199
38.00000 51.00000 92533.02395
38.00000 52.00000 92569.13636
38.00000 53.00000 92604.42754
38.00000 54.00000 92639.78786
38.00000 55.00000 92677.01242
38.00000 56.00000 92729.14621
38.00000 57.00000 92773.22058
38.00000 58.00000 92810.40684
38.00000 59.00000 92853.66222
38.00000 60.00000 92896.61135
38.00000 61.00000 92935.68811
38.00000 62.00000 92970.02683
38.00000 63.00000 92995.52269
38.00000 64.00000 93021.74995
38.00000 65.00000 93047.75568
38.00000 66.00000 93068.86426
38.00000 67.00000 93084.06195
38.00000 68.00000 93104.51189
38.00000 69.00000 93132.49778
38.00000 70.00000 93168.33535
39.00000 25.00000 91963.42427
39.00000 26.00000 91985.20433
39.00000 27.00000 92008.03641
39.00000 28.00000 92033.08691
39.00000 29.00000 92052.65342
39.00000 30.00000 92054.82755
39.00000 31.00000 92063.24626
39.00000 32.00000 92072.35757
39.00000 33.00000 92086.16578
39.00000 34.00000 92097.02513
39.00000 35.00000 92114.51431
39.00000 36.00000 92137.03052
39.00000 37.00000 92156.27969
39.00000 38.00000 92170.70727
39.00000 39.00000 92185.05770
39.00000 40.00000 92212.57651
39.00000 41.00000 92234.40488
39.00000 42.00000 92264.64578
39.00000 43.00000 92292.88130
39.00000 44.00000 92321.79356
39.00000 45.00000 92354.11029
39.00000 46.00000 92387.13431
39.00000 47.00000 92410.89307
39.00000 48.00000 92432.22141
39.00000 49.00000 92456.78165
39.00000 50.00000 92479.78652
39.00000 51.00000 92513.47909
39.00000 52.00000 92549.15627
39.00000 53.00000 92585.08003
39.00000 54.00000 92621.72295
39.00000 55.00000 92659.40796
39.00000 56.00000 92711.63652
39.00000 57.00000 92756.40735
39.00000 58.00000 92793.79131
39.00000 59.00000 92836.36005
39.00000 60.00000 92878.73647
39.00000 61.00000 92918.53507
39.00000 62.00000 92954.45280
39.00000 63.00000 92981.78679
39.00000 64.00000 93009.54487
39.00000 65.00000 93037.30063
39.00000 66.00000 93060.03247
39.00000 67.00000 93075.10278
39.00000 68.00000 93095.02974
39.00000 69.00000 93122.86988
39.00000 70.00000 93158.88987
40.00000 25.00000 91951.81609
40.00000 26.00000 91975.31111
40.00000 27.00000 91999.35634
40.00000 28.00000 92025.54664
40.00000 29.00000 92045.75307
40.00000 30.00000 92048.64255
40.00000 31.00000 92057.60288
40.00000 32.00000 92064.93689
40.00000 33.00000 92076.76473
40.00000 34.00000 92086.51238
40.00000 35.00000 92103.46406
40.00000 36.00000 92125.00379
40.00000 37.00000 92141.54805
40.00000 38.00000 92150.21349
40.00000 39.00000 92163.07558
40.00000 40.00000 92194.26709
40.00000 41.00000 92223.55992
40.00000 42.00000 92254.34278
40.00000 43.00000 92283.13821
40.00000 44.00000 92314.11981
40.00000 45.00000 92345.01586
40.00000 46.00000 92375.31627
40.00000 47.00000 92397.73865
40.00000 48.00000 92419.79788
40.00000 49.00000 92444.85879
40.00000 50.00000 92468.19474
40.00000 51.00000 92502.29772
40.00000 52.00000 92537.12426
40.00000 53.00000 92571.42637
40.00000 54.00000 92606.94722
40.00000 55.00000 92643.60364
40.00000 56.00000 92696.42295
40.00000 57.00000 92742.81112
40.00000 58.00000 92780.35677
40.00000 59.00000 92822.70517
40.00000 60.00000 92866.47649
40.00000 61.00000 92908.83461
40.00000 62.00000 92947.04340
40.00000 63.00000 92975.54386
40.00000 64.00000 93004.10541
40.00000 65.00000 93032.31748
40.00000 66.00000 93055.36454
40.00000 67.00000 93071.23898
40.00000 68.00000 93092.49731
40.00000 69.00000 93121.85014
40.00000 70.00000 93159.28232
41.00000 25.00000 91967.16104
41.00000 26.00000 91992.09404
41.00000 27.00000 92017.55095
41.00000 28.00000 92044.84526
41.00000 29.00000 92065.71195
41.00000 30.00000 92068.68925
41.00000 31.00000 92077.26898
41.00000 32.00000 92082.37084
41.00000 33.00000 92091.26095
41.00000 34.00000 92098.48599
41.00000 35.00000 92113.92093
41.00000 36.00000 92132.27046
41.00000 37.00000 92145.94449
41.00000 38.00000 92152.32222
41.00000 39.00000 92163.21439
41.00000 40.00000 92194.07385
41.00000 41.00000 92227.21624
41.00000 42.00000 92261.54307
41.00000 43.00000 92292.33879
41.00000 44.00000 92325.21553
41.00000 45.00000 92356.17966
41.00000 46.00000 92384.03773
41.00000 47.00000 92404.94340
41.00000 48.00000 92426.23562
41.00000 49.00000 92450.43929
41.00000 50.00000 92473.52967
41.00000 51.00000 92507.85957
41.00000 52.00000 92541.32723
41.00000 53.00000 92572.84561
41.00000 54.00000 92605.70272
41.00000 55.00000 92639.93908
41.00000 56.00000 92691.85683
41.00000 57.00000 92739.24134
41.00000 58.00000 92777.65094
41.00000 59.00000 92820.13635
41.00000 60.00000 92866.16779
41.00000 61.00000 92911.53865
41.00000 62.00000 92952.21617
41.00000 63.00000 92982.12253
41.00000 64.00000 93011.76990
41.00000 65.00000 93040.37706
41.00000 66.00000 93063.60352
41.00000 67.00000 93081.22367
41.00000 68.00000 93104.24501
41.00000 69.00000 93135.28373
41.00000 70.00000 93174.77559
42.00000 25.00000 91972.97175
42.00000 26.00000 91998.86845
42.00000 27.00000 92026.53495
42.00000 28.00000 92055.25999
42.00000 29.00000 92078.07525
42.00000 30.00000 92081.77732
42.00000 31.00000 92090.48042
42.00000 32.00000 92094.26087
42.00000 33.00000 92100.75069
42.00000 34.00000 92105.25921
42.00000 35.00000 92118.96852
42.00000 36.00000 92134.68313
42.00000 37.00000 92147.39365
42.00000 38.00000 92157.17847
42.00000 39.00000 92168.84717
42.00000 40.00000 92193.93030
42.00000 41.00000 92223.39725
42.00000 42.00000 92260.93648
42.00000 43.00000 92295.56779
42.00000 44.00000 92330.84440
42.00000 45.00000 92365.56089
42.00000 46.00000 92394.69297
42.00000 47.00000 92415.25882
42.00000 48.00000 92435.38778
42.00000 49.00000 92458.09482
42.00000 50.00000 92480.86197
42.00000 51.00000 92515.06647
42.00000 52.00000 92547.57271
42.00000 53.00000 92576.44701
42.00000 54.00000 92605.75675
42.00000 55.00000 92636.81626
42.00000 56.00000 92685.94401
42.00000 57.00000 92733.22672
42.00000 58.00000 92773.46747
42.00000 59.00000 92816.50901
42.00000 60.00000 92865.02973
42.00000 61.00000 92913.39604
42.00000 62.00000 92956.28927
42.00000 63.00000 92987.51468
42.00000 64.00000 93018.42329
42.00000 65.00000 93047.60323
42.00000 66.00000 93071.07758
42.00000 67.00000 93091.17375
42.00000 68.00000 93117.12736
42.00000 69.00000 93151.51591
42.00000 70.00000 93195.58650
43.00000 25.00000 91967.69618
43.00000 26.00000 91993.44485
43.00000 27.00000 92022.84531
43.00000 28.00000 92052.49643
43.00000 29.00000 92077.25945
43.00000 30.00000 92082.09274
43.00000 31.00000 92091.49352
43.00000 32.00000 92094.64924
43.00000 33.00000 92099.84362
43.00000 34.00000 92102.56196
43.00000 35.00000 92114.77388
43.00000 36.00000 92128.98600
43.00000 37.00000 92141.02989
43.00000 38.00000 92152.46077
43.00000 39.00000 92165.54921
43.00000 40.00000 92186.77218
43.00000 41.00000 92212.27006
43.00000 42.00000 92249.51255
43.00000 43.00000 92287.15005
43.00000 44.00000 92323.18439
43.00000 45.00000 92361.32063
43.00000 46.00000 92394.29322
43.00000 47.00000 92415.93495
43.00000 48.00000 92435.23828
43.00000 49.00000 92456.79647
43.00000 50.00000 92479.18190
43.00000 51.00000 92512.36703
43.00000 52.00000 92543.58386
43.00000 53.00000 92570.81744
43.00000 54.00000 92597.99731
43.00000 55.00000 92626.76998
43.00000 56.00000 92672.00695
43.00000 57.00000 92717.15795
43.00000 58.00000 92758.03479
43.00000 59.00000 92802.07349
43.00000 60.00000 92853.48660
43.00000 61.00000 92905.29511
43.00000 62.00000 92950.56479
43.00000 63.00000 92982.12341
43.00000 64.00000 93013.45562
43.00000 65.00000 93043.49109
43.00000 66.00000 93068.06939
43.00000 67.00000 93090.55121
43.00000 68.00000 93119.79696
43.00000 69.00000 93158.33102
43.00000 70.00000 93207.69774
44.00000 25.00000 91941.29150
44.00000 26.00000 91966.34104
44.00000 27.00000 91996.16939
44.00000 28.00000 92026.65925
44.00000 29.00000 92052.74883
44.00000 30.00000 92058.29292
44.00000 31.00000 92067.88760
44.00000 32.00000 92070.86076
44.00000 33.00000 92076.64250
44.00000 34.00000 92080.76332
44.00000 35.00000 92094.60541
44.00000 36.00000 92110.47781
44.00000 37.00000 92123.33172
44.00000 38.00000 92135.14005
44.00000 39.00000 92149.81111
44.00000 40.00000 92174.69736
44.00000 41.00000 92201.40683
44.00000 42.00000 92238.18715
44.00000 43.00000 92274.86938
44.00000 44.00000 92312.78790
44.00000 45.00000 92348.99174
44.00000 46.00000 92379.94168
44.00000 47.00000 92401.02374
44.00000 48.00000 92421.54754
44.00000 49.00000 92443.82640
44.00000 50.00000 92466.35206
44.00000 51.00000 92497.96434
44.00000 52.00000 92527.28021
44.00000 53.00000 92553.53143
44.00000 54.00000 92579.54247
44.00000 55.00000 92608.13536
44.00000 56.00000 92651.83110
44.00000 57.00000 92696.86405
44.00000 58.00000 92738.25140
44.00000 59.00000 92782.41080
44.00000 60.00000 92834.46737
44.00000 61.00000 92888.06793
44.00000 62.00000 92936.07782
44.00000 63.00000 92968.62804
44.00000 64.00000 93001.56100
44.00000 65.00000 93035.41777
44.00000 66.00000 93063.57761
44.00000 67.00000 93088.52450
44.00000 68.00000 93120.28730
44.00000 69.00000 93161.50909
44.00000 70.00000 93214.96949
45.00000 25.00000 91913.31770
45.00000 26.00000 91936.97700
45.00000 27.00000 91966.37415
45.00000 28.00000 91996.59596
45.00000 29.00000 92023.07574
45.00000 30.00000 92029.53444
45.00000 31.00000 92039.68446
45.00000 32.00000 92043.34880
45.00000 33.00000 92050.57130
45.00000 34.00000 92056.97688
45.00000 35.00000 92073.16688
45.00000 36.00000 92092.18817
45.00000 37.00000 92107.25972
45.00000 38.00000 92120.38724
45.00000 39.00000 92136.82588
45.00000 40.00000 92164.66927
45.00000 41.00000 92192.62143
45.00000 42.00000 92229.79102
45.00000 43.00000 92265.73300
45.00000 44.00000 92302.87421
45.00000 45.00000 92336.92317
45.00000 46.00000 92364.41466
45.00000 47.00000 92384.83243
45.00000 48.00000 92406.63781
45.00000 49.00000 92430.95618
45.00000 50.00000 92454.28763
45.00000 51.00000 92484.63622
45.00000 52.00000 92512.09855
45.00000 53.00000 92537.58182
45.00000 54.00000 92563.01923
45.00000 55.00000 92592.82103
45.00000 56.00000 92636.45721
45.00000 57.00000 92681.50113
45.00000 58.00000 92724.08963
45.00000 59.00000 92768.81916
45.00000 60.00000 92819.86587
45.00000 61.00000 92872.67907
45.00000 62.00000 92921.57847
45.00000 63.00000 92955.53520
45.00000 64.00000 92991.03650
45.00000 65.00000 93029.52322
45.00000 66.00000 93062.06489
45.00000 67.00000 93089.74401
45.00000 68.00000 93123.38510
45.00000 69.00000 93166.29404
45.00000 70.00000 93222.33245
46.00000 25.00000 91889.39481
46.00000 26.00000 91911.21479
46.00000 27.00000 91939.23087
46.00000 28.00000 91967.94568
46.00000 29.00000 91993.63751
46.00000 30.00000 92000.88147
46.00000 31.00000 92012.08524
46.00000 32.00000 92017.70508
46.00000 33.00000 92027.16498
46.00000 34.00000 92035.95688
46.00000 35.00000 92054.24703
46.00000 36.00000 92076.92804
46.00000 37.00000 92095.81973
46.00000 38.00000 92112.49331
46.00000 39.00000 92131.24593
46.00000 40.00000 92159.49727
46.00000 41.00000 92186.08860
46.00000 42.00000 92222.47061
46.00000 43.00000 92258.37885
46.00000 44.00000 92292.91796
46.00000 45.00000 92326.26372
46.00000 46.00000 92352.67947
46.00000 47.00000 92371.84491
46.00000 48.00000 92392.92616
46.00000 49.00000 92418.82795
46.00000 50.00000 92443.89671
46.00000 51.00000 92473.94660
46.00000 52.00000 92500.19245
46.00000 53.00000 92525.20301
46.00000 54.00000 92550.14834
46.00000 55.00000 92581.38033
46.00000 56.00000 92625.96478
46.00000 57.00000 92671.66639
46.00000 58.00000 92716.18312
46.00000 59.00000 92762.21302
46.00000 60.00000 92812.48750
46.00000 61.00000 92863.74245
46.00000 62.00000 92911.22848
46.00000 63.00000 92946.13419
46.00000 64.00000 92984.05381
46.00000 65.00000 93026.53328
46.00000 66.00000 93063.76188
46.00000 67.00000 93094.48011
46.00000 68.00000 93129.95945
46.00000 69.00000 93174.24717
46.00000 70.00000 93230.70803
47.00000 25.00000 91881.09277
47.00000 26.00000 91902.10177
47.00000 27.00000 91928.47518
47.00000 28.00000 91953.94580
47.00000 29.00000 91976.98803
47.00000 30.00000 91983.77605
47.00000 31.00000 91995.94434
47.00000 32.00000 92003.47036
47.00000 33.00000 92015.21014
47.00000 34.00000 92026.21113
47.00000 35.00000 92046.12875
47.00000 36.00000 92071.10825
47.00000 37.00000 92093.58844
47.00000 38.00000 92114.71193
47.00000 39.00000 92136.54255
47.00000 40.00000 92164.91173
47.00000 41.00000 92190.45952
47.00000 42.00000 92225.32634
47.00000 43.00000 92260.17732
47.00000 44.00000 92293.72067
47.00000 45.00000 92327.80671
47.00000 46.00000 92357.33888
47.00000 47.00000 92376.71885
47.00000 48.00000 92393.81043
47.00000 49.00000 92416.13855
47.00000 50.00000 92440.16438
47.00000 51.00000 92470.18161
47.00000 52.00000 92496.75231
47.00000 53.00000 92522.37848
47.00000 54.00000 92547.80079
47.00000 55.00000 92580.66196
47.00000 56.00000 92626.52578
47.00000 57.00000 92672.82371
47.00000 58.00000 92719.01503
47.00000 59.00000 92767.04325
47.00000 60.00000 92817.73604
47.00000 61.00000 92868.13691
47.00000 62.00000 92914.05387
47.00000 63.00000 92948.68194
47.00000 64.00000 92987.23993
47.00000 65.00000 93031.10270
47.00000 66.00000 93070.80261
47.00000 67.00000 93102.85567
47.00000 68.00000 93139.12948
47.00000 69.00000 93183.88884
47.00000 70.00000 93239.35496
48.00000 25.00000 91895.05965
48.00000 26.00000 91915.87881
48.00000 27.00000 91941.13768
48.00000 28.00000 91963.27313
48.00000 29.00000 91983.64491
48.00000 30.00000 91990.05307
48.00000 31.00000 92002.95112
48.00000 32.00000 92012.11873
48.00000 33.00000 92026.11649
48.00000 34.00000 92039.56267
48.00000 35.00000 92060.83401
48.00000 36.00000 92085.23769
48.00000 37.00000 92108.11330
48.00000 38.00000 92131.12436
48.00000 39.00000 92154.73414
48.00000 40.00000 92183.94418
48.00000 41.00000 92210.26869
48.00000 42.00000 92244.88447
48.00000 43.00000 92279.22859
48.00000 44.00000 92312.38816
48.00000 45.00000 92347.25226
48.00000 46.00000 92377.13744
48.00000 47.00000 92396.20234
48.00000 48.00000 92412.15936
48.00000 49.00000 92433.33742
48.00000 50.00000 92454.40577
48.00000 51.00000 92482.58737
48.00000 52.00000 92510.42645
48.00000 53.00000 92536.89377
48.00000 54.00000 92563.29205
48.00000 55.00000 92597.95196
48.00000 56.00000 92644.90094
48.00000 57.00000 92691.05683
48.00000 58.00000 92738.28488
48.00000 59.00000 92788.05818
48.00000 60.00000 92840.39202
48.00000 61.00000 92891.76668
48.00000 62.00000 92937.57579
48.00000 63.00000 92972.95637
48.00000 64.00000 93012.18879
48.00000 65.00000 93054.78330
48.00000 66.00000 93093.59386
48.00000 67.00000 93123.53017
48.00000 68.00000 93158.06560
48.00000 69.00000 93201.74562
48.00000 70.00000 93255.40278
49.00000 25.00000 91913.30102
49.00000 26.00000 91933.18552
49.00000 27.00000 91956.91743
49.00000 28.00000 91975.63489
49.00000 29.00000 91993.01542
49.00000 30.00000 91999.21674
49.00000 31.00000 92013.75893
49.00000 32.00000 92026.48153
49.00000 33.00000 92044.59384
49.00000 34.00000 92061.51766
49.00000 35.00000 92084.58307
49.00000 36.00000 92108.53535
49.00000 37.00000 92131.19486
49.00000 38.00000 92155.26074
49.00000 39.00000 92179.99017
49.00000 40.00000 92209.46497
49.00000 41.00000 92235.57159
49.00000 42.00000 92269.66855
49.00000 43.00000 92303.63082
49.00000 44.00000 92334.67484
49.00000 45.00000 92369.25315
49.00000 46.00000 92401.53073
49.00000 47.00000 92421.81974
49.00000 48.00000 92439.89192
49.00000 49.00000 92458.87933
49.00000 50.00000 92475.96391
49.00000 51.00000 92500.73399
49.00000 52.00000 92530.32214
49.00000 53.00000 92558.70645
49.00000 54.00000 92586.97987
49.00000 55.00000 92623.68060
49.00000 56.00000 92671.69330
49.00000 57.00000 92716.90535
49.00000 58.00000 92763.90206
49.00000 59.00000 92815.01147
49.00000 60.00000 92868.44257
49.00000 61.00000 92920.60283
49.00000 62.00000 92966.67187
49.00000 63.00000 93003.67147
49.00000 64.00000 93044.90201
49.00000 65.00000 93087.06253
49.00000 66.00000 93124.18390
49.00000 67.00000 93150.88408
49.00000 68.00000 93181.79132
49.00000 69.00000 93222.77827
49.00000 70.00000 93273.63381
50.00000 25.00000 91927.94545
50.00000 26.00000 91945.02422
50.00000 27.00000 91966.42100
50.00000 28.00000 91982.90340
50.00000 29.00000 91998.78748
50.00000 30.00000 92005.97643
50.00000 31.00000 92023.15425
50.00000 32.00000 92040.59703
50.00000 33.00000 92063.56580
50.00000 34.00000 92084.35345
50.00000 35.00000 92109.66196
50.00000 36.00000 92134.04956
50.00000 37.00000 92156.49473
50.00000 38.00000 92180.41313
50.00000 39.00000 92204.94751
50.00000 40.00000 92233.90325
50.00000 41.00000 92259.04202
50.00000 42.00000 92292.70239
50.00000 43.00000 92326.52376
50.00000 44.00000 92355.06654
50.00000 45.00000 92387.68193
50.00000 46.00000 92420.39548
50.00000 47.00000 92442.75333
50.00000 48.00000 92462.43073
50.00000 49.00000 92482.66840
50.00000 50.00000 92499.07322
50.00000 51.00000 92518.00411
50.00000 52.00000 92547.28753
50.00000 53.00000 92578.72532
50.00000 54.00000 92610.30313
50.00000 55.00000 92648.78516
50.00000 56.00000 92697.93362
50.00000 57.00000 92741.84476
50.00000 58.00000 92786.96809
50.00000 59.00000 92838.48431
50.00000 60.00000 92892.24075
50.00000 61.00000 92945.08522
50.00000 62.00000 92992.58944
50.00000 63.00000 93031.64857
50.00000 64.00000 93075.23526
50.00000 65.00000 93118.43033
50.00000 66.00000 93154.72459
50.00000 67.00000 93178.28831
50.00000 68.00000 93204.33848
50.00000 69.00000 93241.17153
50.00000 70.00000 93287.91570
51.00000 25.00000 91947.45269
51.00000 26.00000 91963.21515
51.00000 27.00000 91982.74037
51.00000 28.00000 91997.87613
51.00000 29.00000 92013.66235
51.00000 30.00000 92022.46008
51.00000 31.00000 92042.12468
51.00000 32.00000 92062.37207
51.00000 33.00000 92088.17608
51.00000 34.00000 92110.81675
51.00000 35.00000 92136.76009
51.00000 36.00000 92161.99408
51.00000 37.00000 92185.35144
51.00000 38.00000 92209.69902
51.00000 39.00000 92234.00928
51.00000 40.00000 92261.48841
51.00000 41.00000 92284.86580
51.00000 42.00000 92317.04860
51.00000 43.00000 92350.06850
51.00000 44.00000 92377.50575
51.00000 45.00000 92409.68212
51.00000 46.00000 92442.44135
51.00000 47.00000 92464.52304
51.00000 48.00000 92483.45551
51.00000 49.00000 92502.97404
51.00000 50.00000 92519.92956
51.00000 51.00000 92548.98736
51.00000 52.00000 92575.53003
51.00000 53.00000 92606.39310
51.00000 54.00000 92639.23392
51.00000 55.00000 92677.53065
51.00000 56.00000 92727.00882
51.00000 57.00000 92770.13237
51.00000 58.00000 92813.42722
51.00000 59.00000 92864.74590
51.00000 60.00000 92918.14117
51.00000 61.00000 92971.43110
51.00000 62.00000 93020.47901
51.00000 63.00000 93059.97045
51.00000 64.00000 93103.69018
51.00000 65.00000 93146.71012
51.00000 66.00000 93183.09273
51.00000 67.00000 93206.58381
51.00000 68.00000 93230.02221
51.00000 69.00000 93263.52529
51.00000 70.00000 93306.83004
52.00000 25.00000 91971.62022
52.00000 26.00000 91988.14523
52.00000 27.00000 92007.07863
52.00000 28.00000 92022.78933
52.00000 29.00000 92039.21088
52.00000 30.00000 92048.94531
52.00000 31.00000 92069.87803
52.00000 32.00000 92089.63138
52.00000 33.00000 92114.97094
52.00000 34.00000 92137.46750
52.00000 35.00000 92163.23325
52.00000 36.00000 92190.69026
52.00000 37.00000 92215.71284
52.00000 38.00000 92239.85607
52.00000 39.00000 92263.16998
52.00000 40.00000 92289.83951
52.00000 41.00000 92312.07921
52.00000 42.00000 92342.46141
52.00000 43.00000 92373.71702
52.00000 44.00000 92401.06503
52.00000 45.00000 92433.37409
52.00000 46.00000 92465.82234
52.00000 47.00000 92486.76438
52.00000 48.00000 92504.18536
52.00000 49.00000 92523.30029
52.00000 50.00000 92538.15357
52.00000 51.00000 92569.62827
52.00000 52.00000 92602.81477
52.00000 53.00000 92634.17060
52.00000 54.00000 92665.84189
52.00000 55.00000 92703.26209
52.00000 56.00000 92752.82265
52.00000 57.00000 92795.37867
52.00000 58.00000 92837.09466
52.00000 59.00000 92888.22315
52.00000 60.00000 92941.61895
52.00000 61.00000 92995.10010
52.00000 62.00000 93045.10338
52.00000 63.00000 93083.69955
52.00000 64.00000 93125.45992
52.00000 65.00000 93167.01276
52.00000 66.00000 93202.84909
52.00000 67.00000 93227.73431
52.00000 68.00000 93251.45133
52.00000 69.00000 93282.76396
52.00000 70.00000 93322.57550
53.00000 25.00000 91991.25702
53.00000 26.00000 92009.19314
53.00000 27.00000 92028.74027
53.00000 28.00000 92046.14951
53.00000 29.00000 92063.19446
53.00000 30.00000 92072.91466
53.00000 31.00000 92094.29280
53.00000 32.00000 92112.44979
53.00000 33.00000 92135.42920
53.00000 34.00000 92156.66586
53.00000 35.00000 92182.33666
53.00000 36.00000 92211.35994
53.00000 37.00000 92238.82668
53.00000 38.00000 92263.92560
53.00000 39.00000 92287.35491
53.00000 40.00000 92313.95885
53.00000 41.00000 92335.90515
53.00000 42.00000 92365.02888
53.00000 43.00000 92394.95539
53.00000 44.00000 92422.53880
53.00000 45.00000 92454.53977
53.00000 46.00000 92485.93163
53.00000 47.00000 92505.45515
53.00000 48.00000 92521.50024
53.00000 49.00000 92540.40123
53.00000 50.00000 92556.12521
53.00000 51.00000 92586.29788
53.00000 52.00000 92622.09681
53.00000 53.00000 92656.26556
53.00000 54.00000 92686.04727
53.00000 55.00000 92721.58269
53.00000 56.00000 92772.21156
53.00000 57.00000 92815.97264
53.00000 58.00000 92856.33421
53.00000 59.00000 92906.86535
53.00000 60.00000 92959.85454
53.00000 61.00000 93012.67066
53.00000 62.00000 93062.96899
53.00000 63.00000 93100.77821
53.00000 64.00000 93140.44737
53.00000 65.00000 93180.44811
53.00000 66.00000 93215.67604
53.00000 67.00000 93241.28443
53.00000 68.00000 93266.97115
53.00000 69.00000 93298.98617
53.00000 70.00000 93337.18967
54.00000 25.00000 91987.07839
54.00000 26.00000 92005.45836
54.00000 27.00000 92026.30440
54.00000 28.00000 92046.45031
54.00000 29.00000 92064.86402
54.00000 30.00000 92074.67392
54.00000 31.00000 92096.20851
54.00000 32.00000 92112.98904
54.00000 33.00000 92133.80074
54.00000 34.00000 92154.19474
54.00000 35.00000 92180.42909
54.00000 36.00000 92208.69125
54.00000 37.00000 92236.79500
54.00000 38.00000 92263.44741
54.00000 39.00000 92287.90334
54.00000 40.00000 92315.85255
54.00000 41.00000 92338.53589
54.00000 42.00000 92366.79719
54.00000 43.00000 92395.44680
54.00000 44.00000 92422.70125
54.00000 45.00000 92453.92174
54.00000 46.00000 92484.25744
54.00000 47.00000 92502.90000
54.00000 48.00000 92518.45834
54.00000 49.00000 92537.44224
54.00000 50.00000 92555.33949
54.00000 51.00000 92586.23702
54.00000 52.00000 92620.88263
54.00000 53.00000 92653.24265
54.00000 54.00000 92683.78162
54.00000 55.00000 92717.05957
54.00000 56.00000 92768.54951
54.00000 57.00000 92815.83283
54.00000 58.00000 92857.14068
54.00000 59.00000 92907.27523
54.00000 60.00000 92959.94999
54.00000 61.00000 93011.97061
54.00000 62.00000 93062.13528
54.00000 63.00000 93099.68861
54.00000 64.00000 93137.92081
54.00000 65.00000 93176.57105
54.00000 66.00000 93210.46510
54.00000 67.00000 93236.01862
54.00000 68.00000 93263.69328
54.00000 69.00000 93297.82021
54.00000 70.00000 93336.35317
55.00000 25.00000 91983.09285
55.00000 26.00000 92002.66552
55.00000 27.00000 92024.96852
55.00000 28.00000 92045.31971
55.00000 29.00000 92063.16451
55.00000 30.00000 92072.37639
55.00000 31.00000 92093.07643
55.00000 32.00000 92108.65736
55.00000 33.00000 92128.26786
55.00000 34.00000 92148.33405
55.00000 35.00000 92175.02862
55.00000 36.00000 92202.69593
55.00000 37.00000 92229.59765
55.00000 38.00000 92255.51178
55.00000 39.00000 92279.87753
55.00000 40.00000 92309.13215
55.00000 41.00000 92332.70851
55.00000 42.00000 92360.09958
55.00000 43.00000 92388.08335
55.00000 44.00000 92415.96882
55.00000 45.00000 92447.59381
55.00000 46.00000 92478.22384
55.00000 47.00000 92497.83799
55.00000 48.00000 92514.43440
55.00000 49.00000 92533.88091
55.00000 50.00000 92551.83849
55.00000 51.00000 92582.23562
55.00000 52.00000 92617.18193
55.00000 53.00000 92650.59338
55.00000 54.00000 92680.92045
55.00000 55.00000 92712.99801
55.00000 56.00000 92762.12908
55.00000 57.00000 92808.10965
55.00000 58.00000 92848.71879
55.00000 59.00000 92898.03877
55.00000 60.00000 92951.52170
55.00000 61.00000 93005.11090
55.00000 62.00000 93056.13760
55.00000 63.00000 93094.13467
55.00000 64.00000 93132.14290
55.00000 65.00000 93170.28945
55.00000 66.00000 93202.89181
55.00000 67.00000 93228.57036
55.00000 68.00000 93257.57538
55.00000 69.00000 93292.94853
55.00000 70.00000 93332.27887
