k1 k2 chisq 
11.00000 25.00000 270017.54143
11.00000 26.00000 270018.78370
11.00000 27.00000 270018.26904
11.00000 28.00000 270036.42482
11.00000 29.00000 270045.55524
11.00000 30.00000 270030.37162
11.00000 31.00000 270017.95757
11.00000 32.00000 270036.27894
11.00000 33.00000 270045.83341
11.00000 34.00000 270046.51680
11.00000 35.00000 270051.11624
11.00000 36.00000 270053.01092
11.00000 37.00000 270056.23088
11.00000 38.00000 270055.27429
11.00000 39.00000 270052.46694
11.00000 40.00000 270067.91671
11.00000 41.00000 270095.28898
11.00000 42.00000 270126.87463
11.00000 43.00000 270154.72396
11.00000 44.00000 270181.50780
11.00000 45.00000 270202.30084
11.00000 46.00000 270221.14595
11.00000 47.00000 270237.55123
11.00000 48.00000 270258.27690
11.00000 49.00000 270269.31297
11.00000 50.00000 270268.32727
11.00000 51.00000 270258.85368
11.00000 52.00000 270251.11862
11.00000 53.00000 270244.08139
11.00000 54.00000 270228.88083
11.00000 55.00000 270216.36868
11.00000 56.00000 270218.29135
11.00000 57.00000 270233.69987
11.00000 58.00000 270252.60455
11.00000 59.00000 270272.51618
11.00000 60.00000 270306.65536
11.00000 61.00000 270331.80628
11.00000 62.00000 270349.90917
11.00000 63.00000 270366.46927
11.00000 64.00000 270380.20975
11.00000 65.00000 270395.05077
11.00000 66.00000 270400.44669
11.00000 67.00000 270408.91801
11.00000 68.00000 270428.55822
11.00000 69.00000 270443.84989
11.00000 70.00000 270445.85319
12.00000 25.00000 270012.82619
12.00000 26.00000 270014.24523
12.00000 27.00000 270013.07808
12.00000 28.00000 270030.93807
12.00000 29.00000 270039.79959
12.00000 30.00000 270024.71116
12.00000 31.00000 270013.22983
12.00000 32.00000 270031.83252
12.00000 33.00000 270041.17199
12.00000 34.00000 270041.40091
12.00000 35.00000 270044.33285
12.00000 36.00000 270043.75383
12.00000 37.00000 270047.11587
12.00000 38.00000 270048.20903
12.00000 39.00000 270047.17626
12.00000 40.00000 270063.64775
12.00000 41.00000 270090.55291
12.00000 42.00000 270120.14450
12.00000 43.00000 270146.68554
12.00000 44.00000 270173.12374
12.00000 45.00000 270194.42922
12.00000 46.00000 270214.16926
12.00000 47.00000 270230.40703
12.00000 48.00000 270250.27902
12.00000 49.00000 270259.89698
12.00000 50.00000 270257.70654
12.00000 51.00000 270247.50051
12.00000 52.00000 270239.10302
12.00000 53.00000 270232.17669
12.00000 54.00000 270217.95617
12.00000 55.00000 270206.02671
12.00000 56.00000 270206.70810
12.00000 57.00000 270220.90393
12.00000 58.00000 270240.79898
12.00000 59.00000 270260.66864
12.00000 60.00000 270294.40052
12.00000 61.00000 270319.19337
12.00000 62.00000 270335.51339
12.00000 63.00000 270350.16765
12.00000 64.00000 270361.79577
12.00000 65.00000 270374.94756
12.00000 66.00000 270380.40704
12.00000 67.00000 270390.56985
12.00000 68.00000 270411.89290
12.00000 69.00000 270427.94707
12.00000 70.00000 270430.03868
13.00000 25.00000 270008.06092
13.00000 26.00000 270007.50483
13.00000 27.00000 270004.63217
13.00000 28.00000 270022.10098
13.00000 29.00000 270032.81972
13.00000 30.00000 270017.91569
13.00000 31.00000 270004.15879
13.00000 32.00000 270022.52604
13.00000 33.00000 270032.49525
13.00000 34.00000 270035.20096
13.00000 35.00000 270040.18449
13.00000 36.00000 270038.30552
13.00000 37.00000 270037.51291
13.00000 38.00000 270033.94630
13.00000 39.00000 270029.72508
13.00000 40.00000 270047.15861
13.00000 41.00000 270075.80106
13.00000 42.00000 270109.18232
13.00000 43.00000 270139.60524
13.00000 44.00000 270167.69900
13.00000 45.00000 270187.78307
13.00000 46.00000 270204.19827
13.00000 47.00000 270216.64756
13.00000 48.00000 270233.99960
13.00000 49.00000 270242.24653
13.00000 50.00000 270240.23031
13.00000 51.00000 270229.94229
13.00000 52.00000 270221.66979
13.00000 53.00000 270214.01097
13.00000 54.00000 270199.75167
13.00000 55.00000 270189.38550
13.00000 56.00000 270193.16448
13.00000 57.00000 270208.90947
13.00000 58.00000 270229.55564
13.00000 59.00000 270246.97794
13.00000 60.00000 270277.72662
13.00000 61.00000 270301.42866
13.00000 62.00000 270318.14260
13.00000 63.00000 270332.72019
13.00000 64.00000 270343.03392
13.00000 65.00000 270353.00638
13.00000 66.00000 270355.04650
13.00000 67.00000 270364.13275
13.00000 68.00000 270386.68432
13.00000 69.00000 270404.50893
13.00000 70.00000 270407.72826
14.00000 25.00000 270009.00854
14.00000 26.00000 270007.45994
14.00000 27.00000 270002.97305
14.00000 28.00000 270019.88618
14.00000 29.00000 270032.04534
14.00000 30.00000 270016.92306
14.00000 31.00000 270000.14443
14.00000 32.00000 270015.49079
14.00000 33.00000 270024.63715
14.00000 34.00000 270030.88588
14.00000 35.00000 270040.54277
14.00000 36.00000 270039.52178
14.00000 37.00000 270035.60053
14.00000 38.00000 270026.97332
14.00000 39.00000 270018.25888
14.00000 40.00000 270035.03053
14.00000 41.00000 270065.05787
14.00000 42.00000 270102.99179
14.00000 43.00000 270138.37469
14.00000 44.00000 270168.67634
14.00000 45.00000 270187.87176
14.00000 46.00000 270200.88490
14.00000 47.00000 270209.90651
14.00000 48.00000 270224.15704
14.00000 49.00000 270230.48594
14.00000 50.00000 270228.05507
14.00000 51.00000 270217.12903
14.00000 52.00000 270208.28737
14.00000 53.00000 270199.96047
14.00000 54.00000 270186.01803
14.00000 55.00000 270176.57132
14.00000 56.00000 270182.60890
14.00000 57.00000 270199.91145
14.00000 58.00000 270220.99495
14.00000 59.00000 270237.22786
14.00000 60.00000 270266.40157
14.00000 61.00000 270289.18249
14.00000 62.00000 270306.43710
14.00000 63.00000 270321.20244
14.00000 64.00000 270331.29218
14.00000 65.00000 270340.28264
14.00000 66.00000 270340.67966
14.00000 67.00000 270348.22820
14.00000 68.00000 270369.59341
14.00000 69.00000 270387.01293
14.00000 70.00000 270389.85438
15.00000 25.00000 269950.78922
15.00000 26.00000 269951.85988
15.00000 27.00000 269948.02514
15.00000 28.00000 269966.19889
15.00000 29.00000 269981.04038
15.00000 30.00000 269968.17431
15.00000 31.00000 269951.16480
15.00000 32.00000 269964.12856
15.00000 33.00000 269973.43126
15.00000 34.00000 269983.26076
15.00000 35.00000 269998.07904
15.00000 36.00000 269999.35918
15.00000 37.00000 269994.55443
15.00000 38.00000 269983.39634
15.00000 39.00000 269972.86330
15.00000 40.00000 269991.42530
15.00000 41.00000 270024.68111
15.00000 42.00000 270067.40554
15.00000 43.00000 270106.84632
15.00000 44.00000 270137.94654
15.00000 45.00000 270156.38250
15.00000 46.00000 270167.56229
15.00000 47.00000 270175.48823
15.00000 48.00000 270189.21270
15.00000 49.00000 270195.49159
15.00000 50.00000 270193.26538
15.00000 51.00000 270182.15857
15.00000 52.00000 270173.85183
15.00000 53.00000 270166.47374
15.00000 54.00000 270153.78500
15.00000 55.00000 270145.66408
15.00000 56.00000 270153.32688
15.00000 57.00000 270171.57461
15.00000 58.00000 270193.47091
15.00000 59.00000 270210.47030
15.00000 60.00000 270240.00350
15.00000 61.00000 270263.22530
15.00000 62.00000 270281.42831
15.00000 63.00000 270298.48006
15.00000 64.00000 270312.11877
15.00000 65.00000 270324.05665
15.00000 66.00000 270326.24981
15.00000 67.00000 270331.99370
15.00000 68.00000 270349.54030
15.00000 69.00000 270364.11506
15.00000 70.00000 270364.96159
16.00000 25.00000 269902.20000
16.00000 26.00000 269905.15896
16.00000 27.00000 269902.84981
16.00000 28.00000 269922.16794
16.00000 29.00000 269938.61649
16.00000 30.00000 269928.60274
16.00000 31.00000 269913.82922
16.00000 32.00000 269925.28868
16.00000 33.00000 269934.60680
16.00000 34.00000 269945.56148
16.00000 35.00000 269962.74904
16.00000 36.00000 269966.86281
16.00000 37.00000 269963.50453
16.00000 38.00000 269952.79342
16.00000 39.00000 269942.83795
16.00000 40.00000 269962.21844
16.00000 41.00000 269997.33957
16.00000 42.00000 270042.19539
16.00000 43.00000 270082.44891
16.00000 44.00000 270113.19817
16.00000 45.00000 270131.30991
16.00000 46.00000 270142.17468
16.00000 47.00000 270150.62256
16.00000 48.00000 270164.94460
16.00000 49.00000 270172.11379
16.00000 50.00000 270170.67520
16.00000 51.00000 270159.75854
16.00000 52.00000 270151.89852
16.00000 53.00000 270145.84978
16.00000 54.00000 270134.77414
16.00000 55.00000 270127.27064
16.00000 56.00000 270135.01649
16.00000 57.00000 270153.04458
16.00000 58.00000 270174.94991
16.00000 59.00000 270193.28351
16.00000 60.00000 270224.82539
16.00000 61.00000 270249.65530
16.00000 62.00000 270268.92998
16.00000 63.00000 270286.78707
16.00000 64.00000 270302.52274
16.00000 65.00000 270317.15052
16.00000 66.00000 270321.40024
16.00000 67.00000 270326.34187
16.00000 68.00000 270341.39872
16.00000 69.00000 270354.10057
16.00000 70.00000 270353.60899
17.00000 25.00000 269881.55544
17.00000 26.00000 269882.15063
17.00000 27.00000 269880.57083
17.00000 28.00000 269899.61969
17.00000 29.00000 269913.65306
17.00000 30.00000 269904.05336
17.00000 31.00000 269891.97904
17.00000 32.00000 269905.50114
17.00000 33.00000 269916.39323
17.00000 34.00000 269925.73836
17.00000 35.00000 269941.03020
17.00000 36.00000 269945.48409
17.00000 37.00000 269944.22744
17.00000 38.00000 269937.09256
17.00000 39.00000 269931.38658
17.00000 40.00000 269952.22415
17.00000 41.00000 269987.13851
17.00000 42.00000 270029.92869
17.00000 43.00000 270066.59717
17.00000 44.00000 270094.80929
17.00000 45.00000 270112.63347
17.00000 46.00000 270125.50283
17.00000 47.00000 270136.43711
17.00000 48.00000 270152.06207
17.00000 49.00000 270159.49631
17.00000 50.00000 270157.03143
17.00000 51.00000 270146.28579
17.00000 52.00000 270139.47719
17.00000 53.00000 270135.05979
17.00000 54.00000 270125.47150
17.00000 55.00000 270118.23744
17.00000 56.00000 270124.32771
17.00000 57.00000 270139.99407
17.00000 58.00000 270159.31564
17.00000 59.00000 270178.59436
17.00000 60.00000 270213.10776
17.00000 61.00000 270240.89580
17.00000 62.00000 270263.13774
17.00000 63.00000 270281.93733
17.00000 64.00000 270298.03911
17.00000 65.00000 270313.21189
17.00000 66.00000 270317.04565
17.00000 67.00000 270322.34404
17.00000 68.00000 270336.80461
17.00000 69.00000 270348.78944
17.00000 70.00000 270349.12470
18.00000 25.00000 269854.16594
18.00000 26.00000 269851.74574
18.00000 27.00000 269850.79519
18.00000 28.00000 269869.63023
18.00000 29.00000 269880.96464
18.00000 30.00000 269871.78200
18.00000 31.00000 269863.27637
18.00000 32.00000 269878.58666
18.00000 33.00000 269890.28773
18.00000 34.00000 269897.70403
18.00000 35.00000 269910.38433
18.00000 36.00000 269914.77043
18.00000 37.00000 269916.80410
18.00000 38.00000 269915.23490
18.00000 39.00000 269914.73817
18.00000 40.00000 269937.42619
18.00000 41.00000 269972.18288
18.00000 42.00000 270012.26719
18.00000 43.00000 270045.06802
18.00000 44.00000 270070.12417
18.00000 45.00000 270087.67473
18.00000 46.00000 270103.34318
18.00000 47.00000 270117.74470
18.00000 48.00000 270134.97422
18.00000 49.00000 270142.73740
18.00000 50.00000 270138.71130
18.00000 51.00000 270127.91207
18.00000 52.00000 270121.63325
18.00000 53.00000 270118.85278
18.00000 54.00000 270110.52334
18.00000 55.00000 270102.69550
18.00000 56.00000 270106.54613
18.00000 57.00000 270119.76634
18.00000 58.00000 270136.84290
18.00000 59.00000 270157.81127
18.00000 60.00000 270195.41803
18.00000 61.00000 270226.51724
18.00000 62.00000 270251.96502
18.00000 63.00000 270271.92533
18.00000 64.00000 270288.83550
18.00000 65.00000 270305.19855
18.00000 66.00000 270308.99180
18.00000 67.00000 270314.09334
18.00000 68.00000 270327.44316
18.00000 69.00000 270338.77128
18.00000 70.00000 270340.36307
19.00000 25.00000 269813.36403
19.00000 26.00000 269811.95289
19.00000 27.00000 269812.28228
19.00000 28.00000 269831.17085
19.00000 29.00000 269840.67282
19.00000 30.00000 269831.79054
19.00000 31.00000 269826.19297
19.00000 32.00000 269841.35726
19.00000 33.00000 269851.50602
19.00000 34.00000 269857.02928
19.00000 35.00000 269868.77598
19.00000 36.00000 269875.40068
19.00000 37.00000 269883.31207
19.00000 38.00000 269888.88262
19.00000 39.00000 269893.05047
19.00000 40.00000 269915.96609
19.00000 41.00000 269949.71514
19.00000 42.00000 269987.33281
19.00000 43.00000 270017.66003
19.00000 44.00000 270040.76781
19.00000 45.00000 270058.90083
19.00000 46.00000 270077.17514
19.00000 47.00000 270094.67234
19.00000 48.00000 270112.81279
19.00000 49.00000 270120.92027
19.00000 50.00000 270116.60131
19.00000 51.00000 270106.43099
19.00000 52.00000 270100.31410
19.00000 53.00000 270098.74466
19.00000 54.00000 270090.71792
19.00000 55.00000 270080.88709
19.00000 56.00000 270082.01447
19.00000 57.00000 270093.40497
19.00000 58.00000 270110.21562
19.00000 59.00000 270133.95458
19.00000 60.00000 270174.50181
19.00000 61.00000 270208.46736
19.00000 62.00000 270236.22767
19.00000 63.00000 270257.05769
19.00000 64.00000 270274.74484
19.00000 65.00000 270292.47917
19.00000 66.00000 270297.20410
19.00000 67.00000 270301.85589
19.00000 68.00000 270313.99698
19.00000 69.00000 270325.27711
19.00000 70.00000 270328.60306
20.00000 25.00000 269796.39162
20.00000 26.00000 269797.90610
20.00000 27.00000 269800.17671
20.00000 28.00000 269820.02431
20.00000 29.00000 269828.51296
20.00000 30.00000 269819.03320
20.00000 31.00000 269813.93642
20.00000 32.00000 269829.62376
20.00000 33.00000 269839.21457
20.00000 34.00000 269844.17830
20.00000 35.00000 269856.37247
20.00000 36.00000 269862.68340
20.00000 37.00000 269872.94779
20.00000 38.00000 269882.59644
20.00000 39.00000 269889.44258
20.00000 40.00000 269912.91916
20.00000 41.00000 269945.75931
20.00000 42.00000 269981.75509
20.00000 43.00000 270011.03386
20.00000 44.00000 270033.62654
20.00000 45.00000 270052.61983
20.00000 46.00000 270072.49394
20.00000 47.00000 270091.20502
20.00000 48.00000 270110.04892
20.00000 49.00000 270118.63426
20.00000 50.00000 270115.24339
20.00000 51.00000 270105.50690
20.00000 52.00000 270098.09690
20.00000 53.00000 270095.31922
20.00000 54.00000 270086.29259
20.00000 55.00000 270074.66290
20.00000 56.00000 270074.05711
20.00000 57.00000 270084.49332
20.00000 58.00000 270102.69771
20.00000 59.00000 270127.71081
20.00000 60.00000 270169.52724
20.00000 61.00000 270204.76028
20.00000 62.00000 270233.86882
20.00000 63.00000 270255.29950
20.00000 64.00000 270273.81326
20.00000 65.00000 270292.54190
20.00000 66.00000 270298.62968
20.00000 67.00000 270302.52868
20.00000 68.00000 270312.20082
20.00000 69.00000 270321.91194
20.00000 70.00000 270326.34261
21.00000 25.00000 269813.90781
21.00000 26.00000 269814.48694
21.00000 27.00000 269817.19761
21.00000 28.00000 269838.19093
21.00000 29.00000 269844.65862
21.00000 30.00000 269833.04152
21.00000 31.00000 269826.53882
21.00000 32.00000 269842.85045
21.00000 33.00000 269854.69000
21.00000 34.00000 269862.79602
21.00000 35.00000 269877.45804
21.00000 36.00000 269883.93711
21.00000 37.00000 269890.60381
21.00000 38.00000 269895.69516
21.00000 39.00000 269900.44072
21.00000 40.00000 269925.32711
21.00000 41.00000 269959.12874
21.00000 42.00000 269995.70532
21.00000 43.00000 270025.02652
21.00000 44.00000 270048.35551
21.00000 45.00000 270067.24631
21.00000 46.00000 270086.53697
21.00000 47.00000 270104.57524
21.00000 48.00000 270124.59841
21.00000 49.00000 270134.11591
21.00000 50.00000 270131.14647
21.00000 51.00000 270121.23021
21.00000 52.00000 270113.88605
21.00000 53.00000 270108.85534
21.00000 54.00000 270095.67371
21.00000 55.00000 270081.75223
21.00000 56.00000 270081.22142
21.00000 57.00000 270091.62118
21.00000 58.00000 270111.56932
21.00000 59.00000 270137.77214
21.00000 60.00000 270180.87156
21.00000 61.00000 270215.82825
21.00000 62.00000 270243.07963
21.00000 63.00000 270263.30094
21.00000 64.00000 270281.68603
21.00000 65.00000 270300.57393
21.00000 66.00000 270307.65714
21.00000 67.00000 270311.78539
21.00000 68.00000 270320.32481
21.00000 69.00000 270328.10523
21.00000 70.00000 270329.77149
22.00000 25.00000 269826.79133
22.00000 26.00000 269829.92618
22.00000 27.00000 269835.01589
22.00000 28.00000 269856.95522
22.00000 29.00000 269861.05923
22.00000 30.00000 269846.08882
22.00000 31.00000 269835.95856
22.00000 32.00000 269851.67006
22.00000 33.00000 269865.74773
22.00000 34.00000 269878.38998
22.00000 35.00000 269896.31842
22.00000 36.00000 269904.69391
22.00000 37.00000 269908.62474
22.00000 38.00000 269907.34855
22.00000 39.00000 269907.82091
22.00000 40.00000 269933.66426
22.00000 41.00000 269969.45805
22.00000 42.00000 270008.05831
22.00000 43.00000 270038.39855
22.00000 44.00000 270062.55447
22.00000 45.00000 270079.96154
22.00000 46.00000 270095.99472
22.00000 47.00000 270112.10044
22.00000 48.00000 270133.45314
22.00000 49.00000 270144.12105
22.00000 50.00000 270141.35476
22.00000 51.00000 270130.67898
22.00000 52.00000 270123.52781
22.00000 53.00000 270117.18594
22.00000 54.00000 270100.32294
22.00000 55.00000 270084.68640
22.00000 56.00000 270084.93804
22.00000 57.00000 270096.41977
22.00000 58.00000 270117.15370
22.00000 59.00000 270144.22896
22.00000 60.00000 270188.88493
22.00000 61.00000 270223.84338
22.00000 62.00000 270247.97700
22.00000 63.00000 270266.31482
22.00000 64.00000 270284.12217
22.00000 65.00000 270302.98830
22.00000 66.00000 270311.13574
22.00000 67.00000 270316.17994
22.00000 68.00000 270325.17865
22.00000 69.00000 270332.42139
22.00000 70.00000 270330.50611
23.00000 25.00000 269848.50960
23.00000 26.00000 269853.08890
23.00000 27.00000 269858.31004
23.00000 28.00000 269879.15365
23.00000 29.00000 269880.74679
23.00000 30.00000 269863.17552
23.00000 31.00000 269849.14462
23.00000 32.00000 269864.04086
23.00000 33.00000 269879.02281
23.00000 34.00000 269894.44236
23.00000 35.00000 269914.19845
23.00000 36.00000 269924.19903
23.00000 37.00000 269926.95702
23.00000 38.00000 269921.60293
23.00000 39.00000 269918.62662
23.00000 40.00000 269944.79747
23.00000 41.00000 269982.33661
23.00000 42.00000 270022.92516
23.00000 43.00000 270054.71447
23.00000 44.00000 270079.56644
23.00000 45.00000 270094.56713
23.00000 46.00000 270105.29345
23.00000 47.00000 270118.10772
23.00000 48.00000 270140.31333
23.00000 49.00000 270151.73569
23.00000 50.00000 270149.00206
23.00000 51.00000 270137.50908
23.00000 52.00000 270130.07686
23.00000 53.00000 270122.87257
23.00000 54.00000 270103.88157
23.00000 55.00000 270087.87202
23.00000 56.00000 270089.50260
23.00000 57.00000 270102.76058
23.00000 58.00000 270123.33575
23.00000 59.00000 270150.58515
23.00000 60.00000 270195.68836
23.00000 61.00000 270229.99148
23.00000 62.00000 270251.01991
23.00000 63.00000 270268.19518
23.00000 64.00000 270285.77625
23.00000 65.00000 270304.28695
23.00000 66.00000 270312.90019
23.00000 67.00000 270318.91671
23.00000 68.00000 270329.47168
23.00000 69.00000 270337.46644
23.00000 70.00000 270333.84195
24.00000 25.00000 269878.42689
24.00000 26.00000 269879.33654
24.00000 27.00000 269879.53786
24.00000 28.00000 269897.56581
24.00000 29.00000 269897.65547
24.00000 30.00000 269879.33257
24.00000 31.00000 269863.39683
24.00000 32.00000 269876.09195
24.00000 33.00000 269891.00290
24.00000 34.00000 269906.89102
24.00000 35.00000 269925.41345
24.00000 36.00000 269935.19576
24.00000 37.00000 269938.55934
24.00000 38.00000 269932.41554
24.00000 39.00000 269928.26087
24.00000 40.00000 269953.23684
24.00000 41.00000 269991.99824
24.00000 42.00000 270033.47337
24.00000 43.00000 270064.86098
24.00000 44.00000 270090.49312
24.00000 45.00000 270105.34649
24.00000 46.00000 270112.56810
24.00000 47.00000 270120.72127
24.00000 48.00000 270140.23215
24.00000 49.00000 270151.26954
24.00000 50.00000 270148.56920
24.00000 51.00000 270137.01375
24.00000 52.00000 270130.17949
24.00000 53.00000 270123.56021
24.00000 54.00000 270104.40276
24.00000 55.00000 270087.06238
24.00000 56.00000 270087.60251
24.00000 57.00000 270102.67735
24.00000 58.00000 270124.30365
24.00000 59.00000 270150.38145
24.00000 60.00000 270194.92070
24.00000 61.00000 270229.86023
24.00000 62.00000 270250.01571
24.00000 63.00000 270265.11837
24.00000 64.00000 270280.90797
24.00000 65.00000 270299.19381
24.00000 66.00000 270307.47573
24.00000 67.00000 270313.45350
24.00000 68.00000 270325.92648
24.00000 69.00000 270336.55008
24.00000 70.00000 270332.80180
25.00000 25.00000 269907.20005
25.00000 26.00000 269899.27896
25.00000 27.00000 269895.06329
25.00000 28.00000 269910.41772
25.00000 29.00000 269909.39176
25.00000 30.00000 269890.70804
25.00000 31.00000 269875.10325
25.00000 32.00000 269888.02832
25.00000 33.00000 269902.57935
25.00000 34.00000 269916.73114
25.00000 35.00000 269931.98451
25.00000 36.00000 269938.38614
25.00000 37.00000 269941.95056
25.00000 38.00000 269938.00026
25.00000 39.00000 269935.75286
25.00000 40.00000 269959.36304
25.00000 41.00000 269997.80500
25.00000 42.00000 270037.99918
25.00000 43.00000 270066.64776
25.00000 44.00000 270092.20330
25.00000 45.00000 270109.14752
25.00000 46.00000 270118.92760
25.00000 47.00000 270126.04679
25.00000 48.00000 270140.63649
25.00000 49.00000 270148.09517
25.00000 50.00000 270144.55858
25.00000 51.00000 270134.01846
25.00000 52.00000 270128.27342
25.00000 53.00000 270121.82430
25.00000 54.00000 270102.30928
25.00000 55.00000 270083.36284
25.00000 56.00000 270082.32072
25.00000 57.00000 270098.06150
25.00000 58.00000 270121.90191
25.00000 59.00000 270148.20054
25.00000 60.00000 270191.06802
25.00000 61.00000 270223.97546
25.00000 62.00000 270244.34584
25.00000 63.00000 270259.28983
25.00000 64.00000 270274.23911
25.00000 65.00000 270292.32220
25.00000 66.00000 270300.41866
25.00000 67.00000 270306.29101
25.00000 68.00000 270319.39412
25.00000 69.00000 270331.28152
25.00000 70.00000 270329.51333
26.00000 25.00000 269906.69467
26.00000 26.00000 269917.08812
26.00000 27.00000 269900.98994
26.00000 28.00000 269914.46285
26.00000 29.00000 269914.94105
26.00000 30.00000 269895.17431
26.00000 31.00000 269879.77049
26.00000 32.00000 269893.31343
26.00000 33.00000 269905.49821
26.00000 34.00000 269916.48403
26.00000 35.00000 269930.03703
26.00000 36.00000 269933.45000
26.00000 37.00000 269936.86883
26.00000 38.00000 269936.11966
26.00000 39.00000 269936.88739
26.00000 40.00000 269957.81054
26.00000 41.00000 269994.10030
26.00000 42.00000 270032.62764
26.00000 43.00000 270059.83600
26.00000 44.00000 270084.55397
26.00000 45.00000 270102.64992
26.00000 46.00000 270116.64408
26.00000 47.00000 270125.16793
26.00000 48.00000 270135.70614
26.00000 49.00000 270139.65574
26.00000 50.00000 270135.68455
26.00000 51.00000 270126.99947
26.00000 52.00000 270121.84128
26.00000 53.00000 270115.51414
26.00000 54.00000 270097.90819
26.00000 55.00000 270079.11219
26.00000 56.00000 270077.06853
26.00000 57.00000 270092.81793
26.00000 58.00000 270117.40334
26.00000 59.00000 270142.58807
26.00000 60.00000 270181.84609
26.00000 61.00000 270210.95273
26.00000 62.00000 270231.95154
26.00000 63.00000 270248.02618
26.00000 64.00000 270262.91852
26.00000 65.00000 270280.92394
26.00000 66.00000 270289.62328
26.00000 67.00000 270295.64153
26.00000 68.00000 270308.66788
26.00000 69.00000 270320.69179
26.00000 70.00000 270322.25524
27.00000 25.00000 269902.05137
27.00000 26.00000 269906.39255
27.00000 27.00000 269906.15914
27.00000 28.00000 269913.40786
27.00000 29.00000 269916.90528
27.00000 30.00000 269898.69552
27.00000 31.00000 269883.57499
27.00000 32.00000 269895.32914
27.00000 33.00000 269902.52860
27.00000 34.00000 269909.12158
27.00000 35.00000 269922.31043
27.00000 36.00000 269924.88976
27.00000 37.00000 269928.95494
27.00000 38.00000 269930.67892
27.00000 39.00000 269933.40635
27.00000 40.00000 269951.54004
27.00000 41.00000 269985.10826
27.00000 42.00000 270022.79670
27.00000 43.00000 270050.70406
27.00000 44.00000 270074.46956
27.00000 45.00000 270092.03336
27.00000 46.00000 270108.12498
27.00000 47.00000 270118.29640
27.00000 48.00000 270127.00832
27.00000 49.00000 270129.24851
27.00000 50.00000 270125.78400
27.00000 51.00000 270118.66367
27.00000 52.00000 270113.32817
27.00000 53.00000 270106.85106
27.00000 54.00000 270092.00309
27.00000 55.00000 270074.78051
27.00000 56.00000 270072.32930
27.00000 57.00000 270087.99120
27.00000 58.00000 270112.39572
27.00000 59.00000 270135.61959
27.00000 60.00000 270171.33543
27.00000 61.00000 270197.28580
27.00000 62.00000 270218.36081
27.00000 63.00000 270235.27254
27.00000 64.00000 270249.99647
27.00000 65.00000 270268.09886
27.00000 66.00000 270278.08135
27.00000 67.00000 270284.02793
27.00000 68.00000 270296.56690
27.00000 69.00000 270308.30833
27.00000 70.00000 270311.80235
28.00000 25.00000 269915.05874
28.00000 26.00000 269915.63637
28.00000 27.00000 269913.62110
28.00000 28.00000 269933.18841
28.00000 29.00000 269940.03005
28.00000 30.00000 269919.35502
28.00000 31.00000 269902.79462
28.00000 32.00000 269911.88920
28.00000 33.00000 269916.33569
28.00000 34.00000 269920.68152
28.00000 35.00000 269933.39669
28.00000 36.00000 269936.19771
28.00000 37.00000 269939.24565
28.00000 38.00000 269940.27251
28.00000 39.00000 269942.67479
28.00000 40.00000 269960.20291
28.00000 41.00000 269991.71726
28.00000 42.00000 270029.29192
28.00000 43.00000 270058.51421
28.00000 44.00000 270082.40067
28.00000 45.00000 270097.87077
28.00000 46.00000 270112.62618
28.00000 47.00000 270122.94311
28.00000 48.00000 270133.33087
28.00000 49.00000 270136.03565
28.00000 50.00000 270133.65281
28.00000 51.00000 270127.86213
28.00000 52.00000 270123.30718
28.00000 53.00000 270116.39638
28.00000 54.00000 270102.34572
28.00000 55.00000 270086.63889
28.00000 56.00000 270084.49005
28.00000 57.00000 270098.27342
28.00000 58.00000 270121.23625
28.00000 59.00000 270144.42485
28.00000 60.00000 270180.61376
28.00000 61.00000 270205.56219
28.00000 62.00000 270225.98707
28.00000 63.00000 270242.65495
28.00000 64.00000 270256.43235
28.00000 65.00000 270272.97589
28.00000 66.00000 270283.70500
28.00000 67.00000 270292.37703
28.00000 68.00000 270306.58520
28.00000 69.00000 270317.54735
28.00000 70.00000 270320.59383
29.00000 25.00000 269915.71141
29.00000 26.00000 269914.81541
29.00000 27.00000 269911.11724
29.00000 28.00000 269933.56707
29.00000 29.00000 269945.81532
29.00000 30.00000 269922.97652
29.00000 31.00000 269905.54080
29.00000 32.00000 269914.81756
29.00000 33.00000 269918.41935
29.00000 34.00000 269922.57182
29.00000 35.00000 269934.81937
29.00000 36.00000 269939.87510
29.00000 37.00000 269942.66835
29.00000 38.00000 269940.45787
29.00000 39.00000 269940.00931
29.00000 40.00000 269958.31083
29.00000 41.00000 269989.33062
29.00000 42.00000 270027.80109
29.00000 43.00000 270058.73498
29.00000 44.00000 270084.39051
29.00000 45.00000 270099.67220
29.00000 46.00000 270112.35547
29.00000 47.00000 270121.48177
29.00000 48.00000 270133.78940
29.00000 49.00000 270137.28029
29.00000 50.00000 270134.20481
29.00000 51.00000 270127.81769
29.00000 52.00000 270124.71462
29.00000 53.00000 270118.69972
29.00000 54.00000 270103.27527
29.00000 55.00000 270087.57808
29.00000 56.00000 270086.68354
29.00000 57.00000 270099.14748
29.00000 58.00000 270120.37660
29.00000 59.00000 270144.50974
29.00000 60.00000 270183.01882
29.00000 61.00000 270209.82006
29.00000 62.00000 270230.94375
29.00000 63.00000 270248.96818
29.00000 64.00000 270263.57191
29.00000 65.00000 270278.76951
29.00000 66.00000 270287.21930
29.00000 67.00000 270296.35829
29.00000 68.00000 270311.99362
29.00000 69.00000 270323.96681
29.00000 70.00000 270327.14390
30.00000 25.00000 269878.87748
30.00000 26.00000 269880.84388
30.00000 27.00000 269875.33527
30.00000 28.00000 269898.66323
30.00000 29.00000 269908.88190
30.00000 30.00000 269894.89149
30.00000 31.00000 269872.23082
30.00000 32.00000 269883.49508
30.00000 33.00000 269888.90407
30.00000 34.00000 269894.81268
30.00000 35.00000 269905.79064
30.00000 36.00000 269914.91502
30.00000 37.00000 269919.99913
30.00000 38.00000 269915.33323
30.00000 39.00000 269911.50360
30.00000 40.00000 269930.59614
30.00000 41.00000 269961.81208
30.00000 42.00000 270000.74240
30.00000 43.00000 270032.99343
30.00000 44.00000 270060.11932
30.00000 45.00000 270076.43927
30.00000 46.00000 270087.83394
30.00000 47.00000 270097.74641
30.00000 48.00000 270113.31531
30.00000 49.00000 270118.64764
30.00000 50.00000 270113.65185
30.00000 51.00000 270104.42874
30.00000 52.00000 270101.91329
30.00000 53.00000 270098.05920
30.00000 54.00000 270082.50688
30.00000 55.00000 270066.86284
30.00000 56.00000 270066.68458
30.00000 57.00000 270078.39640
30.00000 58.00000 270097.33323
30.00000 59.00000 270122.75490
30.00000 60.00000 270164.69009
30.00000 61.00000 270196.03965
30.00000 62.00000 270219.70653
30.00000 63.00000 270240.23096
30.00000 64.00000 270257.32972
30.00000 65.00000 270273.04210
30.00000 66.00000 270278.27573
30.00000 67.00000 270286.12506
30.00000 68.00000 270302.14759
30.00000 69.00000 270315.95059
30.00000 70.00000 270320.07885
31.00000 25.00000 269837.69551
31.00000 26.00000 269843.00012
31.00000 27.00000 269841.55366
31.00000 28.00000 269863.19534
31.00000 29.00000 269868.86111
31.00000 30.00000 269849.82595
31.00000 31.00000 269840.09432
31.00000 32.00000 269845.29674
31.00000 33.00000 269853.05774
31.00000 34.00000 269862.01282
31.00000 35.00000 269871.97623
31.00000 36.00000 269883.99034
31.00000 37.00000 269891.43926
31.00000 38.00000 269886.42681
31.00000 39.00000 269881.17677
31.00000 40.00000 269900.49735
31.00000 41.00000 269931.75941
31.00000 42.00000 269969.46427
31.00000 43.00000 270001.34877
31.00000 44.00000 270027.96158
31.00000 45.00000 270043.99656
31.00000 46.00000 270053.84939
31.00000 47.00000 270065.52845
31.00000 48.00000 270084.14394
31.00000 49.00000 270091.87416
31.00000 50.00000 270086.25043
31.00000 51.00000 270074.65449
31.00000 52.00000 270070.84522
31.00000 53.00000 270067.64971
31.00000 54.00000 270053.22815
31.00000 55.00000 270038.96242
31.00000 56.00000 270039.68356
31.00000 57.00000 270051.33774
31.00000 58.00000 270068.77175
31.00000 59.00000 270094.41711
31.00000 60.00000 270137.24270
31.00000 61.00000 270170.45340
31.00000 62.00000 270195.27640
31.00000 63.00000 270218.15049
31.00000 64.00000 270238.24737
31.00000 65.00000 270255.74499
31.00000 66.00000 270259.85807
31.00000 67.00000 270266.79689
31.00000 68.00000 270282.27607
31.00000 69.00000 270296.16591
31.00000 70.00000 270300.86511
32.00000 25.00000 269821.79027
32.00000 26.00000 269825.33844
32.00000 27.00000 269821.97945
32.00000 28.00000 269840.10011
32.00000 29.00000 269843.08579
32.00000 30.00000 269828.06079
32.00000 31.00000 269817.87783
32.00000 32.00000 269827.47873
32.00000 33.00000 269830.84587
32.00000 34.00000 269840.45225
32.00000 35.00000 269852.07973
32.00000 36.00000 269861.25617
32.00000 37.00000 269869.17675
32.00000 38.00000 269865.31837
32.00000 39.00000 269860.94343
32.00000 40.00000 269880.09949
32.00000 41.00000 269911.33930
32.00000 42.00000 269947.33384
32.00000 43.00000 269977.03736
32.00000 44.00000 270002.25323
32.00000 45.00000 270019.04056
32.00000 46.00000 270029.01075
32.00000 47.00000 270040.88419
32.00000 48.00000 270060.08272
32.00000 49.00000 270070.23490
32.00000 50.00000 270066.01334
32.00000 51.00000 270053.49922
32.00000 52.00000 270047.68615
32.00000 53.00000 270044.17712
32.00000 54.00000 270031.46188
32.00000 55.00000 270018.84059
32.00000 56.00000 270019.59712
32.00000 57.00000 270032.07033
32.00000 58.00000 270050.28740
32.00000 59.00000 270073.80251
32.00000 60.00000 270114.26190
32.00000 61.00000 270147.32501
32.00000 62.00000 270171.38737
32.00000 63.00000 270193.98411
32.00000 64.00000 270215.71475
32.00000 65.00000 270235.96726
32.00000 66.00000 270241.34210
32.00000 67.00000 270246.03513
32.00000 68.00000 270257.95723
32.00000 69.00000 270269.62582
32.00000 70.00000 270273.38874
33.00000 25.00000 269805.38058
33.00000 26.00000 269806.44784
33.00000 27.00000 269800.99262
33.00000 28.00000 269815.30362
33.00000 29.00000 269817.06432
33.00000 30.00000 269805.04816
33.00000 31.00000 269797.08186
33.00000 32.00000 269811.01043
33.00000 33.00000 269807.82217
33.00000 34.00000 269812.71699
33.00000 35.00000 269826.51560
33.00000 36.00000 269833.12224
33.00000 37.00000 269841.25675
33.00000 38.00000 269841.10935
33.00000 39.00000 269840.09888
33.00000 40.00000 269859.34270
33.00000 41.00000 269889.73841
33.00000 42.00000 269923.97283
33.00000 43.00000 269951.70953
33.00000 44.00000 269975.99266
33.00000 45.00000 269994.04407
33.00000 46.00000 270007.06548
33.00000 47.00000 270020.31546
33.00000 48.00000 270038.14991
33.00000 49.00000 270048.34518
33.00000 50.00000 270044.81734
33.00000 51.00000 270032.29174
33.00000 52.00000 270026.12698
33.00000 53.00000 270022.52636
33.00000 54.00000 270011.31599
33.00000 55.00000 270000.91781
33.00000 56.00000 270002.69431
33.00000 57.00000 270015.78448
33.00000 58.00000 270035.26328
33.00000 59.00000 270057.58417
33.00000 60.00000 270095.02733
33.00000 61.00000 270125.94553
33.00000 62.00000 270148.56067
33.00000 63.00000 270170.29632
33.00000 64.00000 270192.05568
33.00000 65.00000 270213.09830
33.00000 66.00000 270219.78810
33.00000 67.00000 270224.16081
33.00000 68.00000 270234.60065
33.00000 69.00000 270244.74782
33.00000 70.00000 270247.34106
34.00000 25.00000 269790.53851
34.00000 26.00000 269792.00799
34.00000 27.00000 269787.31535
34.00000 28.00000 269800.23611
34.00000 29.00000 269803.34925
34.00000 30.00000 269791.43931
34.00000 31.00000 269780.17693
34.00000 32.00000 269789.95947
34.00000 33.00000 269791.44120
34.00000 34.00000 269780.57891
34.00000 35.00000 269797.01844
34.00000 36.00000 269801.46143
34.00000 37.00000 269806.62691
34.00000 38.00000 269810.74712
34.00000 39.00000 269816.03199
34.00000 40.00000 269838.33276
34.00000 41.00000 269869.27997
34.00000 42.00000 269902.90786
34.00000 43.00000 269929.63456
34.00000 44.00000 269952.14374
34.00000 45.00000 269970.02740
34.00000 46.00000 269986.35167
34.00000 47.00000 270002.19197
34.00000 48.00000 270019.83327
34.00000 49.00000 270029.27417
34.00000 50.00000 270025.38105
34.00000 51.00000 270011.65023
34.00000 52.00000 270004.02087
34.00000 53.00000 270001.00987
34.00000 54.00000 269991.53409
34.00000 55.00000 269983.07936
34.00000 56.00000 269987.02708
34.00000 57.00000 270001.44615
34.00000 58.00000 270022.03275
34.00000 59.00000 270043.40914
34.00000 60.00000 270077.91149
34.00000 61.00000 270106.41042
34.00000 62.00000 270127.01209
34.00000 63.00000 270147.19374
34.00000 64.00000 270168.29350
34.00000 65.00000 270189.68881
34.00000 66.00000 270198.97183
34.00000 67.00000 270204.25595
34.00000 68.00000 270214.92504
34.00000 69.00000 270225.10540
34.00000 70.00000 270226.43303
35.00000 25.00000 269784.33497
35.00000 26.00000 269786.25503
35.00000 27.00000 269783.35719
35.00000 28.00000 269796.30897
35.00000 29.00000 269800.43642
35.00000 30.00000 269788.40352
35.00000 31.00000 269775.31487
35.00000 32.00000 269780.46526
35.00000 33.00000 269782.32193
35.00000 34.00000 269774.06331
35.00000 35.00000 269783.30513
35.00000 36.00000 269785.19781
35.00000 37.00000 269787.65840
35.00000 38.00000 269789.94575
35.00000 39.00000 269797.56169
35.00000 40.00000 269823.07354
35.00000 41.00000 269855.73413
35.00000 42.00000 269890.45860
35.00000 43.00000 269917.58332
35.00000 44.00000 269938.42968
35.00000 45.00000 269954.81668
35.00000 46.00000 269971.57033
35.00000 47.00000 269988.82355
35.00000 48.00000 270007.78307
35.00000 49.00000 270017.84168
35.00000 50.00000 270014.18271
35.00000 51.00000 269998.72908
35.00000 52.00000 269987.67076
35.00000 53.00000 269984.68309
35.00000 54.00000 269977.17180
35.00000 55.00000 269969.60614
35.00000 56.00000 269975.06692
35.00000 57.00000 269990.32642
35.00000 58.00000 270011.00395
35.00000 59.00000 270031.71508
35.00000 60.00000 270064.50680
35.00000 61.00000 270091.94299
35.00000 62.00000 270111.57220
35.00000 63.00000 270130.21238
35.00000 64.00000 270150.76677
35.00000 65.00000 270172.69526
35.00000 66.00000 270184.80987
35.00000 67.00000 270191.16793
35.00000 68.00000 270202.45777
35.00000 69.00000 270213.49882
35.00000 70.00000 270214.28040
36.00000 25.00000 269796.88778
36.00000 26.00000 269798.23747
36.00000 27.00000 269795.19452
36.00000 28.00000 269808.76765
36.00000 29.00000 269813.75299
36.00000 30.00000 269802.40487
36.00000 31.00000 269790.78017
36.00000 32.00000 269792.63736
36.00000 33.00000 269793.70745
36.00000 34.00000 269790.01487
36.00000 35.00000 269797.73109
36.00000 36.00000 269806.28743
36.00000 37.00000 269802.94386
36.00000 38.00000 269798.85673
36.00000 39.00000 269802.09215
36.00000 40.00000 269828.81996
36.00000 41.00000 269864.33644
36.00000 42.00000 269901.23615
36.00000 43.00000 269928.06626
36.00000 44.00000 269946.82470
36.00000 45.00000 269960.46500
36.00000 46.00000 269974.39799
36.00000 47.00000 269990.66439
36.00000 48.00000 270011.43546
36.00000 49.00000 270023.31624
36.00000 50.00000 270021.11651
36.00000 51.00000 270004.18453
36.00000 52.00000 269987.26689
36.00000 53.00000 269980.56709
36.00000 54.00000 269974.15346
36.00000 55.00000 269968.24704
36.00000 56.00000 269976.33352
36.00000 57.00000 269993.01969
36.00000 58.00000 270013.33014
36.00000 59.00000 270032.92896
36.00000 60.00000 270065.61745
36.00000 61.00000 270093.31099
36.00000 62.00000 270114.13307
36.00000 63.00000 270131.71886
36.00000 64.00000 270151.25509
36.00000 65.00000 270173.39730
36.00000 66.00000 270187.61086
36.00000 67.00000 270195.32109
36.00000 68.00000 270206.74920
36.00000 69.00000 270217.59312
36.00000 70.00000 270217.56003
37.00000 25.00000 269795.91040
37.00000 26.00000 269798.62123
37.00000 27.00000 269796.13105
37.00000 28.00000 269809.14752
37.00000 29.00000 269812.90939
37.00000 30.00000 269800.20792
37.00000 31.00000 269788.53350
37.00000 32.00000 269790.08332
37.00000 33.00000 269789.40000
37.00000 34.00000 269788.12074
37.00000 35.00000 269796.12618
37.00000 36.00000 269804.73325
37.00000 37.00000 269814.17973
37.00000 38.00000 269802.83216
37.00000 39.00000 269800.84890
37.00000 40.00000 269825.12422
37.00000 41.00000 269861.36508
37.00000 42.00000 269899.33225
37.00000 43.00000 269925.46771
37.00000 44.00000 269944.58762
37.00000 45.00000 269957.68959
37.00000 46.00000 269970.14985
37.00000 47.00000 269985.06097
37.00000 48.00000 270004.28082
37.00000 49.00000 270015.28657
37.00000 50.00000 270013.23833
37.00000 51.00000 269996.28134
37.00000 52.00000 269976.68964
37.00000 53.00000 269965.58477
37.00000 54.00000 269957.19843
37.00000 55.00000 269952.75327
37.00000 56.00000 269965.04627
37.00000 57.00000 269984.10736
37.00000 58.00000 270004.26242
37.00000 59.00000 270022.97947
37.00000 60.00000 270055.39649
37.00000 61.00000 270082.68887
37.00000 62.00000 270104.79086
37.00000 63.00000 270123.59187
37.00000 64.00000 270144.65435
37.00000 65.00000 270167.57616
37.00000 66.00000 270182.63337
37.00000 67.00000 270191.23588
37.00000 68.00000 270202.58128
37.00000 69.00000 270212.39823
37.00000 70.00000 270209.89130
38.00000 25.00000 269781.06456
38.00000 26.00000 269787.22261
38.00000 27.00000 269787.88513
38.00000 28.00000 269800.40250
38.00000 29.00000 269801.67683
38.00000 30.00000 269785.73497
38.00000 31.00000 269771.84655
38.00000 32.00000 269774.29233
38.00000 33.00000 269772.89739
38.00000 34.00000 269773.17274
38.00000 35.00000 269782.75743
38.00000 36.00000 269791.97503
38.00000 37.00000 269800.69542
38.00000 38.00000 269797.48419
38.00000 39.00000 269785.53431
38.00000 40.00000 269806.14313
38.00000 41.00000 269843.54914
38.00000 42.00000 269882.68880
38.00000 43.00000 269908.46733
38.00000 44.00000 269929.20985
38.00000 45.00000 269942.92248
38.00000 46.00000 269955.08002
38.00000 47.00000 269968.96021
38.00000 48.00000 269984.84271
38.00000 49.00000 269992.85199
38.00000 50.00000 269989.08004
38.00000 51.00000 269973.49597
38.00000 52.00000 269955.43155
38.00000 53.00000 269942.42568
38.00000 54.00000 269929.74618
38.00000 55.00000 269925.48649
38.00000 56.00000 269941.17789
38.00000 57.00000 269963.60661
38.00000 58.00000 269984.42005
38.00000 59.00000 270002.56799
38.00000 60.00000 270035.25394
38.00000 61.00000 270062.30767
38.00000 62.00000 270084.18582
38.00000 63.00000 270104.59076
38.00000 64.00000 270127.52641
38.00000 65.00000 270151.36376
38.00000 66.00000 270165.36860
38.00000 67.00000 270174.85330
38.00000 68.00000 270187.45926
38.00000 69.00000 270197.56182
38.00000 70.00000 270192.84317
39.00000 25.00000 269772.48675
39.00000 26.00000 269781.54160
39.00000 27.00000 269785.96960
39.00000 28.00000 269798.30563
39.00000 29.00000 269797.02050
39.00000 30.00000 269778.11626
39.00000 31.00000 269761.93003
39.00000 32.00000 269765.52244
39.00000 33.00000 269764.17724
39.00000 34.00000 269765.27885
39.00000 35.00000 269776.47706
39.00000 36.00000 269785.32822
39.00000 37.00000 269790.86099
39.00000 38.00000 269787.17940
39.00000 39.00000 269779.82059
39.00000 40.00000 269790.08233
39.00000 41.00000 269828.79736
39.00000 42.00000 269870.55676
39.00000 43.00000 269898.78775
39.00000 44.00000 269920.48869
39.00000 45.00000 269934.12516
39.00000 46.00000 269945.51186
39.00000 47.00000 269958.08710
39.00000 48.00000 269971.07887
39.00000 49.00000 269976.21806
39.00000 50.00000 269970.46860
39.00000 51.00000 269956.20320
39.00000 52.00000 269940.96083
39.00000 53.00000 269928.39041
39.00000 54.00000 269912.14080
39.00000 55.00000 269906.25714
39.00000 56.00000 269922.56359
39.00000 57.00000 269947.39926
39.00000 58.00000 269969.55162
39.00000 59.00000 269987.94855
39.00000 60.00000 270021.71116
39.00000 61.00000 270049.69780
39.00000 62.00000 270071.30257
39.00000 63.00000 270092.88703
39.00000 64.00000 270117.32433
39.00000 65.00000 270142.25394
39.00000 66.00000 270155.72870
39.00000 67.00000 270165.22072
39.00000 68.00000 270178.99857
39.00000 69.00000 270190.15558
39.00000 70.00000 270185.05555
40.00000 25.00000 269786.49512
40.00000 26.00000 269796.14191
40.00000 27.00000 269800.40490
40.00000 28.00000 269813.08148
40.00000 29.00000 269810.97656
40.00000 30.00000 269790.36968
40.00000 31.00000 269772.09680
40.00000 32.00000 269774.89185
40.00000 33.00000 269773.12931
40.00000 34.00000 269773.69613
40.00000 35.00000 269783.66280
40.00000 36.00000 269793.54073
40.00000 37.00000 269798.51104
40.00000 38.00000 269795.10433
40.00000 39.00000 269786.39419
40.00000 40.00000 269794.81146
40.00000 41.00000 269829.13246
40.00000 42.00000 269870.27239
40.00000 43.00000 269901.81281
40.00000 44.00000 269927.28548
40.00000 45.00000 269939.39903
40.00000 46.00000 269948.00917
40.00000 47.00000 269957.34492
40.00000 48.00000 269969.38150
40.00000 49.00000 269975.54686
40.00000 50.00000 269970.44752
40.00000 51.00000 269957.18030
40.00000 52.00000 269944.92317
40.00000 53.00000 269935.14601
40.00000 54.00000 269919.17561
40.00000 55.00000 269911.88605
40.00000 56.00000 269927.25178
40.00000 57.00000 269952.87306
40.00000 58.00000 269975.23122
40.00000 59.00000 269992.63427
40.00000 60.00000 270024.94307
40.00000 61.00000 270052.87892
40.00000 62.00000 270075.12476
40.00000 63.00000 270096.24419
40.00000 64.00000 270121.50747
40.00000 65.00000 270147.40958
40.00000 66.00000 270161.06771
40.00000 67.00000 270170.06960
40.00000 68.00000 270184.00886
40.00000 69.00000 270195.11730
40.00000 70.00000 270188.72094
41.00000 25.00000 269815.95218
41.00000 26.00000 269824.19032
41.00000 27.00000 269825.23404
41.00000 28.00000 269837.25431
41.00000 29.00000 269836.30256
41.00000 30.00000 269816.38173
41.00000 31.00000 269797.38585
41.00000 32.00000 269799.25403
41.00000 33.00000 269796.40835
41.00000 34.00000 269794.90859
41.00000 35.00000 269801.98947
41.00000 36.00000 269811.60418
41.00000 37.00000 269815.27639
41.00000 38.00000 269810.07065
41.00000 39.00000 269799.90654
41.00000 40.00000 269808.92415
41.00000 41.00000 269837.14172
41.00000 42.00000 269873.35987
41.00000 43.00000 269908.55017
41.00000 44.00000 269939.36573
41.00000 45.00000 269951.29164
41.00000 46.00000 269958.24954
41.00000 47.00000 269965.27296
41.00000 48.00000 269977.07136
41.00000 49.00000 269985.35547
41.00000 50.00000 269982.60889
41.00000 51.00000 269971.65294
41.00000 52.00000 269962.88145
41.00000 53.00000 269955.17283
41.00000 54.00000 269939.62741
41.00000 55.00000 269931.48107
41.00000 56.00000 269944.51313
41.00000 57.00000 269967.49929
41.00000 58.00000 269987.41875
41.00000 59.00000 270003.78147
41.00000 60.00000 270036.19368
41.00000 61.00000 270063.68066
41.00000 62.00000 270087.04700
41.00000 63.00000 270108.42128
41.00000 64.00000 270133.30792
41.00000 65.00000 270159.02390
41.00000 66.00000 270172.56960
41.00000 67.00000 270183.01362
41.00000 68.00000 270198.79116
41.00000 69.00000 270209.86148
41.00000 70.00000 270202.65075
42.00000 25.00000 269848.31282
42.00000 26.00000 269853.73358
42.00000 27.00000 269849.82112
42.00000 28.00000 269861.67470
42.00000 29.00000 269864.34420
42.00000 30.00000 269847.22982
42.00000 31.00000 269827.57734
42.00000 32.00000 269827.41477
42.00000 33.00000 269822.93682
42.00000 34.00000 269818.46834
42.00000 35.00000 269821.74007
42.00000 36.00000 269830.32292
42.00000 37.00000 269834.09456
42.00000 38.00000 269827.61837
42.00000 39.00000 269815.72320
42.00000 40.00000 269829.17567
42.00000 41.00000 269863.34444
42.00000 42.00000 269886.94944
42.00000 43.00000 269915.18264
42.00000 44.00000 269946.87824
42.00000 45.00000 269959.63385
42.00000 46.00000 269968.11326
42.00000 47.00000 269975.90206
42.00000 48.00000 269989.98833
42.00000 49.00000 270001.27503
42.00000 50.00000 270000.34973
42.00000 51.00000 269991.29249
42.00000 52.00000 269985.74331
42.00000 53.00000 269980.25001
42.00000 54.00000 269965.90997
42.00000 55.00000 269956.57120
42.00000 56.00000 269966.84318
42.00000 57.00000 269986.13246
42.00000 58.00000 270000.65252
42.00000 59.00000 270014.34342
42.00000 60.00000 270046.86996
42.00000 61.00000 270074.85743
42.00000 62.00000 270100.00429
42.00000 63.00000 270122.33758
42.00000 64.00000 270148.18155
42.00000 65.00000 270174.64091
42.00000 66.00000 270187.68783
42.00000 67.00000 270199.52497
42.00000 68.00000 270217.46877
42.00000 69.00000 270229.87989
42.00000 70.00000 270223.93710
43.00000 25.00000 269871.41989
43.00000 26.00000 269874.92547
43.00000 27.00000 269868.11601
43.00000 28.00000 269879.61971
43.00000 29.00000 269884.96268
43.00000 30.00000 269869.73838
43.00000 31.00000 269849.14001
43.00000 32.00000 269846.66248
43.00000 33.00000 269840.92791
43.00000 34.00000 269835.32787
43.00000 35.00000 269836.51587
43.00000 36.00000 269843.04080
43.00000 37.00000 269847.72276
43.00000 38.00000 269841.98217
43.00000 39.00000 269830.54769
43.00000 40.00000 269846.30746
43.00000 41.00000 269881.71548
43.00000 42.00000 269910.49424
43.00000 43.00000 269926.88394
43.00000 44.00000 269951.96017
43.00000 45.00000 269963.88578
43.00000 46.00000 269972.07803
43.00000 47.00000 269981.02742
43.00000 48.00000 269997.61702
43.00000 49.00000 270010.99498
43.00000 50.00000 270011.14286
43.00000 51.00000 270002.76179
43.00000 52.00000 269998.89223
43.00000 53.00000 269994.84230
43.00000 54.00000 269982.58897
43.00000 55.00000 269972.14411
43.00000 56.00000 269979.59452
43.00000 57.00000 269996.85765
43.00000 58.00000 270008.62273
43.00000 59.00000 270020.32097
43.00000 60.00000 270052.76073
43.00000 61.00000 270081.38593
43.00000 62.00000 270107.26058
43.00000 63.00000 270128.67169
43.00000 64.00000 270153.71275
43.00000 65.00000 270180.66259
43.00000 66.00000 270192.58313
43.00000 67.00000 270204.07861
43.00000 68.00000 270222.85444
43.00000 69.00000 270236.53218
43.00000 70.00000 270233.93816
44.00000 25.00000 269867.81277
44.00000 26.00000 269870.69773
44.00000 27.00000 269862.53989
44.00000 28.00000 269871.50718
44.00000 29.00000 269876.61722
44.00000 30.00000 269862.48115
44.00000 31.00000 269841.86152
44.00000 32.00000 269840.84490
44.00000 33.00000 269836.46656
44.00000 34.00000 269833.30915
44.00000 35.00000 269836.28322
44.00000 36.00000 269838.51137
44.00000 37.00000 269843.18264
44.00000 38.00000 269838.26776
44.00000 39.00000 269825.94333
44.00000 40.00000 269841.17487
44.00000 41.00000 269877.36550
44.00000 42.00000 269911.20785
44.00000 43.00000 269931.04805
44.00000 44.00000 269946.91308
44.00000 45.00000 269956.79657
44.00000 46.00000 269963.90078
44.00000 47.00000 269973.88959
44.00000 48.00000 269990.82160
44.00000 49.00000 270004.22370
44.00000 50.00000 270006.24885
44.00000 51.00000 269998.17188
44.00000 52.00000 269991.96409
44.00000 53.00000 269985.29979
44.00000 54.00000 269971.62947
44.00000 55.00000 269959.75859
44.00000 56.00000 269965.70509
44.00000 57.00000 269984.55148
44.00000 58.00000 270000.85575
44.00000 59.00000 270013.29509
44.00000 60.00000 270045.27139
44.00000 61.00000 270074.16454
44.00000 62.00000 270100.85153
44.00000 63.00000 270120.91875
44.00000 64.00000 270143.63226
44.00000 65.00000 270170.74681
44.00000 66.00000 270182.96217
44.00000 67.00000 270192.72489
44.00000 68.00000 270209.85575
44.00000 69.00000 270223.69382
44.00000 70.00000 270222.49522
45.00000 25.00000 269843.71222
45.00000 26.00000 269847.67003
45.00000 27.00000 269841.18957
45.00000 28.00000 269848.25931
45.00000 29.00000 269849.87115
45.00000 30.00000 269833.80186
45.00000 31.00000 269812.74214
45.00000 32.00000 269814.91638
45.00000 33.00000 269814.16938
45.00000 34.00000 269814.68384
45.00000 35.00000 269821.06451
45.00000 36.00000 269820.89845
45.00000 37.00000 269823.90007
45.00000 38.00000 269819.78216
45.00000 39.00000 269808.27316
45.00000 40.00000 269821.19741
45.00000 41.00000 269854.48474
45.00000 42.00000 269891.35163
45.00000 43.00000 269916.20990
45.00000 44.00000 269931.54151
45.00000 45.00000 269939.83525
45.00000 46.00000 269947.41736
45.00000 47.00000 269959.06849
45.00000 48.00000 269972.42054
45.00000 49.00000 269982.74045
45.00000 50.00000 269986.57038
45.00000 51.00000 269980.07125
45.00000 52.00000 269972.65549
45.00000 53.00000 269963.91212
45.00000 54.00000 269948.34117
45.00000 55.00000 269936.09861
45.00000 56.00000 269941.04828
45.00000 57.00000 269959.96008
45.00000 58.00000 269981.32014
45.00000 59.00000 269997.20310
45.00000 60.00000 270029.67340
45.00000 61.00000 270056.82592
45.00000 62.00000 270082.18287
45.00000 63.00000 270102.46520
45.00000 64.00000 270123.96671
45.00000 65.00000 270150.31146
45.00000 66.00000 270163.14314
45.00000 67.00000 270172.21016
45.00000 68.00000 270188.06228
45.00000 69.00000 270201.47869
45.00000 70.00000 270200.86266
46.00000 25.00000 269801.36756
46.00000 26.00000 269807.79197
46.00000 27.00000 269806.45117
46.00000 28.00000 269814.03204
46.00000 29.00000 269810.86699
46.00000 30.00000 269789.13786
46.00000 31.00000 269765.83935
46.00000 32.00000 269770.90362
46.00000 33.00000 269773.95570
46.00000 34.00000 269778.06400
46.00000 35.00000 269788.53936
46.00000 36.00000 269789.15128
46.00000 37.00000 269790.68608
46.00000 38.00000 269787.13320
46.00000 39.00000 269778.53773
46.00000 40.00000 269790.39328
46.00000 41.00000 269820.20876
46.00000 42.00000 269855.96696
46.00000 43.00000 269883.61930
46.00000 44.00000 269900.49814
46.00000 45.00000 269911.39225
46.00000 46.00000 269920.99112
46.00000 47.00000 269934.25267
46.00000 48.00000 269942.32078
46.00000 49.00000 269945.80609
46.00000 50.00000 269948.66070
46.00000 51.00000 269945.12478
46.00000 52.00000 269938.61936
46.00000 53.00000 269929.49919
46.00000 54.00000 269911.31931
46.00000 55.00000 269899.49185
46.00000 56.00000 269904.59385
46.00000 57.00000 269923.99661
46.00000 58.00000 269949.66715
46.00000 59.00000 269970.12932
46.00000 60.00000 270004.65681
46.00000 61.00000 270031.30411
46.00000 62.00000 270051.23023
46.00000 63.00000 270071.15250
46.00000 64.00000 270092.52149
46.00000 65.00000 270118.05360
46.00000 66.00000 270131.09187
46.00000 67.00000 270140.29816
46.00000 68.00000 270156.06314
46.00000 69.00000 270169.78777
46.00000 70.00000 270169.15686
47.00000 25.00000 269770.26703
47.00000 26.00000 269776.05060
47.00000 27.00000 269776.07272
47.00000 28.00000 269784.45619
47.00000 29.00000 269778.61736
47.00000 30.00000 269754.01909
47.00000 31.00000 269730.32649
47.00000 32.00000 269736.70922
47.00000 33.00000 269742.37022
47.00000 34.00000 269748.70787
47.00000 35.00000 269761.30637
47.00000 36.00000 269762.75686
47.00000 37.00000 269764.07206
47.00000 38.00000 269761.62996
47.00000 39.00000 269755.86609
47.00000 40.00000 269768.49733
47.00000 41.00000 269796.47286
47.00000 42.00000 269829.94177
47.00000 43.00000 269856.84914
47.00000 44.00000 269875.47001
47.00000 45.00000 269888.91515
47.00000 46.00000 269901.20614
47.00000 47.00000 269913.34979
47.00000 48.00000 269918.94554
47.00000 49.00000 269918.95551
47.00000 50.00000 269918.90769
47.00000 51.00000 269916.35697
47.00000 52.00000 269910.52761
47.00000 53.00000 269901.29176
47.00000 54.00000 269881.72892
47.00000 55.00000 269870.03550
47.00000 56.00000 269875.27486
47.00000 57.00000 269894.65479
47.00000 58.00000 269921.69214
47.00000 59.00000 269945.03383
47.00000 60.00000 269981.37345
47.00000 61.00000 270009.36055
47.00000 62.00000 270025.32981
47.00000 63.00000 270043.12653
47.00000 64.00000 270064.32280
47.00000 65.00000 270090.10898
47.00000 66.00000 270103.97900
47.00000 67.00000 270113.23999
47.00000 68.00000 270128.68329
47.00000 69.00000 270142.37699
47.00000 70.00000 270141.64481
48.00000 25.00000 269762.03866
48.00000 26.00000 269764.37307
48.00000 27.00000 269761.90656
48.00000 28.00000 269771.92536
48.00000 29.00000 269766.52728
48.00000 30.00000 269742.04713
48.00000 31.00000 269718.92002
48.00000 32.00000 269723.53579
48.00000 33.00000 269729.44325
48.00000 34.00000 269738.04663
48.00000 35.00000 269753.10750
48.00000 36.00000 269757.48083
48.00000 37.00000 269759.32428
48.00000 38.00000 269756.65371
48.00000 39.00000 269751.29811
48.00000 40.00000 269765.74215
48.00000 41.00000 269792.92085
48.00000 42.00000 269824.28109
48.00000 43.00000 269850.12756
48.00000 44.00000 269868.85828
48.00000 45.00000 269878.44884
48.00000 46.00000 269888.62097
48.00000 47.00000 269900.79937
48.00000 48.00000 269914.00934
48.00000 49.00000 269904.66955
48.00000 50.00000 269899.91101
48.00000 51.00000 269900.25640
48.00000 52.00000 269899.09898
48.00000 53.00000 269892.47884
48.00000 54.00000 269875.33350
48.00000 55.00000 269864.81746
48.00000 56.00000 269869.00297
48.00000 57.00000 269887.01066
48.00000 58.00000 269913.09107
48.00000 59.00000 269937.77516
48.00000 60.00000 269975.90774
48.00000 61.00000 270005.18615
48.00000 62.00000 270020.34398
48.00000 63.00000 270035.18704
48.00000 64.00000 270052.38210
48.00000 65.00000 270076.12856
48.00000 66.00000 270090.11102
48.00000 67.00000 270100.01878
48.00000 68.00000 270116.67533
48.00000 69.00000 270130.69749
48.00000 70.00000 270130.53181
49.00000 25.00000 269768.94880
49.00000 26.00000 269766.34752
49.00000 27.00000 269758.84974
49.00000 28.00000 269767.92582
49.00000 29.00000 269763.66545
49.00000 30.00000 269742.55334
49.00000 31.00000 269723.34377
49.00000 32.00000 269728.60365
49.00000 33.00000 269733.12229
49.00000 34.00000 269740.97156
49.00000 35.00000 269756.71887
49.00000 36.00000 269763.85834
49.00000 37.00000 269766.11179
49.00000 38.00000 269762.68333
49.00000 39.00000 269757.18029
49.00000 40.00000 269773.23609
49.00000 41.00000 269799.12411
49.00000 42.00000 269827.24260
49.00000 43.00000 269851.21555
49.00000 44.00000 269872.63625
49.00000 45.00000 269880.74556
49.00000 46.00000 269886.68304
49.00000 47.00000 269897.89741
49.00000 48.00000 269913.88170
49.00000 49.00000 269913.24542
49.00000 50.00000 269894.85586
49.00000 51.00000 269897.70321
49.00000 52.00000 269903.26271
49.00000 53.00000 269898.53344
49.00000 54.00000 269883.10958
49.00000 55.00000 269874.14963
49.00000 56.00000 269877.88806
49.00000 57.00000 269893.04125
49.00000 58.00000 269916.81087
49.00000 59.00000 269942.88991
49.00000 60.00000 269982.46609
49.00000 61.00000 270012.45403
49.00000 62.00000 270028.01299
49.00000 63.00000 270044.01173
49.00000 64.00000 270060.00358
49.00000 65.00000 270079.77047
49.00000 66.00000 270091.42522
49.00000 67.00000 270100.81088
49.00000 68.00000 270117.66798
49.00000 69.00000 270131.09946
49.00000 70.00000 270131.46991
50.00000 25.00000 269786.12497
50.00000 26.00000 269778.66652
50.00000 27.00000 269765.08189
50.00000 28.00000 269771.63256
50.00000 29.00000 269769.70510
50.00000 30.00000 269754.59719
50.00000 31.00000 269741.28716
50.00000 32.00000 269750.13719
50.00000 33.00000 269754.22714
50.00000 34.00000 269757.17278
50.00000 35.00000 269768.74261
50.00000 36.00000 269776.63719
50.00000 37.00000 269780.57222
50.00000 38.00000 269777.34558
50.00000 39.00000 269771.54760
50.00000 40.00000 269789.01976
50.00000 41.00000 269814.24845
50.00000 42.00000 269838.58872
50.00000 43.00000 269859.53174
50.00000 44.00000 269882.64946
50.00000 45.00000 269892.86485
50.00000 46.00000 269896.22122
50.00000 47.00000 269904.71499
50.00000 48.00000 269923.84651
50.00000 49.00000 269929.44330
50.00000 50.00000 269919.77243
50.00000 51.00000 269911.32615
50.00000 52.00000 269922.37755
50.00000 53.00000 269921.59092
50.00000 54.00000 269907.56608
50.00000 55.00000 269897.67737
50.00000 56.00000 269900.88550
50.00000 57.00000 269914.09583
50.00000 58.00000 269933.04980
50.00000 59.00000 269958.21329
50.00000 60.00000 269997.30284
50.00000 61.00000 270027.52156
50.00000 62.00000 270045.23550
50.00000 63.00000 270063.87295
50.00000 64.00000 270081.30896
50.00000 65.00000 270100.24283
50.00000 66.00000 270107.46238
50.00000 67.00000 270115.07966
50.00000 68.00000 270132.18522
50.00000 69.00000 270146.42936
50.00000 70.00000 270147.47787
51.00000 25.00000 269796.03215
51.00000 26.00000 269786.90916
51.00000 27.00000 269771.03772
51.00000 28.00000 269775.35736
51.00000 29.00000 269775.11661
51.00000 30.00000 269763.35291
51.00000 31.00000 269752.88779
51.00000 32.00000 269764.19826
51.00000 33.00000 269768.56204
51.00000 34.00000 269768.44558
51.00000 35.00000 269775.92810
51.00000 36.00000 269780.21343
51.00000 37.00000 269785.28290
51.00000 38.00000 269784.29175
51.00000 39.00000 269779.67692
51.00000 40.00000 269798.03673
51.00000 41.00000 269824.54733
51.00000 42.00000 269848.66741
51.00000 43.00000 269868.01613
51.00000 44.00000 269890.08538
51.00000 45.00000 269901.67705
51.00000 46.00000 269906.93450
51.00000 47.00000 269914.27789
51.00000 48.00000 269933.79201
51.00000 49.00000 269945.95807
51.00000 50.00000 269941.84681
51.00000 51.00000 269933.22057
51.00000 52.00000 269936.55073
51.00000 53.00000 269936.28701
51.00000 54.00000 269925.69197
51.00000 55.00000 269914.85122
51.00000 56.00000 269916.47055
51.00000 57.00000 269929.69884
51.00000 58.00000 269947.10220
51.00000 59.00000 269969.58035
51.00000 60.00000 270006.05075
51.00000 61.00000 270036.17504
51.00000 62.00000 270057.06362
51.00000 63.00000 270077.77984
51.00000 64.00000 270095.61398
51.00000 65.00000 270114.59691
51.00000 66.00000 270121.83646
51.00000 67.00000 270128.93729
51.00000 68.00000 270146.11779
51.00000 69.00000 270161.72429
51.00000 70.00000 270164.24236
52.00000 25.00000 269810.51886
52.00000 26.00000 269802.67963
52.00000 27.00000 269787.49274
52.00000 28.00000 269790.33404
52.00000 29.00000 269791.41189
52.00000 30.00000 269781.27224
52.00000 31.00000 269770.79528
52.00000 32.00000 269783.79985
52.00000 33.00000 269789.21567
52.00000 34.00000 269788.46257
52.00000 35.00000 269792.87978
52.00000 36.00000 269789.40283
52.00000 37.00000 269792.04341
52.00000 38.00000 269791.92638
52.00000 39.00000 269788.54942
52.00000 40.00000 269808.10871
52.00000 41.00000 269838.13958
52.00000 42.00000 269866.28484
52.00000 43.00000 269887.23637
52.00000 44.00000 269908.56459
52.00000 45.00000 269920.67442
52.00000 46.00000 269927.45763
52.00000 47.00000 269935.59198
52.00000 48.00000 269953.29845
52.00000 49.00000 269968.37875
52.00000 50.00000 269971.06393
52.00000 51.00000 269959.89714
52.00000 52.00000 269953.30358
52.00000 53.00000 269946.99680
52.00000 54.00000 269937.01586
52.00000 55.00000 269929.28563
52.00000 56.00000 269934.83627
52.00000 57.00000 269950.75849
52.00000 58.00000 269969.27638
52.00000 59.00000 269988.62753
52.00000 60.00000 270020.70487
52.00000 61.00000 270049.37383
52.00000 62.00000 270073.14516
52.00000 63.00000 270096.16581
52.00000 64.00000 270115.26928
52.00000 65.00000 270133.32641
52.00000 66.00000 270140.37962
52.00000 67.00000 270146.86423
52.00000 68.00000 270162.80365
52.00000 69.00000 270178.72821
52.00000 70.00000 270183.81833
53.00000 25.00000 269812.14401
53.00000 26.00000 269806.85020
53.00000 27.00000 269794.27561
53.00000 28.00000 269797.56041
53.00000 29.00000 269799.44498
53.00000 30.00000 269789.44570
53.00000 31.00000 269777.84670
53.00000 32.00000 269790.43640
53.00000 33.00000 269796.26850
53.00000 34.00000 269795.63848
53.00000 35.00000 269798.04888
53.00000 36.00000 269788.84863
53.00000 37.00000 269787.90108
53.00000 38.00000 269788.86725
53.00000 39.00000 269787.51373
53.00000 40.00000 269807.81910
53.00000 41.00000 269840.07889
53.00000 42.00000 269872.38950
53.00000 43.00000 269895.98941
53.00000 44.00000 269917.56531
53.00000 45.00000 269929.93308
53.00000 46.00000 269937.46669
53.00000 47.00000 269946.19211
53.00000 48.00000 269962.72489
53.00000 49.00000 269976.11299
53.00000 50.00000 269982.31094
53.00000 51.00000 269974.08582
53.00000 52.00000 269959.76579
53.00000 53.00000 269946.83534
53.00000 54.00000 269931.10672
53.00000 55.00000 269921.81588
53.00000 56.00000 269932.08276
53.00000 57.00000 269952.22564
53.00000 58.00000 269974.78697
53.00000 59.00000 269993.41302
53.00000 60.00000 270022.93694
53.00000 61.00000 270049.54856
53.00000 62.00000 270074.54468
53.00000 63.00000 270099.37474
53.00000 64.00000 270121.32256
53.00000 65.00000 270140.33803
53.00000 66.00000 270147.94457
53.00000 67.00000 270153.34341
53.00000 68.00000 270167.36365
53.00000 69.00000 270181.67762
53.00000 70.00000 270188.66715
54.00000 25.00000 269795.58867
54.00000 26.00000 269791.66978
54.00000 27.00000 269782.56522
54.00000 28.00000 269787.58191
54.00000 29.00000 269790.36225
54.00000 30.00000 269779.68441
54.00000 31.00000 269767.05286
54.00000 32.00000 269778.00154
54.00000 33.00000 269783.38182
54.00000 34.00000 269784.73068
54.00000 35.00000 269788.82330
54.00000 36.00000 269780.16826
54.00000 37.00000 269777.35754
54.00000 38.00000 269777.82796
54.00000 39.00000 269777.80790
54.00000 40.00000 269798.53708
54.00000 41.00000 269830.96359
54.00000 42.00000 269864.04946
54.00000 43.00000 269888.21519
54.00000 44.00000 269910.27677
54.00000 45.00000 269922.68497
54.00000 46.00000 269930.45157
54.00000 47.00000 269939.21698
54.00000 48.00000 269955.68150
54.00000 49.00000 269968.14807
54.00000 50.00000 269973.91548
54.00000 51.00000 269965.73779
54.00000 52.00000 269946.57025
54.00000 53.00000 269927.15105
54.00000 54.00000 269906.86793
54.00000 55.00000 269894.20028
54.00000 56.00000 269907.78508
54.00000 57.00000 269930.01466
54.00000 58.00000 269955.67590
54.00000 59.00000 269975.88961
54.00000 60.00000 270005.52314
54.00000 61.00000 270032.15440
54.00000 62.00000 270057.90446
54.00000 63.00000 270083.89215
54.00000 64.00000 270108.64526
54.00000 65.00000 270130.27497
54.00000 66.00000 270139.46345
54.00000 67.00000 270144.49416
54.00000 68.00000 270157.71219
54.00000 69.00000 270170.90521
54.00000 70.00000 270176.77626
55.00000 25.00000 269795.36121
55.00000 26.00000 269791.52165
55.00000 27.00000 269783.65718
55.00000 28.00000 269788.58629
55.00000 29.00000 269791.81863
55.00000 30.00000 269781.17849
55.00000 31.00000 269768.32483
55.00000 32.00000 269778.23859
55.00000 33.00000 269783.18573
55.00000 34.00000 269786.05053
55.00000 35.00000 269791.75279
55.00000 36.00000 269784.78705
55.00000 37.00000 269781.65376
55.00000 38.00000 269780.72884
55.00000 39.00000 269780.17720
55.00000 40.00000 269802.09958
55.00000 41.00000 269835.32980
55.00000 42.00000 269868.07929
55.00000 43.00000 269890.62602
55.00000 44.00000 269910.95928
55.00000 45.00000 269922.75393
55.00000 46.00000 269930.69162
55.00000 47.00000 269939.90575
55.00000 48.00000 269957.20268
55.00000 49.00000 269969.99319
55.00000 50.00000 269974.90217
55.00000 51.00000 269966.84650
55.00000 52.00000 269948.98485
55.00000 53.00000 269928.91415
55.00000 54.00000 269907.81948
55.00000 55.00000 269891.09452
55.00000 56.00000 269903.70570
55.00000 57.00000 269925.69558
55.00000 58.00000 269949.47861
55.00000 59.00000 269971.93651
55.00000 60.00000 270003.25303
55.00000 61.00000 270030.76811
55.00000 62.00000 270056.71327
55.00000 63.00000 270082.40194
55.00000 64.00000 270107.17478
55.00000 65.00000 270129.24788
55.00000 66.00000 270138.33466
55.00000 67.00000 270143.57961
55.00000 68.00000 270157.99294
55.00000 69.00000 270172.16106
55.00000 70.00000 270176.31633
