k1 k2 chisq 
11.00000 25.00000 32972.40004
11.00000 26.00000 32976.75946
11.00000 27.00000 32975.37322
11.00000 28.00000 32983.00399
11.00000 29.00000 32988.85910
11.00000 30.00000 32982.79891
11.00000 31.00000 32978.14104
11.00000 32.00000 32985.42064
11.00000 33.00000 32987.49912
11.00000 34.00000 32979.67335
11.00000 35.00000 32971.25260
11.00000 36.00000 32968.29583
11.00000 37.00000 32967.34929
11.00000 38.00000 32967.94577
11.00000 39.00000 32971.13787
11.00000 40.00000 32979.84968
11.00000 41.00000 32986.00949
11.00000 42.00000 32993.98478
11.00000 43.00000 33002.67590
11.00000 44.00000 33003.65516
11.00000 45.00000 33002.04069
11.00000 46.00000 33000.65944
11.00000 47.00000 33008.85498
11.00000 48.00000 33021.42344
11.00000 49.00000 33033.72651
11.00000 50.00000 33043.04795
11.00000 51.00000 33054.35935
11.00000 52.00000 33063.86929
11.00000 53.00000 33067.24060
11.00000 54.00000 33065.63012
11.00000 55.00000 33074.58749
11.00000 56.00000 33090.44542
11.00000 57.00000 33105.51096
11.00000 58.00000 33120.34344
11.00000 59.00000 33131.44773
11.00000 60.00000 33140.66598
11.00000 61.00000 33146.45196
11.00000 62.00000 33149.08831
11.00000 63.00000 33148.91756
11.00000 64.00000 33149.58941
11.00000 65.00000 33151.27102
11.00000 66.00000 33155.43383
11.00000 67.00000 33169.42585
11.00000 68.00000 33181.47378
11.00000 69.00000 33190.35733
11.00000 70.00000 33201.50069
12.00000 25.00000 32982.38699
12.00000 26.00000 32985.90588
12.00000 27.00000 32983.68216
12.00000 28.00000 32990.27646
12.00000 29.00000 32995.81246
12.00000 30.00000 32989.87399
12.00000 31.00000 32985.21449
12.00000 32.00000 32992.63509
12.00000 33.00000 32995.14929
12.00000 34.00000 32987.76898
12.00000 35.00000 32979.50169
12.00000 36.00000 32976.69053
12.00000 37.00000 32975.73364
12.00000 38.00000 32976.02816
12.00000 39.00000 32978.64649
12.00000 40.00000 32987.01163
12.00000 41.00000 32993.14217
12.00000 42.00000 33001.32124
12.00000 43.00000 33010.12379
12.00000 44.00000 33011.03889
12.00000 45.00000 33009.23076
12.00000 46.00000 33007.35120
12.00000 47.00000 33014.84157
12.00000 48.00000 33027.01493
12.00000 49.00000 33039.24719
12.00000 50.00000 33048.33570
12.00000 51.00000 33059.28449
12.00000 52.00000 33068.71521
12.00000 53.00000 33072.45377
12.00000 54.00000 33071.24949
12.00000 55.00000 33080.26646
12.00000 56.00000 33096.16051
12.00000 57.00000 33111.23041
12.00000 58.00000 33125.90889
12.00000 59.00000 33136.88006
12.00000 60.00000 33145.94451
12.00000 61.00000 33151.52924
12.00000 62.00000 33154.32324
12.00000 63.00000 33154.40726
12.00000 64.00000 33155.55746
12.00000 65.00000 33157.61615
12.00000 66.00000 33161.52011
12.00000 67.00000 33175.22556
12.00000 68.00000 33187.21005
12.00000 69.00000 33196.14065
12.00000 70.00000 33207.94790
13.00000 25.00000 32980.14131
13.00000 26.00000 32981.56259
13.00000 27.00000 32978.60420
13.00000 28.00000 32985.63284
13.00000 29.00000 32991.91867
13.00000 30.00000 32987.00170
13.00000 31.00000 32984.03241
13.00000 32.00000 32991.80471
13.00000 33.00000 32993.62334
13.00000 34.00000 32985.86563
13.00000 35.00000 32978.10532
13.00000 36.00000 32975.72606
13.00000 37.00000 32974.55644
13.00000 38.00000 32974.47098
13.00000 39.00000 32976.94091
13.00000 40.00000 32985.15610
13.00000 41.00000 32990.73780
13.00000 42.00000 32998.52844
13.00000 43.00000 33008.38083
13.00000 44.00000 33011.07080
13.00000 45.00000 33010.17047
13.00000 46.00000 33008.17662
13.00000 47.00000 33015.19688
13.00000 48.00000 33026.66058
13.00000 49.00000 33038.50281
13.00000 50.00000 33047.82823
13.00000 51.00000 33059.04816
13.00000 52.00000 33068.63127
13.00000 53.00000 33071.64064
13.00000 54.00000 33068.83532
13.00000 55.00000 33077.75920
13.00000 56.00000 33094.81381
13.00000 57.00000 33111.13856
13.00000 58.00000 33126.69625
13.00000 59.00000 33137.69190
13.00000 60.00000 33146.58150
13.00000 61.00000 33151.62122
13.00000 62.00000 33152.94243
13.00000 63.00000 33153.63324
13.00000 64.00000 33156.51055
13.00000 65.00000 33160.01018
13.00000 66.00000 33164.74368
13.00000 67.00000 33178.21324
13.00000 68.00000 33190.07648
13.00000 69.00000 33198.44774
13.00000 70.00000 33209.43712
14.00000 25.00000 32973.45838
14.00000 26.00000 32972.78567
14.00000 27.00000 32969.78833
14.00000 28.00000 32977.22433
14.00000 29.00000 32984.34143
14.00000 30.00000 32980.81938
14.00000 31.00000 32979.34655
14.00000 32.00000 32986.83303
14.00000 33.00000 32987.35099
14.00000 34.00000 32979.47768
14.00000 35.00000 32972.73214
14.00000 36.00000 32970.72231
14.00000 37.00000 32969.49126
14.00000 38.00000 32969.12115
14.00000 39.00000 32971.54988
14.00000 40.00000 32979.54888
14.00000 41.00000 32984.63195
14.00000 42.00000 32991.92107
14.00000 43.00000 33002.34793
14.00000 44.00000 33005.97204
14.00000 45.00000 33005.95616
14.00000 46.00000 33004.33160
14.00000 47.00000 33011.07990
14.00000 48.00000 33021.93937
14.00000 49.00000 33033.31563
14.00000 50.00000 33042.79611
14.00000 51.00000 33054.46193
14.00000 52.00000 33064.34131
14.00000 53.00000 33067.26769
14.00000 54.00000 33064.06127
14.00000 55.00000 33072.86281
14.00000 56.00000 33089.90742
14.00000 57.00000 33106.75667
14.00000 58.00000 33122.95669
14.00000 59.00000 33133.74575
14.00000 60.00000 33142.29870
14.00000 61.00000 33147.06611
14.00000 62.00000 33147.39241
14.00000 63.00000 33148.69123
14.00000 64.00000 33153.07728
14.00000 65.00000 33157.98199
14.00000 66.00000 33164.12790
14.00000 67.00000 33177.34754
14.00000 68.00000 33188.80292
14.00000 69.00000 33196.64322
14.00000 70.00000 33206.46430
15.00000 25.00000 32949.82667
15.00000 26.00000 32947.95834
15.00000 27.00000 32945.11577
15.00000 28.00000 32952.98095
15.00000 29.00000 32961.63172
15.00000 30.00000 32960.13078
15.00000 31.00000 32960.00667
15.00000 32.00000 32967.69676
15.00000 33.00000 32968.20330
15.00000 34.00000 32960.59272
15.00000 35.00000 32954.57879
15.00000 36.00000 32952.68994
15.00000 37.00000 32951.71832
15.00000 38.00000 32951.70990
15.00000 39.00000 32954.63255
15.00000 40.00000 32962.86447
15.00000 41.00000 32968.15866
15.00000 42.00000 32975.47724
15.00000 43.00000 32985.90404
15.00000 44.00000 32989.91079
15.00000 45.00000 32991.10307
15.00000 46.00000 32991.10874
15.00000 47.00000 32998.45092
15.00000 48.00000 33008.83395
15.00000 49.00000 33019.68236
15.00000 50.00000 33029.15215
15.00000 51.00000 33041.40605
15.00000 52.00000 33052.26232
15.00000 53.00000 33056.06717
15.00000 54.00000 33053.90491
15.00000 55.00000 33062.76611
15.00000 56.00000 33078.99879
15.00000 57.00000 33095.55868
15.00000 58.00000 33112.05469
15.00000 59.00000 33122.82967
15.00000 60.00000 33131.53614
15.00000 61.00000 33136.65480
15.00000 62.00000 33136.81139
15.00000 63.00000 33138.46751
15.00000 64.00000 33143.90558
15.00000 65.00000 33150.19134
15.00000 66.00000 33158.18121
15.00000 67.00000 33171.45153
15.00000 68.00000 33182.32260
15.00000 69.00000 33189.85279
15.00000 70.00000 33199.09928
16.00000 25.00000 32929.74944
16.00000 26.00000 32928.09291
16.00000 27.00000 32925.51459
16.00000 28.00000 32932.90088
16.00000 29.00000 32941.94553
16.00000 30.00000 32941.32484
16.00000 31.00000 32941.65025
16.00000 32.00000 32950.38756
16.00000 33.00000 32951.97071
16.00000 34.00000 32944.83666
16.00000 35.00000 32938.73760
16.00000 36.00000 32935.74803
16.00000 37.00000 32934.38242
16.00000 38.00000 32934.54736
16.00000 39.00000 32937.85937
16.00000 40.00000 32947.07619
16.00000 41.00000 32953.52788
16.00000 42.00000 32961.69626
16.00000 43.00000 32972.11076
16.00000 44.00000 32975.21454
16.00000 45.00000 32975.89796
16.00000 46.00000 32976.38594
16.00000 47.00000 32984.36790
16.00000 48.00000 32995.33092
16.00000 49.00000 33006.71667
16.00000 50.00000 33016.39461
16.00000 51.00000 33028.52545
16.00000 52.00000 33039.80996
16.00000 53.00000 33044.32994
16.00000 54.00000 33043.42702
16.00000 55.00000 33053.16083
16.00000 56.00000 33069.34885
16.00000 57.00000 33085.47581
16.00000 58.00000 33101.48035
16.00000 59.00000 33112.26338
16.00000 60.00000 33121.51211
16.00000 61.00000 33127.33426
16.00000 62.00000 33128.17454
16.00000 63.00000 33129.64020
16.00000 64.00000 33134.42704
16.00000 65.00000 33140.39021
16.00000 66.00000 33149.16353
16.00000 67.00000 33163.82138
16.00000 68.00000 33175.55315
16.00000 69.00000 33183.63443
16.00000 70.00000 33192.74324
17.00000 25.00000 32915.39387
17.00000 26.00000 32915.59387
17.00000 27.00000 32914.85306
17.00000 28.00000 32922.06686
17.00000 29.00000 32929.67129
17.00000 30.00000 32927.53977
17.00000 31.00000 32927.27010
17.00000 32.00000 32936.60362
17.00000 33.00000 32939.63085
17.00000 34.00000 32934.00964
17.00000 35.00000 32928.56919
17.00000 36.00000 32923.83375
17.00000 37.00000 32920.50651
17.00000 38.00000 32919.75677
17.00000 39.00000 32923.19593
17.00000 40.00000 32933.60573
17.00000 41.00000 32941.71737
17.00000 42.00000 32951.54458
17.00000 43.00000 32962.52350
17.00000 44.00000 32965.07318
17.00000 45.00000 32964.52847
17.00000 46.00000 32963.95710
17.00000 47.00000 32971.89349
17.00000 48.00000 32983.21133
17.00000 49.00000 32995.20827
17.00000 50.00000 33005.70811
17.00000 51.00000 33017.83336
17.00000 52.00000 33029.19408
17.00000 53.00000 33033.84284
17.00000 54.00000 33033.26605
17.00000 55.00000 33043.43712
17.00000 56.00000 33059.75477
17.00000 57.00000 33075.63000
17.00000 58.00000 33091.34182
17.00000 59.00000 33102.36644
17.00000 60.00000 33112.41262
17.00000 61.00000 33119.12200
17.00000 62.00000 33121.20316
17.00000 63.00000 33122.88086
17.00000 64.00000 33127.13906
17.00000 65.00000 33132.17578
17.00000 66.00000 33140.26414
17.00000 67.00000 33156.00139
17.00000 68.00000 33168.71448
17.00000 69.00000 33177.50825
17.00000 70.00000 33187.36296
18.00000 25.00000 32900.02122
18.00000 26.00000 32902.93347
18.00000 27.00000 32904.73314
18.00000 28.00000 32912.87843
18.00000 29.00000 32919.97261
18.00000 30.00000 32916.70700
18.00000 31.00000 32915.46699
18.00000 32.00000 32924.23288
18.00000 33.00000 32928.24847
18.00000 34.00000 32925.02613
18.00000 35.00000 32921.38168
18.00000 36.00000 32915.76482
18.00000 37.00000 32910.26321
18.00000 38.00000 32907.79141
18.00000 39.00000 32910.63598
18.00000 40.00000 32921.41189
18.00000 41.00000 32930.50874
18.00000 42.00000 32941.66624
18.00000 43.00000 32953.07007
18.00000 44.00000 32955.44877
18.00000 45.00000 32954.47393
18.00000 46.00000 32953.36961
18.00000 47.00000 32961.29415
18.00000 48.00000 32972.76204
18.00000 49.00000 32984.87533
18.00000 50.00000 32995.73961
18.00000 51.00000 33007.72551
18.00000 52.00000 33018.64302
18.00000 53.00000 33023.43212
18.00000 54.00000 33023.55534
18.00000 55.00000 33034.08383
18.00000 56.00000 33050.22534
18.00000 57.00000 33065.70615
18.00000 58.00000 33080.72796
18.00000 59.00000 33091.66933
18.00000 60.00000 33102.21680
18.00000 61.00000 33110.01667
18.00000 62.00000 33114.20093
18.00000 63.00000 33116.70310
18.00000 64.00000 33121.06524
18.00000 65.00000 33125.84881
18.00000 66.00000 33133.20971
18.00000 67.00000 33149.73229
18.00000 68.00000 33162.99529
18.00000 69.00000 33172.41737
18.00000 70.00000 33183.37878
19.00000 25.00000 32888.42459
19.00000 26.00000 32893.88842
19.00000 27.00000 32897.46209
19.00000 28.00000 32906.85095
19.00000 29.00000 32914.58548
19.00000 30.00000 32911.62548
19.00000 31.00000 32910.01984
19.00000 32.00000 32917.88879
19.00000 33.00000 32922.12474
19.00000 34.00000 32920.53378
19.00000 35.00000 32918.60587
19.00000 36.00000 32913.55674
19.00000 37.00000 32907.04323
19.00000 38.00000 32903.02490
19.00000 39.00000 32904.56620
19.00000 40.00000 32914.81033
19.00000 41.00000 32923.96304
19.00000 42.00000 32935.64054
19.00000 43.00000 32947.14666
19.00000 44.00000 32949.71865
19.00000 45.00000 32949.14024
19.00000 46.00000 32948.25768
19.00000 47.00000 32956.28579
19.00000 48.00000 32968.22973
19.00000 49.00000 32980.61543
19.00000 50.00000 32991.65257
19.00000 51.00000 33003.43858
19.00000 52.00000 33013.42127
19.00000 53.00000 33017.98470
19.00000 54.00000 33018.51455
19.00000 55.00000 33029.34463
19.00000 56.00000 33045.51157
19.00000 57.00000 33060.91414
19.00000 58.00000 33075.11467
19.00000 59.00000 33085.71697
19.00000 60.00000 33096.38209
19.00000 61.00000 33105.12301
19.00000 62.00000 33111.58805
19.00000 63.00000 33115.37489
19.00000 64.00000 33120.50059
19.00000 65.00000 33125.72353
19.00000 66.00000 33132.56158
19.00000 67.00000 33149.66097
19.00000 68.00000 33163.39641
19.00000 69.00000 33173.60297
19.00000 70.00000 33185.87684
20.00000 25.00000 32892.13701
20.00000 26.00000 32896.83424
20.00000 27.00000 32899.08107
20.00000 28.00000 32909.02397
20.00000 29.00000 32917.39842
20.00000 30.00000 32915.02891
20.00000 31.00000 32913.51865
20.00000 32.00000 32922.07377
20.00000 33.00000 32926.97547
20.00000 34.00000 32925.54610
20.00000 35.00000 32923.55200
20.00000 36.00000 32919.72509
20.00000 37.00000 32913.15740
20.00000 38.00000 32908.17555
20.00000 39.00000 32908.71972
20.00000 40.00000 32918.75183
20.00000 41.00000 32927.40506
20.00000 42.00000 32938.50446
20.00000 43.00000 32949.48797
20.00000 44.00000 32951.94911
20.00000 45.00000 32951.49198
20.00000 46.00000 32950.78226
20.00000 47.00000 32958.85565
20.00000 48.00000 32971.49867
20.00000 49.00000 32984.22650
20.00000 50.00000 32994.95397
20.00000 51.00000 33006.36230
20.00000 52.00000 33015.98991
20.00000 53.00000 33019.93503
20.00000 54.00000 33019.48858
20.00000 55.00000 33030.70746
20.00000 56.00000 33048.11162
20.00000 57.00000 33064.51928
20.00000 58.00000 33079.04337
20.00000 59.00000 33089.50833
20.00000 60.00000 33100.05814
20.00000 61.00000 33108.69932
20.00000 62.00000 33115.44295
20.00000 63.00000 33120.50209
20.00000 64.00000 33127.48595
20.00000 65.00000 33133.93213
20.00000 66.00000 33140.47625
20.00000 67.00000 33157.34316
20.00000 68.00000 33170.68835
20.00000 69.00000 33180.44478
20.00000 70.00000 33192.95245
21.00000 25.00000 32910.21156
21.00000 26.00000 32910.65162
21.00000 27.00000 32909.69429
21.00000 28.00000 32919.20944
21.00000 29.00000 32927.42031
21.00000 30.00000 32924.92603
21.00000 31.00000 32922.90832
21.00000 32.00000 32932.50054
21.00000 33.00000 32938.78372
21.00000 34.00000 32937.61743
21.00000 35.00000 32934.79039
21.00000 36.00000 32932.01901
21.00000 37.00000 32925.90311
21.00000 38.00000 32920.26429
21.00000 39.00000 32920.23774
21.00000 40.00000 32930.94415
21.00000 41.00000 32939.28711
21.00000 42.00000 32949.23020
21.00000 43.00000 32959.06462
21.00000 44.00000 32960.99149
21.00000 45.00000 32960.03554
21.00000 46.00000 32958.97439
21.00000 47.00000 32966.97640
21.00000 48.00000 32980.05406
21.00000 49.00000 32992.39836
21.00000 50.00000 33001.57504
21.00000 51.00000 33012.04730
21.00000 52.00000 33022.18283
21.00000 53.00000 33026.30418
21.00000 54.00000 33024.98163
21.00000 55.00000 33036.23271
21.00000 56.00000 33054.36661
21.00000 57.00000 33071.41572
21.00000 58.00000 33086.94557
21.00000 59.00000 33097.85251
21.00000 60.00000 33108.94761
21.00000 61.00000 33117.42820
21.00000 62.00000 33122.73972
21.00000 63.00000 33127.96599
21.00000 64.00000 33136.06101
21.00000 65.00000 33143.57401
21.00000 66.00000 33150.80432
21.00000 67.00000 33167.65496
21.00000 68.00000 33180.46588
21.00000 69.00000 33189.22540
21.00000 70.00000 33200.36134
22.00000 25.00000 32922.48139
22.00000 26.00000 32921.63156
22.00000 27.00000 32919.57519
22.00000 28.00000 32928.67988
22.00000 29.00000 32936.03421
22.00000 30.00000 32932.89506
22.00000 31.00000 32930.23149
22.00000 32.00000 32939.39145
22.00000 33.00000 32946.32171
22.00000 34.00000 32945.79726
22.00000 35.00000 32942.62098
22.00000 36.00000 32940.50091
22.00000 37.00000 32935.22958
22.00000 38.00000 32930.08950
22.00000 39.00000 32930.16587
22.00000 40.00000 32941.12989
22.00000 41.00000 32949.39480
22.00000 42.00000 32958.79298
22.00000 43.00000 32967.70659
22.00000 44.00000 32968.26308
22.00000 45.00000 32966.16177
22.00000 46.00000 32964.68973
22.00000 47.00000 32972.72880
22.00000 48.00000 32986.01060
22.00000 49.00000 32997.83263
22.00000 50.00000 33005.52240
22.00000 51.00000 33015.03540
22.00000 52.00000 33025.48656
22.00000 53.00000 33030.58410
22.00000 54.00000 33030.28686
22.00000 55.00000 33041.59815
22.00000 56.00000 33059.08252
22.00000 57.00000 33075.51749
22.00000 58.00000 33091.48622
22.00000 59.00000 33102.51941
22.00000 60.00000 33114.25494
22.00000 61.00000 33123.29689
22.00000 62.00000 33128.16918
22.00000 63.00000 33133.14342
22.00000 64.00000 33141.25742
22.00000 65.00000 33149.36804
22.00000 66.00000 33158.18665
22.00000 67.00000 33175.08286
22.00000 68.00000 33187.59111
22.00000 69.00000 33195.91343
22.00000 70.00000 33205.68791
23.00000 25.00000 32927.87124
23.00000 26.00000 32930.57561
23.00000 27.00000 32929.41449
23.00000 28.00000 32937.76020
23.00000 29.00000 32943.77591
23.00000 30.00000 32939.81192
23.00000 31.00000 32936.60843
23.00000 32.00000 32943.91408
23.00000 33.00000 32950.48208
23.00000 34.00000 32950.62964
23.00000 35.00000 32947.71527
23.00000 36.00000 32945.69777
23.00000 37.00000 32941.46760
23.00000 38.00000 32938.16466
23.00000 39.00000 32939.27269
23.00000 40.00000 32949.31246
23.00000 41.00000 32956.74078
23.00000 42.00000 32965.82965
23.00000 43.00000 32974.25095
23.00000 44.00000 32973.17409
23.00000 45.00000 32969.96198
23.00000 46.00000 32968.44822
23.00000 47.00000 32976.45186
23.00000 48.00000 32989.11062
23.00000 49.00000 33000.26636
23.00000 50.00000 33007.46857
23.00000 51.00000 33016.86878
23.00000 52.00000 33027.80879
23.00000 53.00000 33034.36364
23.00000 54.00000 33036.41396
23.00000 55.00000 33047.39463
23.00000 56.00000 33063.01600
23.00000 57.00000 33077.94041
23.00000 58.00000 33093.59714
23.00000 59.00000 33104.65643
23.00000 60.00000 33117.05896
23.00000 61.00000 33127.07441
23.00000 62.00000 33133.07943
23.00000 63.00000 33137.44949
23.00000 64.00000 33144.62742
23.00000 65.00000 33152.70352
23.00000 66.00000 33163.01099
23.00000 67.00000 33179.61665
23.00000 68.00000 33191.88141
23.00000 69.00000 33200.38882
23.00000 70.00000 33209.62909
24.00000 25.00000 32935.21605
24.00000 26.00000 32937.66695
24.00000 27.00000 32935.60042
24.00000 28.00000 32944.86697
24.00000 29.00000 32951.49080
24.00000 30.00000 32947.96333
24.00000 31.00000 32944.97146
24.00000 32.00000 32950.38298
24.00000 33.00000 32955.86762
24.00000 34.00000 32956.31023
24.00000 35.00000 32954.43511
24.00000 36.00000 32953.47361
24.00000 37.00000 32949.97295
24.00000 38.00000 32947.21756
24.00000 39.00000 32948.33691
24.00000 40.00000 32957.86286
24.00000 41.00000 32964.66435
24.00000 42.00000 32973.41302
24.00000 43.00000 32981.81294
24.00000 44.00000 32980.49581
24.00000 45.00000 32976.02303
24.00000 46.00000 32973.23003
24.00000 47.00000 32980.92354
24.00000 48.00000 32994.53974
24.00000 49.00000 33006.62349
24.00000 50.00000 33014.64672
24.00000 51.00000 33023.69902
24.00000 52.00000 33032.98649
24.00000 53.00000 33038.31029
24.00000 54.00000 33040.54533
24.00000 55.00000 33052.20837
24.00000 56.00000 33068.75765
24.00000 57.00000 33083.87268
24.00000 58.00000 33099.22546
24.00000 59.00000 33110.19189
24.00000 60.00000 33122.69824
24.00000 61.00000 33133.19269
24.00000 62.00000 33140.23406
24.00000 63.00000 33144.63335
24.00000 64.00000 33150.99285
24.00000 65.00000 33157.98997
24.00000 66.00000 33168.28797
24.00000 67.00000 33185.59569
24.00000 68.00000 33198.53594
24.00000 69.00000 33207.51003
24.00000 70.00000 33216.70277
25.00000 25.00000 32937.34357
25.00000 26.00000 32930.53674
25.00000 27.00000 32928.78857
25.00000 28.00000 32940.25970
25.00000 29.00000 32949.20045
25.00000 30.00000 32947.22337
25.00000 31.00000 32944.91671
25.00000 32.00000 32949.51060
25.00000 33.00000 32953.97375
25.00000 34.00000 32954.22976
25.00000 35.00000 32953.60555
25.00000 36.00000 32954.81968
25.00000 37.00000 32952.97691
25.00000 38.00000 32950.66249
25.00000 39.00000 32951.20337
25.00000 40.00000 32960.25173
25.00000 41.00000 32966.43941
25.00000 42.00000 32974.44101
25.00000 43.00000 32982.42852
25.00000 44.00000 32982.12231
25.00000 45.00000 32977.30270
25.00000 46.00000 32972.63579
25.00000 47.00000 32979.10296
25.00000 48.00000 32993.53720
25.00000 49.00000 33006.78589
25.00000 50.00000 33016.37082
25.00000 51.00000 33025.84213
25.00000 52.00000 33033.71656
25.00000 53.00000 33036.72905
25.00000 54.00000 33036.76106
25.00000 55.00000 33048.18301
25.00000 56.00000 33066.77552
25.00000 57.00000 33083.52395
25.00000 58.00000 33099.20531
25.00000 59.00000 33110.67144
25.00000 60.00000 33123.38018
25.00000 61.00000 33133.70848
25.00000 62.00000 33140.88606
25.00000 63.00000 33145.77543
25.00000 64.00000 33152.81767
25.00000 65.00000 33159.65518
25.00000 66.00000 33169.40422
25.00000 67.00000 33186.84639
25.00000 68.00000 33199.89291
25.00000 69.00000 33208.77165
25.00000 70.00000 33217.45730
26.00000 25.00000 32925.62539
26.00000 26.00000 32927.94992
26.00000 27.00000 32920.21731
26.00000 28.00000 32933.28495
26.00000 29.00000 32943.41783
26.00000 30.00000 32943.37332
26.00000 31.00000 32942.20583
26.00000 32.00000 32947.00321
26.00000 33.00000 32950.98549
26.00000 34.00000 32950.60957
26.00000 35.00000 32950.81253
26.00000 36.00000 32953.24168
26.00000 37.00000 32952.75987
26.00000 38.00000 32951.60516
26.00000 39.00000 32952.60539
26.00000 40.00000 32960.74707
26.00000 41.00000 32965.67830
26.00000 42.00000 32971.94879
26.00000 43.00000 32978.91678
26.00000 44.00000 32979.52959
26.00000 45.00000 32975.84924
26.00000 46.00000 32971.06099
26.00000 47.00000 32976.32713
26.00000 48.00000 32990.68541
26.00000 49.00000 33004.51425
26.00000 50.00000 33015.55808
26.00000 51.00000 33025.96868
26.00000 52.00000 33032.92570
26.00000 53.00000 33034.32828
26.00000 54.00000 33032.06541
26.00000 55.00000 33042.25696
26.00000 56.00000 33062.26715
26.00000 57.00000 33081.41309
26.00000 58.00000 33098.66406
26.00000 59.00000 33111.21003
26.00000 60.00000 33123.57164
26.00000 61.00000 33132.94261
26.00000 62.00000 33139.47383
26.00000 63.00000 33144.76326
26.00000 64.00000 33152.91958
26.00000 65.00000 33160.44433
26.00000 66.00000 33170.00340
26.00000 67.00000 33186.80568
26.00000 68.00000 33199.30623
26.00000 69.00000 33208.15286
26.00000 70.00000 33216.63679
27.00000 25.00000 32918.08156
27.00000 26.00000 32922.32101
27.00000 27.00000 32920.24568
27.00000 28.00000 32928.66640
27.00000 29.00000 32937.46089
27.00000 30.00000 32937.81586
27.00000 31.00000 32939.21424
27.00000 32.00000 32944.59996
27.00000 33.00000 32948.50924
27.00000 34.00000 32947.96017
27.00000 35.00000 32948.71789
27.00000 36.00000 32951.02675
27.00000 37.00000 32950.67796
27.00000 38.00000 32950.16411
27.00000 39.00000 32951.86412
27.00000 40.00000 32958.79822
27.00000 41.00000 32962.48135
27.00000 42.00000 32967.44626
27.00000 43.00000 32973.68436
27.00000 44.00000 32974.68253
27.00000 45.00000 32972.47871
27.00000 46.00000 32969.26795
27.00000 47.00000 32974.32841
27.00000 48.00000 32988.25405
27.00000 49.00000 33002.27795
27.00000 50.00000 33014.23324
27.00000 51.00000 33025.50409
27.00000 52.00000 33031.78955
27.00000 53.00000 33032.59250
27.00000 54.00000 33029.85868
27.00000 55.00000 33038.75121
27.00000 56.00000 33058.44736
27.00000 57.00000 33078.56276
27.00000 58.00000 33097.23064
27.00000 59.00000 33110.70663
27.00000 60.00000 33122.35555
27.00000 61.00000 33131.20960
27.00000 62.00000 33137.69177
27.00000 63.00000 33143.36557
27.00000 64.00000 33152.36238
27.00000 65.00000 33160.70292
27.00000 66.00000 33170.59643
27.00000 67.00000 33186.57225
27.00000 68.00000 33198.28514
27.00000 69.00000 33207.08940
27.00000 70.00000 33215.90490
28.00000 25.00000 32923.95739
28.00000 26.00000 32930.06445
28.00000 27.00000 32931.93731
28.00000 28.00000 32938.87079
28.00000 29.00000 32945.39294
28.00000 30.00000 32943.90424
28.00000 31.00000 32943.38559
28.00000 32.00000 32948.88017
28.00000 33.00000 32952.30861
28.00000 34.00000 32951.18773
28.00000 35.00000 32951.81292
28.00000 36.00000 32954.83744
28.00000 37.00000 32954.59180
28.00000 38.00000 32953.20919
28.00000 39.00000 32954.05734
28.00000 40.00000 32961.57277
28.00000 41.00000 32966.25839
28.00000 42.00000 32971.90499
28.00000 43.00000 32978.50533
28.00000 44.00000 32979.73251
28.00000 45.00000 32977.41832
28.00000 46.00000 32974.51560
28.00000 47.00000 32979.62842
28.00000 48.00000 32992.96418
28.00000 49.00000 33006.66901
28.00000 50.00000 33018.34336
28.00000 51.00000 33029.45118
28.00000 52.00000 33035.69532
28.00000 53.00000 33036.02433
28.00000 54.00000 33033.61806
28.00000 55.00000 33043.93064
28.00000 56.00000 33064.50841
28.00000 57.00000 33084.95599
28.00000 58.00000 33103.56860
28.00000 59.00000 33117.05031
28.00000 60.00000 33128.80711
28.00000 61.00000 33137.11519
28.00000 62.00000 33143.07980
28.00000 63.00000 33148.28254
28.00000 64.00000 33156.79532
28.00000 65.00000 33164.90571
28.00000 66.00000 33174.48194
28.00000 67.00000 33191.02940
28.00000 68.00000 33203.38288
28.00000 69.00000 33212.18706
28.00000 70.00000 33221.57071
29.00000 25.00000 32925.04742
29.00000 26.00000 32932.12103
29.00000 27.00000 32934.42927
29.00000 28.00000 32943.35555
29.00000 29.00000 32951.19487
29.00000 30.00000 32948.51871
29.00000 31.00000 32945.02507
29.00000 32.00000 32949.90800
29.00000 33.00000 32952.84601
29.00000 34.00000 32951.18522
29.00000 35.00000 32951.39287
29.00000 36.00000 32954.45171
29.00000 37.00000 32954.23567
29.00000 38.00000 32952.44570
29.00000 39.00000 32952.78498
29.00000 40.00000 32960.58390
29.00000 41.00000 32965.95772
29.00000 42.00000 32972.18322
29.00000 43.00000 32979.34832
29.00000 44.00000 32981.50969
29.00000 45.00000 32979.82527
29.00000 46.00000 32977.59878
29.00000 47.00000 32983.28945
29.00000 48.00000 32996.10872
29.00000 49.00000 33008.95784
29.00000 50.00000 33019.75886
29.00000 51.00000 33030.29713
29.00000 52.00000 33036.68362
29.00000 53.00000 33036.71249
29.00000 54.00000 33034.14206
29.00000 55.00000 33045.51341
29.00000 56.00000 33066.87017
29.00000 57.00000 33088.01929
29.00000 58.00000 33107.65142
29.00000 59.00000 33121.38428
29.00000 60.00000 33133.87817
29.00000 61.00000 33142.41646
29.00000 62.00000 33147.65046
29.00000 63.00000 33151.95823
29.00000 64.00000 33159.47617
29.00000 65.00000 33167.09278
29.00000 66.00000 33176.45533
29.00000 67.00000 33192.95865
29.00000 68.00000 33205.80994
29.00000 69.00000 33215.12945
29.00000 70.00000 33224.85766
30.00000 25.00000 32917.78532
30.00000 26.00000 32925.07327
30.00000 27.00000 32928.20843
30.00000 28.00000 32937.36987
30.00000 29.00000 32942.92847
30.00000 30.00000 32936.67886
30.00000 31.00000 32941.93763
30.00000 32.00000 32945.34853
30.00000 33.00000 32946.15565
30.00000 34.00000 32943.64580
30.00000 35.00000 32943.91023
30.00000 36.00000 32946.51777
30.00000 37.00000 32946.29493
30.00000 38.00000 32944.82773
30.00000 39.00000 32945.37028
30.00000 40.00000 32952.85131
30.00000 41.00000 32958.38803
30.00000 42.00000 32965.39690
30.00000 43.00000 32973.42832
30.00000 44.00000 32976.40542
30.00000 45.00000 32976.23224
30.00000 46.00000 32975.78846
30.00000 47.00000 32982.81826
30.00000 48.00000 32995.02676
30.00000 49.00000 33006.86290
30.00000 50.00000 33016.86252
30.00000 51.00000 33027.02200
30.00000 52.00000 33033.67144
30.00000 53.00000 33034.09124
30.00000 54.00000 33031.67410
30.00000 55.00000 33043.24776
30.00000 56.00000 33063.99684
30.00000 57.00000 33084.97616
30.00000 58.00000 33105.62758
30.00000 59.00000 33120.17674
30.00000 60.00000 33134.05130
30.00000 61.00000 33144.17421
30.00000 62.00000 33150.27584
30.00000 63.00000 33153.75354
30.00000 64.00000 33159.77673
30.00000 65.00000 33166.76458
30.00000 66.00000 33176.15541
30.00000 67.00000 33192.51649
30.00000 68.00000 33205.70989
30.00000 69.00000 33216.02145
30.00000 70.00000 33226.81657
31.00000 25.00000 32915.24800
31.00000 26.00000 32923.58117
31.00000 27.00000 32928.03354
31.00000 28.00000 32937.80275
31.00000 29.00000 32945.65807
31.00000 30.00000 32940.10760
31.00000 31.00000 32933.55791
31.00000 32.00000 32939.68937
31.00000 33.00000 32939.84574
31.00000 34.00000 32936.26063
31.00000 35.00000 32936.34498
31.00000 36.00000 32937.57710
31.00000 37.00000 32937.23968
31.00000 38.00000 32936.60837
31.00000 39.00000 32937.93238
31.00000 40.00000 32944.81737
31.00000 41.00000 32950.30924
31.00000 42.00000 32958.11442
31.00000 43.00000 32966.86137
31.00000 44.00000 32969.61838
31.00000 45.00000 32970.57698
31.00000 46.00000 32972.31463
31.00000 47.00000 32980.90351
31.00000 48.00000 32992.22219
31.00000 49.00000 33003.01114
31.00000 50.00000 33012.45931
31.00000 51.00000 33022.91363
31.00000 52.00000 33030.41169
31.00000 53.00000 33032.31760
31.00000 54.00000 33031.09302
31.00000 55.00000 33042.45678
31.00000 56.00000 33061.87856
31.00000 57.00000 33082.13366
31.00000 58.00000 33103.03067
31.00000 59.00000 33118.12631
31.00000 60.00000 33132.80892
31.00000 61.00000 33144.28413
31.00000 62.00000 33151.92043
31.00000 63.00000 33155.07278
31.00000 64.00000 33160.07526
31.00000 65.00000 33166.83197
31.00000 66.00000 33176.58105
31.00000 67.00000 33193.00051
31.00000 68.00000 33206.65893
31.00000 69.00000 33218.16613
31.00000 70.00000 33230.43055
32.00000 25.00000 32928.29685
32.00000 26.00000 32935.91866
32.00000 27.00000 32938.73249
32.00000 28.00000 32947.81078
32.00000 29.00000 32956.78819
32.00000 30.00000 32954.18966
32.00000 31.00000 32949.20715
32.00000 32.00000 32949.04752
32.00000 33.00000 32949.39172
32.00000 34.00000 32945.01507
32.00000 35.00000 32943.44937
32.00000 36.00000 32944.20049
32.00000 37.00000 32942.88308
32.00000 38.00000 32942.17677
32.00000 39.00000 32943.64773
32.00000 40.00000 32950.49089
32.00000 41.00000 32955.57386
32.00000 42.00000 32963.22276
32.00000 43.00000 32972.44207
32.00000 44.00000 32975.35270
32.00000 45.00000 32975.64081
32.00000 46.00000 32976.60006
32.00000 47.00000 32985.50117
32.00000 48.00000 32997.74427
32.00000 49.00000 33008.49817
32.00000 50.00000 33016.90021
32.00000 51.00000 33027.53679
32.00000 52.00000 33036.56724
32.00000 53.00000 33039.14503
32.00000 54.00000 33037.95935
32.00000 55.00000 33049.70427
32.00000 56.00000 33069.29055
32.00000 57.00000 33089.27775
32.00000 58.00000 33109.69078
32.00000 59.00000 33124.76786
32.00000 60.00000 33139.15509
32.00000 61.00000 33150.25345
32.00000 62.00000 33157.74803
32.00000 63.00000 33162.03909
32.00000 64.00000 33167.81318
32.00000 65.00000 33174.58760
32.00000 66.00000 33184.46766
32.00000 67.00000 33202.14032
32.00000 68.00000 33216.52763
32.00000 69.00000 33228.13079
32.00000 70.00000 33241.29794
33.00000 25.00000 32938.41865
33.00000 26.00000 32944.55384
33.00000 27.00000 32945.47348
33.00000 28.00000 32952.05178
33.00000 29.00000 32959.70132
33.00000 30.00000 32957.25476
33.00000 31.00000 32953.25528
33.00000 32.00000 32960.00508
33.00000 33.00000 32960.10277
33.00000 34.00000 32951.49228
33.00000 35.00000 32949.66723
33.00000 36.00000 32952.45513
33.00000 37.00000 32949.66939
33.00000 38.00000 32947.67795
33.00000 39.00000 32949.02077
33.00000 40.00000 32956.40448
33.00000 41.00000 32960.96685
33.00000 42.00000 32967.77902
33.00000 43.00000 32976.57927
33.00000 44.00000 32980.02580
33.00000 45.00000 32980.11634
33.00000 46.00000 32979.91382
33.00000 47.00000 32988.17061
33.00000 48.00000 33000.85309
33.00000 49.00000 33011.54008
33.00000 50.00000 33019.22821
33.00000 51.00000 33029.62933
33.00000 52.00000 33040.16855
33.00000 53.00000 33043.97109
33.00000 54.00000 33043.05864
33.00000 55.00000 33054.92149
33.00000 56.00000 33074.55583
33.00000 57.00000 33094.59735
33.00000 58.00000 33114.79323
33.00000 59.00000 33130.00883
33.00000 60.00000 33144.15598
33.00000 61.00000 33154.74271
33.00000 62.00000 33161.33084
33.00000 63.00000 33166.15366
33.00000 64.00000 33173.52288
33.00000 65.00000 33181.52799
33.00000 66.00000 33192.08809
33.00000 67.00000 33210.33874
33.00000 68.00000 33224.60693
33.00000 69.00000 33235.64896
33.00000 70.00000 33248.62123
34.00000 25.00000 32940.67211
34.00000 26.00000 32945.51645
34.00000 27.00000 32945.73021
34.00000 28.00000 32949.52162
34.00000 29.00000 32953.88972
34.00000 30.00000 32948.39538
34.00000 31.00000 32944.01857
34.00000 32.00000 32952.64974
34.00000 33.00000 32960.83343
34.00000 34.00000 32954.53697
34.00000 35.00000 32950.26503
34.00000 36.00000 32954.79204
34.00000 37.00000 32950.80193
34.00000 38.00000 32946.92783
34.00000 39.00000 32948.03531
34.00000 40.00000 32957.38198
34.00000 41.00000 32962.75613
34.00000 42.00000 32969.29445
34.00000 43.00000 32977.04322
34.00000 44.00000 32979.30413
34.00000 45.00000 32978.11120
34.00000 46.00000 32976.10142
34.00000 47.00000 32983.05301
34.00000 48.00000 32995.57684
34.00000 49.00000 33006.54880
34.00000 50.00000 33014.64982
34.00000 51.00000 33024.68157
34.00000 52.00000 33035.64460
34.00000 53.00000 33041.11395
34.00000 54.00000 33042.08815
34.00000 55.00000 33054.38208
34.00000 56.00000 33073.34311
34.00000 57.00000 33093.14026
34.00000 58.00000 33113.42013
34.00000 59.00000 33128.95325
34.00000 60.00000 33143.05219
34.00000 61.00000 33153.57539
34.00000 62.00000 33159.89040
34.00000 63.00000 33165.01836
34.00000 64.00000 33173.36334
34.00000 65.00000 33182.63012
34.00000 66.00000 33194.22084
34.00000 67.00000 33212.60108
34.00000 68.00000 33226.27085
34.00000 69.00000 33236.59591
34.00000 70.00000 33248.63407
35.00000 25.00000 32938.87712
35.00000 26.00000 32943.11601
35.00000 27.00000 32943.37627
35.00000 28.00000 32946.18021
35.00000 29.00000 32948.77436
35.00000 30.00000 32941.39241
35.00000 31.00000 32934.95555
35.00000 32.00000 32942.71911
35.00000 33.00000 32952.04167
35.00000 34.00000 32956.49866
35.00000 35.00000 32949.45553
35.00000 36.00000 32950.97576
35.00000 37.00000 32946.08055
35.00000 38.00000 32942.01230
35.00000 39.00000 32943.41052
35.00000 40.00000 32954.46869
35.00000 41.00000 32961.13960
35.00000 42.00000 32968.16085
35.00000 43.00000 32974.99794
35.00000 44.00000 32975.05457
35.00000 45.00000 32971.76879
35.00000 46.00000 32967.58268
35.00000 47.00000 32972.97277
35.00000 48.00000 32985.02887
35.00000 49.00000 32996.42652
35.00000 50.00000 33005.78207
35.00000 51.00000 33015.65633
35.00000 52.00000 33026.33544
35.00000 53.00000 33033.16457
35.00000 54.00000 33036.65414
35.00000 55.00000 33049.94881
35.00000 56.00000 33068.20927
35.00000 57.00000 33087.73059
35.00000 58.00000 33107.88349
35.00000 59.00000 33123.69623
35.00000 60.00000 33138.04019
35.00000 61.00000 33149.10507
35.00000 62.00000 33156.45505
35.00000 63.00000 33161.93482
35.00000 64.00000 33170.21626
35.00000 65.00000 33179.66233
35.00000 66.00000 33191.62707
35.00000 67.00000 33210.03604
35.00000 68.00000 33223.37847
35.00000 69.00000 33233.50033
35.00000 70.00000 33245.22380
36.00000 25.00000 32936.60582
36.00000 26.00000 32940.81609
36.00000 27.00000 32940.14057
36.00000 28.00000 32944.46191
36.00000 29.00000 32948.31823
36.00000 30.00000 32942.44392
36.00000 31.00000 32936.82483
36.00000 32.00000 32942.83085
36.00000 33.00000 32948.80139
36.00000 34.00000 32951.42913
36.00000 35.00000 32946.92640
36.00000 36.00000 32950.08192
36.00000 37.00000 32944.26357
36.00000 38.00000 32936.30897
36.00000 39.00000 32936.49970
36.00000 40.00000 32948.37790
36.00000 41.00000 32956.37781
36.00000 42.00000 32964.22146
36.00000 43.00000 32970.70860
36.00000 44.00000 32969.91114
36.00000 45.00000 32965.07639
36.00000 46.00000 32959.67758
36.00000 47.00000 32964.96631
36.00000 48.00000 32977.28019
36.00000 49.00000 32989.44452
36.00000 50.00000 33000.16276
36.00000 51.00000 33010.23738
36.00000 52.00000 33020.39271
36.00000 53.00000 33026.48537
36.00000 54.00000 33029.80081
36.00000 55.00000 33044.63401
36.00000 56.00000 33064.37662
36.00000 57.00000 33084.34879
36.00000 58.00000 33103.64408
36.00000 59.00000 33118.65974
36.00000 60.00000 33133.00191
36.00000 61.00000 33144.40182
36.00000 62.00000 33153.05709
36.00000 63.00000 33159.95385
36.00000 64.00000 33169.09888
36.00000 65.00000 33178.14269
36.00000 66.00000 33189.42435
36.00000 67.00000 33208.38072
36.00000 68.00000 33222.52698
36.00000 69.00000 33233.05264
36.00000 70.00000 33245.44294
37.00000 25.00000 32933.15964
37.00000 26.00000 32937.47473
37.00000 27.00000 32935.78762
37.00000 28.00000 32941.03826
37.00000 29.00000 32946.66839
37.00000 30.00000 32942.91020
37.00000 31.00000 32939.16606
37.00000 32.00000 32945.34365
37.00000 33.00000 32948.52430
37.00000 34.00000 32945.02489
37.00000 35.00000 32940.66551
37.00000 36.00000 32942.13659
37.00000 37.00000 32942.90562
37.00000 38.00000 32931.08294
37.00000 39.00000 32930.47203
37.00000 40.00000 32940.52311
37.00000 41.00000 32948.60036
37.00000 42.00000 32957.26129
37.00000 43.00000 32963.52691
37.00000 44.00000 32962.74545
37.00000 45.00000 32957.48077
37.00000 46.00000 32952.25489
37.00000 47.00000 32958.89062
37.00000 48.00000 32971.73723
37.00000 49.00000 32984.06405
37.00000 50.00000 32995.39166
37.00000 51.00000 33006.47441
37.00000 52.00000 33017.89956
37.00000 53.00000 33024.14005
37.00000 54.00000 33026.26957
37.00000 55.00000 33041.51780
37.00000 56.00000 33062.73956
37.00000 57.00000 33082.78830
37.00000 58.00000 33100.82931
37.00000 59.00000 33115.02820
37.00000 60.00000 33128.83051
37.00000 61.00000 33139.78127
37.00000 62.00000 33148.86221
37.00000 63.00000 33157.10796
37.00000 64.00000 33168.32353
37.00000 65.00000 33178.10050
37.00000 66.00000 33189.13124
37.00000 67.00000 33208.02904
37.00000 68.00000 33222.47062
37.00000 69.00000 33233.35792
37.00000 70.00000 33246.36026
38.00000 25.00000 32927.51663
38.00000 26.00000 32932.06321
38.00000 27.00000 32929.97549
38.00000 28.00000 32935.41970
38.00000 29.00000 32942.74704
38.00000 30.00000 32941.41189
38.00000 31.00000 32940.04485
38.00000 32.00000 32946.29372
38.00000 33.00000 32947.96536
38.00000 34.00000 32939.57914
38.00000 35.00000 32932.19090
38.00000 36.00000 32934.43698
38.00000 37.00000 32933.21698
38.00000 38.00000 32927.89043
38.00000 39.00000 32926.22525
38.00000 40.00000 32933.53735
38.00000 41.00000 32939.19895
38.00000 42.00000 32947.16351
38.00000 43.00000 32953.16819
38.00000 44.00000 32952.93333
38.00000 45.00000 32948.91174
38.00000 46.00000 32945.37043
38.00000 47.00000 32953.92518
38.00000 48.00000 32967.73564
38.00000 49.00000 32980.13152
38.00000 50.00000 32990.67041
38.00000 51.00000 33002.47388
38.00000 52.00000 33015.37940
38.00000 53.00000 33022.50826
38.00000 54.00000 33023.57535
38.00000 55.00000 33038.36455
38.00000 56.00000 33060.77287
38.00000 57.00000 33080.95338
38.00000 58.00000 33097.57692
38.00000 59.00000 33111.28950
38.00000 60.00000 33124.70736
38.00000 61.00000 33135.12566
38.00000 62.00000 33143.52389
38.00000 63.00000 33152.10946
38.00000 64.00000 33165.21879
38.00000 65.00000 33176.48657
38.00000 66.00000 33187.79421
38.00000 67.00000 33206.44722
38.00000 68.00000 33221.21943
38.00000 69.00000 33232.82931
38.00000 70.00000 33246.16118
39.00000 25.00000 32922.81926
39.00000 26.00000 32927.36086
39.00000 27.00000 32925.35384
39.00000 28.00000 32930.06483
39.00000 29.00000 32938.17819
39.00000 30.00000 32938.63248
39.00000 31.00000 32939.26956
39.00000 32.00000 32945.65390
39.00000 33.00000 32946.56171
39.00000 34.00000 32936.86033
39.00000 35.00000 32927.38007
39.00000 36.00000 32929.58051
39.00000 37.00000 32929.12319
39.00000 38.00000 32926.70354
39.00000 39.00000 32924.60927
39.00000 40.00000 32926.36251
39.00000 41.00000 32931.04965
39.00000 42.00000 32938.87653
39.00000 43.00000 32945.16530
39.00000 44.00000 32945.35397
39.00000 45.00000 32942.51618
39.00000 46.00000 32940.62687
39.00000 47.00000 32950.85985
39.00000 48.00000 32965.52322
39.00000 49.00000 32978.06336
39.00000 50.00000 32987.85293
39.00000 51.00000 32999.89217
39.00000 52.00000 33013.71130
39.00000 53.00000 33021.56597
39.00000 54.00000 33022.81316
39.00000 55.00000 33036.75708
39.00000 56.00000 33059.43516
39.00000 57.00000 33079.63467
39.00000 58.00000 33095.10493
39.00000 59.00000 33109.10846
39.00000 60.00000 33123.20834
39.00000 61.00000 33134.07418
39.00000 62.00000 33142.28095
39.00000 63.00000 33150.12813
39.00000 64.00000 33163.45848
39.00000 65.00000 33175.20947
39.00000 66.00000 33186.56546
39.00000 67.00000 33205.05088
39.00000 68.00000 33220.14801
39.00000 69.00000 33232.51671
39.00000 70.00000 33246.05828
40.00000 25.00000 32925.16492
40.00000 26.00000 32931.41595
40.00000 27.00000 32929.97544
40.00000 28.00000 32932.61193
40.00000 29.00000 32938.97306
40.00000 30.00000 32938.50218
40.00000 31.00000 32938.71183
40.00000 32.00000 32946.86611
40.00000 33.00000 32949.28145
40.00000 34.00000 32941.37930
40.00000 35.00000 32932.66631
40.00000 36.00000 32933.57898
40.00000 37.00000 32934.37071
40.00000 38.00000 32933.48451
40.00000 39.00000 32932.17367
40.00000 40.00000 32935.30655
40.00000 41.00000 32937.57298
40.00000 42.00000 32943.11580
40.00000 43.00000 32949.63057
40.00000 44.00000 32950.57949
40.00000 45.00000 32944.47530
40.00000 46.00000 32940.50020
40.00000 47.00000 32950.40006
40.00000 48.00000 32966.69259
40.00000 49.00000 32980.50361
40.00000 50.00000 32990.19953
40.00000 51.00000 33000.30473
40.00000 52.00000 33010.69705
40.00000 53.00000 33016.28365
40.00000 54.00000 33016.94732
40.00000 55.00000 33030.17708
40.00000 56.00000 33054.08401
40.00000 57.00000 33078.05720
40.00000 58.00000 33096.31276
40.00000 59.00000 33111.44440
40.00000 60.00000 33126.64853
40.00000 61.00000 33139.22802
40.00000 62.00000 33147.76147
40.00000 63.00000 33153.98795
40.00000 64.00000 33165.73238
40.00000 65.00000 33177.35405
40.00000 66.00000 33188.99213
40.00000 67.00000 33207.79219
40.00000 68.00000 33223.22208
40.00000 69.00000 33235.90501
40.00000 70.00000 33249.03196
41.00000 25.00000 32925.56830
41.00000 26.00000 32933.36648
41.00000 27.00000 32933.23712
41.00000 28.00000 32935.19878
41.00000 29.00000 32939.72769
41.00000 30.00000 32937.63787
41.00000 31.00000 32936.58371
41.00000 32.00000 32944.90065
41.00000 33.00000 32948.67963
41.00000 34.00000 32943.60606
41.00000 35.00000 32937.13581
41.00000 36.00000 32937.20310
41.00000 37.00000 32936.51221
41.00000 38.00000 32933.89699
41.00000 39.00000 32931.12561
41.00000 40.00000 32938.55898
41.00000 41.00000 32942.30621
41.00000 42.00000 32943.82609
41.00000 43.00000 32951.00072
41.00000 44.00000 32953.27154
41.00000 45.00000 32945.70531
41.00000 46.00000 32939.80971
41.00000 47.00000 32948.91522
41.00000 48.00000 32965.43788
41.00000 49.00000 32980.01297
41.00000 50.00000 32990.62509
41.00000 51.00000 33000.04777
41.00000 52.00000 33007.25029
41.00000 53.00000 33009.47225
41.00000 54.00000 33008.35850
41.00000 55.00000 33019.97323
41.00000 56.00000 33043.87369
41.00000 57.00000 33071.84721
41.00000 58.00000 33095.33536
41.00000 59.00000 33112.07858
41.00000 60.00000 33127.11907
41.00000 61.00000 33140.48762
41.00000 62.00000 33149.35076
41.00000 63.00000 33154.90235
41.00000 64.00000 33165.81024
41.00000 65.00000 33177.70417
41.00000 66.00000 33190.13743
41.00000 67.00000 33209.06069
41.00000 68.00000 33224.02751
41.00000 69.00000 33236.56057
41.00000 70.00000 33249.58049
42.00000 25.00000 32925.63255
42.00000 26.00000 32933.23478
42.00000 27.00000 32933.87243
42.00000 28.00000 32935.89500
42.00000 29.00000 32938.86287
42.00000 30.00000 32935.11695
42.00000 31.00000 32932.69867
42.00000 32.00000 32940.49321
42.00000 33.00000 32945.54605
42.00000 34.00000 32943.69903
42.00000 35.00000 32939.77398
42.00000 36.00000 32939.90197
42.00000 37.00000 32937.71343
42.00000 38.00000 32932.48595
42.00000 39.00000 32927.83694
42.00000 40.00000 32934.43448
42.00000 41.00000 32939.69162
42.00000 42.00000 32941.75819
42.00000 43.00000 32948.32418
42.00000 44.00000 32950.04138
42.00000 45.00000 32943.50040
42.00000 46.00000 32937.24418
42.00000 47.00000 32946.22650
42.00000 48.00000 32963.33426
42.00000 49.00000 32978.72232
42.00000 50.00000 32990.58096
42.00000 51.00000 33000.29392
42.00000 52.00000 33006.50503
42.00000 53.00000 33007.29020
42.00000 54.00000 33004.56127
42.00000 55.00000 33014.34703
42.00000 56.00000 33036.32667
42.00000 57.00000 33065.19201
42.00000 58.00000 33092.70620
42.00000 59.00000 33111.43989
42.00000 60.00000 33126.71642
42.00000 61.00000 33140.62184
42.00000 62.00000 33149.63931
42.00000 63.00000 33155.19991
42.00000 64.00000 33166.11724
42.00000 65.00000 33178.42443
42.00000 66.00000 33191.64561
42.00000 67.00000 33211.19853
42.00000 68.00000 33225.91005
42.00000 69.00000 33238.30287
42.00000 70.00000 33251.77067
43.00000 25.00000 32926.26794
43.00000 26.00000 32933.21069
43.00000 27.00000 32933.90485
43.00000 28.00000 32936.08384
43.00000 29.00000 32938.17630
43.00000 30.00000 32933.57596
43.00000 31.00000 32930.27839
43.00000 32.00000 32937.24146
43.00000 33.00000 32942.57748
43.00000 34.00000 32942.17954
43.00000 35.00000 32939.50363
43.00000 36.00000 32939.93726
43.00000 37.00000 32937.71885
43.00000 38.00000 32932.38231
43.00000 39.00000 32928.00425
43.00000 40.00000 32934.03045
43.00000 41.00000 32938.52444
43.00000 42.00000 32940.82029
43.00000 43.00000 32943.72216
43.00000 44.00000 32945.74709
43.00000 45.00000 32941.82460
43.00000 46.00000 32936.83390
43.00000 47.00000 32945.75596
43.00000 48.00000 32963.06116
43.00000 49.00000 32978.82073
43.00000 50.00000 32991.22003
43.00000 51.00000 33001.50125
43.00000 52.00000 33007.80515
43.00000 53.00000 33009.00559
43.00000 54.00000 33006.78179
43.00000 55.00000 33016.38722
43.00000 56.00000 33036.97542
43.00000 57.00000 33064.75462
43.00000 58.00000 33093.26033
43.00000 59.00000 33113.06214
43.00000 60.00000 33128.05201
43.00000 61.00000 33141.72612
43.00000 62.00000 33150.34606
43.00000 63.00000 33155.79885
43.00000 64.00000 33166.88588
43.00000 65.00000 33179.77335
43.00000 66.00000 33193.98908
43.00000 67.00000 33214.74239
43.00000 68.00000 33230.39828
43.00000 69.00000 33243.56034
43.00000 70.00000 33258.08318
44.00000 25.00000 32923.52253
44.00000 26.00000 32931.12093
44.00000 27.00000 32931.61614
44.00000 28.00000 32934.21994
44.00000 29.00000 32936.06368
44.00000 30.00000 32930.57768
44.00000 31.00000 32926.23078
44.00000 32.00000 32931.91149
44.00000 33.00000 32936.03394
44.00000 34.00000 32934.74203
44.00000 35.00000 32931.96614
44.00000 36.00000 32933.05363
44.00000 37.00000 32932.12809
44.00000 38.00000 32928.86486
44.00000 39.00000 32926.67974
44.00000 40.00000 32932.80249
44.00000 41.00000 32936.19800
44.00000 42.00000 32939.28802
44.00000 43.00000 32943.26347
44.00000 44.00000 32952.08602
44.00000 45.00000 32941.21005
44.00000 46.00000 32934.99359
44.00000 47.00000 32945.13042
44.00000 48.00000 32961.87479
44.00000 49.00000 32976.55524
44.00000 50.00000 32988.52706
44.00000 51.00000 32999.35933
44.00000 52.00000 33007.07782
44.00000 53.00000 33009.42334
44.00000 54.00000 33009.10508
44.00000 55.00000 33020.82090
44.00000 56.00000 33041.39797
44.00000 57.00000 33067.56230
44.00000 58.00000 33095.60120
44.00000 59.00000 33115.57643
44.00000 60.00000 33129.60563
44.00000 61.00000 33141.34217
44.00000 62.00000 33149.08940
44.00000 63.00000 33155.67108
44.00000 64.00000 33168.35175
44.00000 65.00000 33182.53086
44.00000 66.00000 33198.30495
44.00000 67.00000 33220.21042
44.00000 68.00000 33236.71429
44.00000 69.00000 33250.01677
44.00000 70.00000 33265.32703
45.00000 25.00000 32920.41215
45.00000 26.00000 32928.07356
45.00000 27.00000 32928.46225
45.00000 28.00000 32931.09433
45.00000 29.00000 32932.75747
45.00000 30.00000 32926.56565
45.00000 31.00000 32921.67070
45.00000 32.00000 32926.66109
45.00000 33.00000 32929.18774
45.00000 34.00000 32926.03879
45.00000 35.00000 32922.60921
45.00000 36.00000 32923.82155
45.00000 37.00000 32922.97737
45.00000 38.00000 32921.45565
45.00000 39.00000 32922.19952
45.00000 40.00000 32926.94665
45.00000 41.00000 32928.80802
45.00000 42.00000 32931.93436
45.00000 43.00000 32937.17026
45.00000 44.00000 32947.54033
45.00000 45.00000 32948.00977
45.00000 46.00000 32935.16909
45.00000 47.00000 32946.48280
45.00000 48.00000 32961.91535
45.00000 49.00000 32973.46761
45.00000 50.00000 32984.19568
45.00000 51.00000 32996.25662
45.00000 52.00000 33007.01150
45.00000 53.00000 33011.48700
45.00000 54.00000 33013.06042
45.00000 55.00000 33026.33890
45.00000 56.00000 33047.30975
45.00000 57.00000 33071.43305
45.00000 58.00000 33097.43759
45.00000 59.00000 33117.93093
45.00000 60.00000 33132.19605
45.00000 61.00000 33142.38428
45.00000 62.00000 33148.83314
45.00000 63.00000 33156.64861
45.00000 64.00000 33171.08538
45.00000 65.00000 33186.19497
45.00000 66.00000 33203.11537
45.00000 67.00000 33225.40767
45.00000 68.00000 33242.24703
45.00000 69.00000 33255.82677
45.00000 70.00000 33271.66687
46.00000 25.00000 32916.91883
46.00000 26.00000 32922.75924
46.00000 27.00000 32922.61202
46.00000 28.00000 32924.71605
46.00000 29.00000 32926.59999
46.00000 30.00000 32920.68386
46.00000 31.00000 32916.02958
46.00000 32.00000 32921.15617
46.00000 33.00000 32922.24322
46.00000 34.00000 32916.46381
46.00000 35.00000 32911.47628
46.00000 36.00000 32912.73811
46.00000 37.00000 32911.51192
46.00000 38.00000 32910.16692
46.00000 39.00000 32913.20076
46.00000 40.00000 32917.09237
46.00000 41.00000 32918.24374
46.00000 42.00000 32922.15417
46.00000 43.00000 32928.61240
46.00000 44.00000 32936.73240
46.00000 45.00000 32941.42177
46.00000 46.00000 32939.66019
46.00000 47.00000 32948.59042
46.00000 48.00000 32961.09776
46.00000 49.00000 32969.01091
46.00000 50.00000 32977.01204
46.00000 51.00000 32990.31007
46.00000 52.00000 33005.16719
46.00000 53.00000 33012.98294
46.00000 54.00000 33016.43530
46.00000 55.00000 33030.28287
46.00000 56.00000 33051.18306
46.00000 57.00000 33074.03138
46.00000 58.00000 33097.38581
46.00000 59.00000 33117.59664
46.00000 60.00000 33132.77320
46.00000 61.00000 33143.26238
46.00000 62.00000 33148.65810
46.00000 63.00000 33157.01489
46.00000 64.00000 33172.72066
46.00000 65.00000 33188.87659
46.00000 66.00000 33206.30669
46.00000 67.00000 33228.49421
46.00000 68.00000 33245.62452
46.00000 69.00000 33260.07872
46.00000 70.00000 33275.80462
47.00000 25.00000 32918.23321
47.00000 26.00000 32921.74909
47.00000 27.00000 32920.39535
47.00000 28.00000 32921.57845
47.00000 29.00000 32923.45496
47.00000 30.00000 32918.25916
47.00000 31.00000 32913.95936
47.00000 32.00000 32919.47317
47.00000 33.00000 32919.88907
47.00000 34.00000 32912.84425
47.00000 35.00000 32906.67009
47.00000 36.00000 32908.06749
47.00000 37.00000 32907.02934
47.00000 38.00000 32905.54102
47.00000 39.00000 32908.79935
47.00000 40.00000 32913.39935
47.00000 41.00000 32915.22464
47.00000 42.00000 32920.23779
47.00000 43.00000 32927.61575
47.00000 44.00000 32934.86974
47.00000 45.00000 32938.08634
47.00000 46.00000 32938.92959
47.00000 47.00000 32948.63124
47.00000 48.00000 32961.79383
47.00000 49.00000 32970.39609
47.00000 50.00000 32977.02096
47.00000 51.00000 32988.85978
47.00000 52.00000 33005.08467
47.00000 53.00000 33014.84426
47.00000 54.00000 33019.57865
47.00000 55.00000 33034.09950
47.00000 56.00000 33055.06951
47.00000 57.00000 33077.23644
47.00000 58.00000 33098.98854
47.00000 59.00000 33117.95249
47.00000 60.00000 33134.10904
47.00000 61.00000 33146.39823
47.00000 62.00000 33153.21392
47.00000 63.00000 33161.89039
47.00000 64.00000 33177.63691
47.00000 65.00000 33194.04650
47.00000 66.00000 33211.28366
47.00000 67.00000 33233.57089
47.00000 68.00000 33251.33263
47.00000 69.00000 33266.65942
47.00000 70.00000 33282.27417
48.00000 25.00000 32922.06960
48.00000 26.00000 32924.66921
48.00000 27.00000 32922.23451
48.00000 28.00000 32921.89755
48.00000 29.00000 32923.01923
48.00000 30.00000 32917.74738
48.00000 31.00000 32913.25508
48.00000 32.00000 32919.27074
48.00000 33.00000 32920.69270
48.00000 34.00000 32914.18116
48.00000 35.00000 32907.84034
48.00000 36.00000 32908.45061
48.00000 37.00000 32908.07627
48.00000 38.00000 32907.23698
48.00000 39.00000 32909.70168
48.00000 40.00000 32914.46901
48.00000 41.00000 32916.64407
48.00000 42.00000 32921.69855
48.00000 43.00000 32929.64492
48.00000 44.00000 32938.87928
48.00000 45.00000 32943.53057
48.00000 46.00000 32942.86561
48.00000 47.00000 32950.43096
48.00000 48.00000 32969.96644
48.00000 49.00000 32978.01944
48.00000 50.00000 32982.65435
48.00000 51.00000 32992.36115
48.00000 52.00000 33006.61964
48.00000 53.00000 33015.58581
48.00000 54.00000 33020.16406
48.00000 55.00000 33034.38070
48.00000 56.00000 33055.39670
48.00000 57.00000 33077.61512
48.00000 58.00000 33099.16358
48.00000 59.00000 33117.60186
48.00000 60.00000 33134.95516
48.00000 61.00000 33149.85080
48.00000 62.00000 33159.73025
48.00000 63.00000 33168.39445
48.00000 64.00000 33182.73589
48.00000 65.00000 33198.52144
48.00000 66.00000 33216.03345
48.00000 67.00000 33238.75192
48.00000 68.00000 33257.11449
48.00000 69.00000 33272.81051
48.00000 70.00000 33288.40113
49.00000 25.00000 32922.03296
49.00000 26.00000 32923.87963
49.00000 27.00000 32920.81342
49.00000 28.00000 32919.79659
49.00000 29.00000 32920.49435
49.00000 30.00000 32915.16821
49.00000 31.00000 32910.59755
49.00000 32.00000 32915.75421
49.00000 33.00000 32917.65135
49.00000 34.00000 32912.47217
49.00000 35.00000 32907.15492
49.00000 36.00000 32906.45272
49.00000 37.00000 32905.72623
49.00000 38.00000 32905.17094
49.00000 39.00000 32906.96938
49.00000 40.00000 32911.71726
49.00000 41.00000 32914.59994
49.00000 42.00000 32920.29069
49.00000 43.00000 32928.75458
49.00000 44.00000 32938.13693
49.00000 45.00000 32943.92317
49.00000 46.00000 32944.20449
49.00000 47.00000 32950.35540
49.00000 48.00000 32965.08883
49.00000 49.00000 32977.64763
49.00000 50.00000 32983.30294
49.00000 51.00000 32993.76895
49.00000 52.00000 33006.14679
49.00000 53.00000 33014.24066
49.00000 54.00000 33018.99990
49.00000 55.00000 33032.68141
49.00000 56.00000 33053.22505
49.00000 57.00000 33075.10511
49.00000 58.00000 33096.61066
49.00000 59.00000 33114.65338
49.00000 60.00000 33133.02684
49.00000 61.00000 33149.95804
49.00000 62.00000 33163.24386
49.00000 63.00000 33172.50121
49.00000 64.00000 33186.16858
49.00000 65.00000 33201.56924
49.00000 66.00000 33219.69003
49.00000 67.00000 33242.90562
49.00000 68.00000 33261.65118
49.00000 69.00000 33277.45765
49.00000 70.00000 33293.56297
50.00000 25.00000 32919.70915
50.00000 26.00000 32921.98785
50.00000 27.00000 32919.71660
50.00000 28.00000 32918.69043
50.00000 29.00000 32918.52169
50.00000 30.00000 32911.93855
50.00000 31.00000 32906.57495
50.00000 32.00000 32910.32595
50.00000 33.00000 32912.39527
50.00000 34.00000 32908.75426
50.00000 35.00000 32905.19906
50.00000 36.00000 32903.66031
50.00000 37.00000 32902.45682
50.00000 38.00000 32902.26831
50.00000 39.00000 32904.21484
50.00000 40.00000 32908.96518
50.00000 41.00000 32912.62134
50.00000 42.00000 32919.22439
50.00000 43.00000 32927.68769
50.00000 44.00000 32935.57475
50.00000 45.00000 32941.29343
50.00000 46.00000 32943.81088
50.00000 47.00000 32950.45481
50.00000 48.00000 32963.12339
50.00000 49.00000 32973.47268
50.00000 50.00000 32977.70016
50.00000 51.00000 32991.55683
50.00000 52.00000 33003.71476
50.00000 53.00000 33011.49601
50.00000 54.00000 33016.73802
50.00000 55.00000 33030.22232
50.00000 56.00000 33050.85713
50.00000 57.00000 33072.55695
50.00000 58.00000 33093.68558
50.00000 59.00000 33111.31526
50.00000 60.00000 33130.58162
50.00000 61.00000 33149.31652
50.00000 62.00000 33165.81867
50.00000 63.00000 33175.89869
50.00000 64.00000 33189.64269
50.00000 65.00000 33205.03199
50.00000 66.00000 33222.70195
50.00000 67.00000 33246.43287
50.00000 68.00000 33266.30762
50.00000 69.00000 33283.11465
50.00000 70.00000 33300.56814
51.00000 25.00000 32928.54328
51.00000 26.00000 32931.02170
51.00000 27.00000 32928.58378
51.00000 28.00000 32928.16122
51.00000 29.00000 32927.46464
51.00000 30.00000 32920.01337
51.00000 31.00000 32914.42718
51.00000 32.00000 32917.95440
51.00000 33.00000 32920.14567
51.00000 34.00000 32916.92724
51.00000 35.00000 32913.81524
51.00000 36.00000 32911.56716
51.00000 37.00000 32909.56682
51.00000 38.00000 32909.31504
51.00000 39.00000 32911.85877
51.00000 40.00000 32916.99644
51.00000 41.00000 32920.94347
51.00000 42.00000 32927.90268
51.00000 43.00000 32936.00722
51.00000 44.00000 32941.64014
51.00000 45.00000 32945.43314
51.00000 46.00000 32947.76816
51.00000 47.00000 32955.60333
51.00000 48.00000 32969.04282
51.00000 49.00000 32980.65742
51.00000 50.00000 32986.08060
51.00000 51.00000 32994.88082
51.00000 52.00000 33007.31205
51.00000 53.00000 33017.81097
51.00000 54.00000 33024.46806
51.00000 55.00000 33039.38291
51.00000 56.00000 33061.25203
51.00000 57.00000 33083.54374
51.00000 58.00000 33104.68331
51.00000 59.00000 33121.79257
51.00000 60.00000 33140.68206
51.00000 61.00000 33159.38153
51.00000 62.00000 33176.79874
51.00000 63.00000 33188.16913
51.00000 64.00000 33202.09453
51.00000 65.00000 33217.10830
51.00000 66.00000 33233.55220
51.00000 67.00000 33258.12212
51.00000 68.00000 33279.97897
51.00000 69.00000 33298.38758
51.00000 70.00000 33317.72475
52.00000 25.00000 32937.35613
52.00000 26.00000 32938.79341
52.00000 27.00000 32934.68033
52.00000 28.00000 32935.71486
52.00000 29.00000 32935.66551
52.00000 30.00000 32928.28162
52.00000 31.00000 32922.74907
52.00000 32.00000 32927.12537
52.00000 33.00000 32929.63895
52.00000 34.00000 32926.56993
52.00000 35.00000 32923.63775
52.00000 36.00000 32921.40251
52.00000 37.00000 32918.07095
52.00000 38.00000 32916.21170
52.00000 39.00000 32918.00467
52.00000 40.00000 32924.14597
52.00000 41.00000 32928.30679
52.00000 42.00000 32935.31462
52.00000 43.00000 32943.25463
52.00000 44.00000 32946.84523
52.00000 45.00000 32947.97064
52.00000 46.00000 32948.62351
52.00000 47.00000 32956.91179
52.00000 48.00000 32971.99879
52.00000 49.00000 32986.73951
52.00000 50.00000 32996.69257
52.00000 51.00000 33008.37147
52.00000 52.00000 33018.71561
52.00000 53.00000 33024.54988
52.00000 54.00000 33030.87318
52.00000 55.00000 33049.54968
52.00000 56.00000 33073.15735
52.00000 57.00000 33095.38105
52.00000 58.00000 33116.86618
52.00000 59.00000 33134.29954
52.00000 60.00000 33152.32645
52.00000 61.00000 33169.09969
52.00000 62.00000 33185.36026
52.00000 63.00000 33199.13940
52.00000 64.00000 33214.92925
52.00000 65.00000 33230.07726
52.00000 66.00000 33245.11766
52.00000 67.00000 33269.23764
52.00000 68.00000 33291.32694
52.00000 69.00000 33309.74499
52.00000 70.00000 33329.56008
53.00000 25.00000 32941.78839
53.00000 26.00000 32941.48328
53.00000 27.00000 32935.90245
53.00000 28.00000 32937.41825
53.00000 29.00000 32938.11809
53.00000 30.00000 32931.46083
53.00000 31.00000 32926.31115
53.00000 32.00000 32931.39342
53.00000 33.00000 32935.07541
53.00000 34.00000 32933.09200
53.00000 35.00000 32930.57894
53.00000 36.00000 32928.59261
53.00000 37.00000 32923.91751
53.00000 38.00000 32920.05661
53.00000 39.00000 32920.85630
53.00000 40.00000 32927.66236
53.00000 41.00000 32931.68502
53.00000 42.00000 32938.28227
53.00000 43.00000 32945.77228
53.00000 44.00000 32948.05942
53.00000 45.00000 32947.26614
53.00000 46.00000 32946.62377
53.00000 47.00000 32954.89644
53.00000 48.00000 32969.83529
53.00000 49.00000 32984.59478
53.00000 50.00000 32995.69094
53.00000 51.00000 33008.49978
53.00000 52.00000 33023.91912
53.00000 53.00000 33028.47870
53.00000 54.00000 33032.73082
53.00000 55.00000 33055.80570
53.00000 56.00000 33081.62957
53.00000 57.00000 33102.57510
53.00000 58.00000 33123.47056
53.00000 59.00000 33142.17086
53.00000 60.00000 33160.97739
53.00000 61.00000 33176.55198
53.00000 62.00000 33190.91757
53.00000 63.00000 33206.06249
53.00000 64.00000 33223.29126
53.00000 65.00000 33239.03415
53.00000 66.00000 33253.68942
53.00000 67.00000 33276.75238
53.00000 68.00000 33297.53631
53.00000 69.00000 33315.01423
53.00000 70.00000 33334.28020
54.00000 25.00000 32940.17521
54.00000 26.00000 32937.35337
54.00000 27.00000 32930.98363
54.00000 28.00000 32932.79147
54.00000 29.00000 32934.65690
54.00000 30.00000 32929.67896
54.00000 31.00000 32925.94495
54.00000 32.00000 32931.39250
54.00000 33.00000 32936.28924
54.00000 34.00000 32936.00601
54.00000 35.00000 32934.33880
54.00000 36.00000 32932.39905
54.00000 37.00000 32926.05889
54.00000 38.00000 32918.94992
54.00000 39.00000 32917.69810
54.00000 40.00000 32924.87477
54.00000 41.00000 32929.40766
54.00000 42.00000 32936.55068
54.00000 43.00000 32944.22955
54.00000 44.00000 32945.68564
54.00000 45.00000 32943.90185
54.00000 46.00000 32942.36628
54.00000 47.00000 32950.86686
54.00000 48.00000 32966.25881
54.00000 49.00000 32980.91252
54.00000 50.00000 32991.96223
54.00000 51.00000 33004.45372
54.00000 52.00000 33021.06939
54.00000 53.00000 33030.02064
54.00000 54.00000 33032.51384
54.00000 55.00000 33054.99181
54.00000 56.00000 33080.25385
54.00000 57.00000 33100.74923
54.00000 58.00000 33121.60001
54.00000 59.00000 33141.85395
54.00000 60.00000 33163.45775
54.00000 61.00000 33180.56204
54.00000 62.00000 33193.79319
54.00000 63.00000 33209.16620
54.00000 64.00000 33226.83272
54.00000 65.00000 33243.35173
54.00000 66.00000 33259.13627
54.00000 67.00000 33281.84099
54.00000 68.00000 33301.27631
54.00000 69.00000 33317.53137
54.00000 70.00000 33335.76933
55.00000 25.00000 32934.47453
55.00000 26.00000 32931.68280
55.00000 27.00000 32925.62458
55.00000 28.00000 32927.67863
55.00000 29.00000 32929.78646
55.00000 30.00000 32925.05615
55.00000 31.00000 32921.99524
55.00000 32.00000 32927.53971
55.00000 33.00000 32932.41651
55.00000 34.00000 32931.86821
55.00000 35.00000 32929.37720
55.00000 36.00000 32927.36871
55.00000 37.00000 32920.04281
55.00000 38.00000 32910.52256
55.00000 39.00000 32907.43407
55.00000 40.00000 32914.56375
55.00000 41.00000 32920.19713
55.00000 42.00000 32928.99366
55.00000 43.00000 32938.43613
55.00000 44.00000 32940.16364
55.00000 45.00000 32937.80378
55.00000 46.00000 32935.22888
55.00000 47.00000 32943.53596
55.00000 48.00000 32959.97157
55.00000 49.00000 32975.84143
55.00000 50.00000 32987.91867
55.00000 51.00000 33000.05639
55.00000 52.00000 33014.09898
55.00000 53.00000 33021.53233
55.00000 54.00000 33022.81880
55.00000 55.00000 33043.51713
55.00000 56.00000 33071.86307
55.00000 57.00000 33092.72642
55.00000 58.00000 33112.79710
55.00000 59.00000 33133.54074
55.00000 60.00000 33157.87270
55.00000 61.00000 33177.48695
55.00000 62.00000 33191.74961
55.00000 63.00000 33206.20760
55.00000 64.00000 33223.80713
55.00000 65.00000 33240.85357
55.00000 66.00000 33257.44125
55.00000 67.00000 33281.34987
55.00000 68.00000 33301.83658
55.00000 69.00000 33318.72155
55.00000 70.00000 33338.11304
