k1 k2 chisq 
11.00000 25.00000 61846.47077
11.00000 26.00000 61834.95313
11.00000 27.00000 61831.80738
11.00000 28.00000 61831.18859
11.00000 29.00000 61833.86259
11.00000 30.00000 61833.50904
11.00000 31.00000 61848.54551
11.00000 32.00000 61854.95811
11.00000 33.00000 61852.61275
11.00000 34.00000 61840.93879
11.00000 35.00000 61835.38013
11.00000 36.00000 61829.10319
11.00000 37.00000 61826.33561
11.00000 38.00000 61824.10750
11.00000 39.00000 61818.29394
11.00000 40.00000 61812.95752
11.00000 41.00000 61816.93526
11.00000 42.00000 61835.00466
11.00000 43.00000 61866.91569
11.00000 44.00000 61877.92092
11.00000 45.00000 61881.73843
11.00000 46.00000 61883.32754
11.00000 47.00000 61886.07600
11.00000 48.00000 61885.17741
11.00000 49.00000 61890.19327
11.00000 50.00000 61902.40316
11.00000 51.00000 61907.82374
11.00000 52.00000 61901.24691
11.00000 53.00000 61885.43644
11.00000 54.00000 61861.19955
11.00000 55.00000 61841.03753
11.00000 56.00000 61849.70860
11.00000 57.00000 61874.01324
11.00000 58.00000 61891.09363
11.00000 59.00000 61890.47257
11.00000 60.00000 61902.02152
11.00000 61.00000 61914.62248
11.00000 62.00000 61912.88096
11.00000 63.00000 61895.39708
11.00000 64.00000 61884.35317
11.00000 65.00000 61885.04268
11.00000 66.00000 61880.29015
11.00000 67.00000 61874.82650
11.00000 68.00000 61871.73361
11.00000 69.00000 61876.95268
11.00000 70.00000 61891.23847
12.00000 25.00000 61855.61959
12.00000 26.00000 61845.37671
12.00000 27.00000 61841.81898
12.00000 28.00000 61841.10751
12.00000 29.00000 61844.19105
12.00000 30.00000 61842.41719
12.00000 31.00000 61853.38647
12.00000 32.00000 61857.00600
12.00000 33.00000 61855.54909
12.00000 34.00000 61845.85691
12.00000 35.00000 61841.59321
12.00000 36.00000 61835.28211
12.00000 37.00000 61832.62316
12.00000 38.00000 61830.14353
12.00000 39.00000 61823.04923
12.00000 40.00000 61816.65554
12.00000 41.00000 61820.35154
12.00000 42.00000 61837.67771
12.00000 43.00000 61868.60143
12.00000 44.00000 61879.19235
12.00000 45.00000 61883.78649
12.00000 46.00000 61886.68667
12.00000 47.00000 61889.75921
12.00000 48.00000 61888.41320
12.00000 49.00000 61892.98437
12.00000 50.00000 61904.53692
12.00000 51.00000 61909.16458
12.00000 52.00000 61902.58228
12.00000 53.00000 61887.61936
12.00000 54.00000 61864.79700
12.00000 55.00000 61845.13710
12.00000 56.00000 61853.48236
12.00000 57.00000 61877.89730
12.00000 58.00000 61895.47231
12.00000 59.00000 61894.55656
12.00000 60.00000 61905.87496
12.00000 61.00000 61918.41417
12.00000 62.00000 61916.08267
12.00000 63.00000 61897.74664
12.00000 64.00000 61885.86900
12.00000 65.00000 61886.95107
12.00000 66.00000 61884.58321
12.00000 67.00000 61880.45488
12.00000 68.00000 61878.05832
12.00000 69.00000 61883.27130
12.00000 70.00000 61896.89976
13.00000 25.00000 61850.51209
13.00000 26.00000 61839.29007
13.00000 27.00000 61836.36170
13.00000 28.00000 61835.02250
13.00000 29.00000 61837.76114
13.00000 30.00000 61837.97318
13.00000 31.00000 61853.41079
13.00000 32.00000 61859.50054
13.00000 33.00000 61857.23424
13.00000 34.00000 61844.98925
13.00000 35.00000 61839.22614
13.00000 36.00000 61830.50954
13.00000 37.00000 61824.87249
13.00000 38.00000 61820.44276
13.00000 39.00000 61812.82220
13.00000 40.00000 61805.09892
13.00000 41.00000 61808.14642
13.00000 42.00000 61826.98172
13.00000 43.00000 61859.34445
13.00000 44.00000 61868.78801
13.00000 45.00000 61871.49299
13.00000 46.00000 61873.09126
13.00000 47.00000 61876.44845
13.00000 48.00000 61875.84328
13.00000 49.00000 61880.96330
13.00000 50.00000 61893.44021
13.00000 51.00000 61898.50316
13.00000 52.00000 61891.65216
13.00000 53.00000 61876.98147
13.00000 54.00000 61856.04343
13.00000 55.00000 61836.55363
13.00000 56.00000 61843.34776
13.00000 57.00000 61865.72502
13.00000 58.00000 61881.02346
13.00000 59.00000 61879.50556
13.00000 60.00000 61890.76115
13.00000 61.00000 61904.27338
13.00000 62.00000 61905.23913
13.00000 63.00000 61889.16745
13.00000 64.00000 61878.60787
13.00000 65.00000 61879.37709
13.00000 66.00000 61876.04555
13.00000 67.00000 61870.32777
13.00000 68.00000 61866.04534
13.00000 69.00000 61869.53462
13.00000 70.00000 61882.09081
14.00000 25.00000 61846.44288
14.00000 26.00000 61834.97234
14.00000 27.00000 61833.04645
14.00000 28.00000 61832.74298
14.00000 29.00000 61836.38134
14.00000 30.00000 61837.95509
14.00000 31.00000 61855.73258
14.00000 32.00000 61864.45547
14.00000 33.00000 61863.03138
14.00000 34.00000 61849.97281
14.00000 35.00000 61842.34931
14.00000 36.00000 61830.90287
14.00000 37.00000 61821.95947
14.00000 38.00000 61814.28787
14.00000 39.00000 61805.00211
14.00000 40.00000 61796.42635
14.00000 41.00000 61799.37671
14.00000 42.00000 61819.52303
14.00000 43.00000 61852.89050
14.00000 44.00000 61861.59775
14.00000 45.00000 61863.03300
14.00000 46.00000 61863.90446
14.00000 47.00000 61867.64511
14.00000 48.00000 61868.19245
14.00000 49.00000 61874.13294
14.00000 50.00000 61886.06366
14.00000 51.00000 61890.53951
14.00000 52.00000 61883.52292
14.00000 53.00000 61869.72903
14.00000 54.00000 61850.62917
14.00000 55.00000 61831.74103
14.00000 56.00000 61838.04549
14.00000 57.00000 61859.11671
14.00000 58.00000 61871.60008
14.00000 59.00000 61869.45728
14.00000 60.00000 61880.74289
14.00000 61.00000 61895.12392
14.00000 62.00000 61898.68555
14.00000 63.00000 61884.59379
14.00000 64.00000 61875.26042
14.00000 65.00000 61875.97638
14.00000 66.00000 61870.81258
14.00000 67.00000 61863.21265
14.00000 68.00000 61857.18065
14.00000 69.00000 61858.72824
14.00000 70.00000 61869.14556
15.00000 25.00000 61845.01186
15.00000 26.00000 61833.68746
15.00000 27.00000 61832.30426
15.00000 28.00000 61834.32223
15.00000 29.00000 61840.91516
15.00000 30.00000 61844.46909
15.00000 31.00000 61863.04957
15.00000 32.00000 61873.31315
15.00000 33.00000 61874.65360
15.00000 34.00000 61864.48872
15.00000 35.00000 61857.15254
15.00000 36.00000 61844.37210
15.00000 37.00000 61833.00304
15.00000 38.00000 61821.66101
15.00000 39.00000 61809.29144
15.00000 40.00000 61799.79317
15.00000 41.00000 61802.60511
15.00000 42.00000 61822.38621
15.00000 43.00000 61855.12018
15.00000 44.00000 61863.94109
15.00000 45.00000 61865.69816
15.00000 46.00000 61867.30690
15.00000 47.00000 61871.40706
15.00000 48.00000 61872.63262
15.00000 49.00000 61879.20688
15.00000 50.00000 61889.82070
15.00000 51.00000 61892.87638
15.00000 52.00000 61885.52010
15.00000 53.00000 61872.81501
15.00000 54.00000 61854.74453
15.00000 55.00000 61836.93163
15.00000 56.00000 61843.94907
15.00000 57.00000 61864.97354
15.00000 58.00000 61875.86680
15.00000 59.00000 61874.02928
15.00000 60.00000 61885.74131
15.00000 61.00000 61901.02343
15.00000 62.00000 61906.40089
15.00000 63.00000 61893.38370
15.00000 64.00000 61884.12900
15.00000 65.00000 61883.86973
15.00000 66.00000 61875.62438
15.00000 67.00000 61864.71011
15.00000 68.00000 61856.65516
15.00000 69.00000 61856.17488
15.00000 70.00000 61863.72183
16.00000 25.00000 61843.19126
16.00000 26.00000 61834.09214
16.00000 27.00000 61834.69584
16.00000 28.00000 61838.77589
16.00000 29.00000 61846.81410
16.00000 30.00000 61851.92336
16.00000 31.00000 61870.98870
16.00000 32.00000 61880.74810
16.00000 33.00000 61884.35724
16.00000 34.00000 61877.36452
16.00000 35.00000 61871.74955
16.00000 36.00000 61859.97342
16.00000 37.00000 61848.27941
16.00000 38.00000 61835.08791
16.00000 39.00000 61820.27824
16.00000 40.00000 61808.67413
16.00000 41.00000 61810.95432
16.00000 42.00000 61830.00136
16.00000 43.00000 61861.44737
16.00000 44.00000 61870.86135
16.00000 45.00000 61873.51130
16.00000 46.00000 61875.94386
16.00000 47.00000 61879.56832
16.00000 48.00000 61880.45132
16.00000 49.00000 61887.75650
16.00000 50.00000 61898.05647
16.00000 51.00000 61899.84358
16.00000 52.00000 61891.28241
16.00000 53.00000 61879.33387
16.00000 54.00000 61862.41924
16.00000 55.00000 61845.77866
16.00000 56.00000 61853.43059
16.00000 57.00000 61874.61205
16.00000 58.00000 61884.92688
16.00000 59.00000 61882.82148
16.00000 60.00000 61893.72135
16.00000 61.00000 61908.99576
16.00000 62.00000 61916.29164
16.00000 63.00000 61903.27526
16.00000 64.00000 61892.89187
16.00000 65.00000 61891.63924
16.00000 66.00000 61881.35295
16.00000 67.00000 61868.73501
16.00000 68.00000 61860.43203
16.00000 69.00000 61860.11018
16.00000 70.00000 61866.35547
17.00000 25.00000 61819.30996
17.00000 26.00000 61810.71519
17.00000 27.00000 61814.33997
17.00000 28.00000 61820.91465
17.00000 29.00000 61828.43388
17.00000 30.00000 61834.44242
17.00000 31.00000 61857.20422
17.00000 32.00000 61868.78204
17.00000 33.00000 61872.99788
17.00000 34.00000 61866.36189
17.00000 35.00000 61861.56553
17.00000 36.00000 61851.78540
17.00000 37.00000 61841.85083
17.00000 38.00000 61831.33120
17.00000 39.00000 61818.55702
17.00000 40.00000 61806.66913
17.00000 41.00000 61806.75873
17.00000 42.00000 61822.94641
17.00000 43.00000 61852.59591
17.00000 44.00000 61862.16760
17.00000 45.00000 61864.63419
17.00000 46.00000 61866.78061
17.00000 47.00000 61869.96982
17.00000 48.00000 61870.33521
17.00000 49.00000 61877.43454
17.00000 50.00000 61889.43233
17.00000 51.00000 61892.63122
17.00000 52.00000 61883.25750
17.00000 53.00000 61869.52678
17.00000 54.00000 61850.66536
17.00000 55.00000 61834.41894
17.00000 56.00000 61842.42066
17.00000 57.00000 61863.69053
17.00000 58.00000 61875.53149
17.00000 59.00000 61874.73865
17.00000 60.00000 61885.30693
17.00000 61.00000 61899.33364
17.00000 62.00000 61906.83664
17.00000 63.00000 61894.02308
17.00000 64.00000 61882.77108
17.00000 65.00000 61879.76765
17.00000 66.00000 61866.97500
17.00000 67.00000 61853.24254
17.00000 68.00000 61844.57037
17.00000 69.00000 61844.39929
17.00000 70.00000 61852.55601
18.00000 25.00000 61794.12705
18.00000 26.00000 61786.96672
18.00000 27.00000 61792.57736
18.00000 28.00000 61801.48537
18.00000 29.00000 61808.02944
18.00000 30.00000 61813.71449
18.00000 31.00000 61837.53139
18.00000 32.00000 61850.40807
18.00000 33.00000 61856.39714
18.00000 34.00000 61851.28809
18.00000 35.00000 61847.49685
18.00000 36.00000 61840.56559
18.00000 37.00000 61833.70719
18.00000 38.00000 61827.10384
18.00000 39.00000 61817.02587
18.00000 40.00000 61806.53983
18.00000 41.00000 61805.82150
18.00000 42.00000 61818.92944
18.00000 43.00000 61845.82755
18.00000 44.00000 61854.91028
18.00000 45.00000 61856.86684
18.00000 46.00000 61858.48551
18.00000 47.00000 61861.07134
18.00000 48.00000 61861.85607
18.00000 49.00000 61869.54813
18.00000 50.00000 61883.23977
18.00000 51.00000 61887.67344
18.00000 52.00000 61878.07098
18.00000 53.00000 61862.71490
18.00000 54.00000 61840.86176
18.00000 55.00000 61824.76712
18.00000 56.00000 61833.52449
18.00000 57.00000 61855.38708
18.00000 58.00000 61869.33729
18.00000 59.00000 61869.97465
18.00000 60.00000 61880.27356
18.00000 61.00000 61892.85464
18.00000 62.00000 61898.76032
18.00000 63.00000 61886.38677
18.00000 64.00000 61875.39141
18.00000 65.00000 61871.57920
18.00000 66.00000 61856.62046
18.00000 67.00000 61841.96538
18.00000 68.00000 61833.01151
18.00000 69.00000 61832.82106
18.00000 70.00000 61842.65905
19.00000 25.00000 61776.44887
19.00000 26.00000 61774.03209
19.00000 27.00000 61780.28866
19.00000 28.00000 61790.26929
19.00000 29.00000 61795.71285
19.00000 30.00000 61799.50033
19.00000 31.00000 61819.36814
19.00000 32.00000 61831.12129
19.00000 33.00000 61839.45264
19.00000 34.00000 61837.07099
19.00000 35.00000 61834.52685
19.00000 36.00000 61830.40147
19.00000 37.00000 61826.78015
19.00000 38.00000 61823.79694
19.00000 39.00000 61816.09982
19.00000 40.00000 61807.85248
19.00000 41.00000 61808.11031
19.00000 42.00000 61819.37311
19.00000 43.00000 61843.46343
19.00000 44.00000 61851.56335
19.00000 45.00000 61852.93225
19.00000 46.00000 61854.25036
19.00000 47.00000 61856.27567
19.00000 48.00000 61858.22558
19.00000 49.00000 61867.28237
19.00000 50.00000 61881.69905
19.00000 51.00000 61886.48212
19.00000 52.00000 61876.91455
19.00000 53.00000 61860.66692
19.00000 54.00000 61836.43424
19.00000 55.00000 61820.57328
19.00000 56.00000 61830.56468
19.00000 57.00000 61853.56335
19.00000 58.00000 61869.48985
19.00000 59.00000 61871.24870
19.00000 60.00000 61881.19825
19.00000 61.00000 61892.13114
19.00000 62.00000 61895.04368
19.00000 63.00000 61882.78876
19.00000 64.00000 61872.60009
19.00000 65.00000 61869.09163
19.00000 66.00000 61853.26096
19.00000 67.00000 61838.05906
19.00000 68.00000 61828.99839
19.00000 69.00000 61828.93188
19.00000 70.00000 61839.95533
20.00000 25.00000 61753.45135
20.00000 26.00000 61756.39011
20.00000 27.00000 61763.91227
20.00000 28.00000 61773.85004
20.00000 29.00000 61778.04846
20.00000 30.00000 61781.36091
20.00000 31.00000 61798.74077
20.00000 32.00000 61805.73567
20.00000 33.00000 61814.72965
20.00000 34.00000 61814.73406
20.00000 35.00000 61814.66390
20.00000 36.00000 61811.13777
20.00000 37.00000 61809.04258
20.00000 38.00000 61808.91871
20.00000 39.00000 61803.20536
20.00000 40.00000 61795.92262
20.00000 41.00000 61797.44485
20.00000 42.00000 61807.99089
20.00000 43.00000 61830.10627
20.00000 44.00000 61837.13321
20.00000 45.00000 61838.47467
20.00000 46.00000 61841.06821
20.00000 47.00000 61842.96710
20.00000 48.00000 61844.57424
20.00000 49.00000 61854.30601
20.00000 50.00000 61869.35181
20.00000 51.00000 61873.67710
20.00000 52.00000 61863.20647
20.00000 53.00000 61847.31945
20.00000 54.00000 61824.34257
20.00000 55.00000 61809.04257
20.00000 56.00000 61818.66508
20.00000 57.00000 61841.56196
20.00000 58.00000 61858.72492
20.00000 59.00000 61860.96094
20.00000 60.00000 61870.66186
20.00000 61.00000 61881.10186
20.00000 62.00000 61883.12853
20.00000 63.00000 61870.10494
20.00000 64.00000 61859.22511
20.00000 65.00000 61855.58623
20.00000 66.00000 61840.81706
20.00000 67.00000 61824.87254
20.00000 68.00000 61814.78480
20.00000 69.00000 61814.50668
20.00000 70.00000 61827.76381
21.00000 25.00000 61743.82257
21.00000 26.00000 61743.77360
21.00000 27.00000 61752.00124
21.00000 28.00000 61762.51214
21.00000 29.00000 61765.10938
21.00000 30.00000 61770.56739
21.00000 31.00000 61792.26279
21.00000 32.00000 61796.69370
21.00000 33.00000 61801.72407
21.00000 34.00000 61800.19962
21.00000 35.00000 61803.25663
21.00000 36.00000 61801.78628
21.00000 37.00000 61799.78011
21.00000 38.00000 61800.47049
21.00000 39.00000 61796.07694
21.00000 40.00000 61788.20642
21.00000 41.00000 61789.05704
21.00000 42.00000 61798.55554
21.00000 43.00000 61820.66807
21.00000 44.00000 61828.08921
21.00000 45.00000 61830.04786
21.00000 46.00000 61834.33250
21.00000 47.00000 61836.92002
21.00000 48.00000 61837.47565
21.00000 49.00000 61846.05956
21.00000 50.00000 61860.85201
21.00000 51.00000 61865.94794
21.00000 52.00000 61855.37951
21.00000 53.00000 61839.71859
21.00000 54.00000 61818.76891
21.00000 55.00000 61804.92775
21.00000 56.00000 61813.69667
21.00000 57.00000 61835.40303
21.00000 58.00000 61851.57849
21.00000 59.00000 61853.00113
21.00000 60.00000 61861.49649
21.00000 61.00000 61871.21361
21.00000 62.00000 61873.92329
21.00000 63.00000 61861.12101
21.00000 64.00000 61850.30639
21.00000 65.00000 61846.79479
21.00000 66.00000 61833.66503
21.00000 67.00000 61818.96292
21.00000 68.00000 61808.82144
21.00000 69.00000 61807.59485
21.00000 70.00000 61821.49791
22.00000 25.00000 61753.13715
22.00000 26.00000 61740.92605
22.00000 27.00000 61746.95522
22.00000 28.00000 61758.54598
22.00000 29.00000 61760.62829
22.00000 30.00000 61767.82298
22.00000 31.00000 61793.01718
22.00000 32.00000 61796.22991
22.00000 33.00000 61798.17882
22.00000 34.00000 61795.05839
22.00000 35.00000 61800.84860
22.00000 36.00000 61802.48590
22.00000 37.00000 61801.11891
22.00000 38.00000 61800.40376
22.00000 39.00000 61795.01500
22.00000 40.00000 61786.16696
22.00000 41.00000 61786.26061
22.00000 42.00000 61794.88269
22.00000 43.00000 61817.73696
22.00000 44.00000 61826.74583
22.00000 45.00000 61830.74703
22.00000 46.00000 61836.84521
22.00000 47.00000 61839.79066
22.00000 48.00000 61839.07768
22.00000 49.00000 61845.58545
22.00000 50.00000 61857.41541
22.00000 51.00000 61862.60329
22.00000 52.00000 61853.77534
22.00000 53.00000 61840.06927
22.00000 54.00000 61821.33619
22.00000 55.00000 61808.60882
22.00000 56.00000 61816.60831
22.00000 57.00000 61837.85855
22.00000 58.00000 61852.02760
22.00000 59.00000 61852.30576
22.00000 60.00000 61859.85753
22.00000 61.00000 61868.83601
22.00000 62.00000 61871.62851
22.00000 63.00000 61858.40195
22.00000 64.00000 61847.71914
22.00000 65.00000 61845.11800
22.00000 66.00000 61833.49271
22.00000 67.00000 61820.92248
22.00000 68.00000 61811.69483
22.00000 69.00000 61809.98583
22.00000 70.00000 61822.68294
23.00000 25.00000 61772.80189
23.00000 26.00000 61754.44867
23.00000 27.00000 61753.78032
23.00000 28.00000 61766.05377
23.00000 29.00000 61770.07284
23.00000 30.00000 61777.43764
23.00000 31.00000 61801.31029
23.00000 32.00000 61802.97167
23.00000 33.00000 61803.83395
23.00000 34.00000 61800.37970
23.00000 35.00000 61807.45186
23.00000 36.00000 61811.40786
23.00000 37.00000 61810.87510
23.00000 38.00000 61807.25786
23.00000 39.00000 61798.44027
23.00000 40.00000 61788.59417
23.00000 41.00000 61789.04098
23.00000 42.00000 61798.54674
23.00000 43.00000 61822.90849
23.00000 44.00000 61834.00419
23.00000 45.00000 61840.58210
23.00000 46.00000 61847.99383
23.00000 47.00000 61850.75310
23.00000 48.00000 61848.55673
23.00000 49.00000 61852.57294
23.00000 50.00000 61859.97807
23.00000 51.00000 61864.10320
23.00000 52.00000 61857.81000
23.00000 53.00000 61847.02656
23.00000 54.00000 61830.15241
23.00000 55.00000 61817.46770
23.00000 56.00000 61824.85748
23.00000 57.00000 61846.15773
23.00000 58.00000 61858.37860
23.00000 59.00000 61857.55350
23.00000 60.00000 61865.16921
23.00000 61.00000 61874.17345
23.00000 62.00000 61876.19324
23.00000 63.00000 61861.75428
23.00000 64.00000 61850.92103
23.00000 65.00000 61849.38794
23.00000 66.00000 61839.47349
23.00000 67.00000 61829.37208
23.00000 68.00000 61821.61274
23.00000 69.00000 61819.96793
23.00000 70.00000 61830.36857
24.00000 25.00000 61778.61224
24.00000 26.00000 61764.50523
24.00000 27.00000 61763.14976
24.00000 28.00000 61771.22791
24.00000 29.00000 61777.05300
24.00000 30.00000 61787.11731
24.00000 31.00000 61811.97143
24.00000 32.00000 61810.79366
24.00000 33.00000 61808.99647
24.00000 34.00000 61803.64727
24.00000 35.00000 61810.21373
24.00000 36.00000 61814.26230
24.00000 37.00000 61814.55486
24.00000 38.00000 61810.60539
24.00000 39.00000 61800.71326
24.00000 40.00000 61789.60010
24.00000 41.00000 61790.24206
24.00000 42.00000 61801.32118
24.00000 43.00000 61826.99693
24.00000 44.00000 61837.79092
24.00000 45.00000 61845.29456
24.00000 46.00000 61853.77567
24.00000 47.00000 61856.51235
24.00000 48.00000 61853.47714
24.00000 49.00000 61856.71164
24.00000 50.00000 61863.31013
24.00000 51.00000 61866.84017
24.00000 52.00000 61860.61366
24.00000 53.00000 61851.13854
24.00000 54.00000 61835.57583
24.00000 55.00000 61823.15730
24.00000 56.00000 61830.50130
24.00000 57.00000 61852.92442
24.00000 58.00000 61864.67079
24.00000 59.00000 61862.48675
24.00000 60.00000 61869.55949
24.00000 61.00000 61878.61452
24.00000 62.00000 61881.07519
24.00000 63.00000 61865.14064
24.00000 64.00000 61853.52361
24.00000 65.00000 61853.06105
24.00000 66.00000 61844.87598
24.00000 67.00000 61836.15680
24.00000 68.00000 61830.12775
24.00000 69.00000 61830.27836
24.00000 70.00000 61839.83703
25.00000 25.00000 61778.03650
25.00000 26.00000 61763.76196
25.00000 27.00000 61770.77615
25.00000 28.00000 61776.89919
25.00000 29.00000 61776.31857
25.00000 30.00000 61785.03206
25.00000 31.00000 61812.74044
25.00000 32.00000 61812.59392
25.00000 33.00000 61808.21963
25.00000 34.00000 61799.41799
25.00000 35.00000 61804.44548
25.00000 36.00000 61807.39882
25.00000 37.00000 61806.31241
25.00000 38.00000 61802.30331
25.00000 39.00000 61794.11202
25.00000 40.00000 61784.86764
25.00000 41.00000 61787.28770
25.00000 42.00000 61800.35117
25.00000 43.00000 61826.84354
25.00000 44.00000 61835.86381
25.00000 45.00000 61840.98565
25.00000 46.00000 61847.12818
25.00000 47.00000 61848.31998
25.00000 48.00000 61845.40263
25.00000 49.00000 61849.24721
25.00000 50.00000 61859.17798
25.00000 51.00000 61865.73249
25.00000 52.00000 61860.66350
25.00000 53.00000 61850.75116
25.00000 54.00000 61833.86506
25.00000 55.00000 61821.73998
25.00000 56.00000 61829.29222
25.00000 57.00000 61852.02383
25.00000 58.00000 61863.35722
25.00000 59.00000 61860.07599
25.00000 60.00000 61865.99438
25.00000 61.00000 61873.93559
25.00000 62.00000 61876.88710
25.00000 63.00000 61862.05231
25.00000 64.00000 61852.46856
25.00000 65.00000 61853.68221
25.00000 66.00000 61846.96296
25.00000 67.00000 61838.96089
25.00000 68.00000 61832.87224
25.00000 69.00000 61832.90095
25.00000 70.00000 61842.75029
26.00000 25.00000 61778.34816
26.00000 26.00000 61791.56353
26.00000 27.00000 61793.52966
26.00000 28.00000 61799.53624
26.00000 29.00000 61793.93835
26.00000 30.00000 61794.37378
26.00000 31.00000 61816.13463
26.00000 32.00000 61817.95240
26.00000 33.00000 61813.80483
26.00000 34.00000 61802.91467
26.00000 35.00000 61804.26922
26.00000 36.00000 61804.57344
26.00000 37.00000 61800.18047
26.00000 38.00000 61793.44049
26.00000 39.00000 61785.39278
26.00000 40.00000 61779.30137
26.00000 41.00000 61785.76126
26.00000 42.00000 61802.86656
26.00000 43.00000 61830.87068
26.00000 44.00000 61837.66520
26.00000 45.00000 61838.83073
26.00000 46.00000 61840.51872
26.00000 47.00000 61839.57685
26.00000 48.00000 61837.77989
26.00000 49.00000 61843.59069
26.00000 50.00000 61857.53388
26.00000 51.00000 61867.35200
26.00000 52.00000 61864.50035
26.00000 53.00000 61854.80972
26.00000 54.00000 61836.10576
26.00000 55.00000 61822.98531
26.00000 56.00000 61830.34711
26.00000 57.00000 61852.80505
26.00000 58.00000 61863.73504
26.00000 59.00000 61859.64823
26.00000 60.00000 61865.25175
26.00000 61.00000 61872.67541
26.00000 62.00000 61874.46196
26.00000 63.00000 61860.37711
26.00000 64.00000 61853.24102
26.00000 65.00000 61856.93094
26.00000 66.00000 61852.49520
26.00000 67.00000 61845.26026
26.00000 68.00000 61838.86726
26.00000 69.00000 61837.99063
26.00000 70.00000 61847.44555
27.00000 25.00000 61790.12897
27.00000 26.00000 61802.04059
27.00000 27.00000 61817.68721
27.00000 28.00000 61820.13075
27.00000 29.00000 61816.92966
27.00000 30.00000 61811.02317
27.00000 31.00000 61819.60338
27.00000 32.00000 61822.43418
27.00000 33.00000 61820.32339
27.00000 34.00000 61809.57756
27.00000 35.00000 61806.65700
27.00000 36.00000 61803.71102
27.00000 37.00000 61796.19346
27.00000 38.00000 61785.73702
27.00000 39.00000 61775.72015
27.00000 40.00000 61771.83562
27.00000 41.00000 61781.76197
27.00000 42.00000 61802.85849
27.00000 43.00000 61832.86620
27.00000 44.00000 61838.36768
27.00000 45.00000 61836.37870
27.00000 46.00000 61833.94205
27.00000 47.00000 61831.42513
27.00000 48.00000 61831.15724
27.00000 49.00000 61839.14895
27.00000 50.00000 61855.42328
27.00000 51.00000 61866.86465
27.00000 52.00000 61865.67677
27.00000 53.00000 61856.40666
27.00000 54.00000 61837.44263
27.00000 55.00000 61823.28331
27.00000 56.00000 61829.97650
27.00000 57.00000 61851.16254
27.00000 58.00000 61860.85696
27.00000 59.00000 61856.57067
27.00000 60.00000 61863.07435
27.00000 61.00000 61871.18331
27.00000 62.00000 61871.30757
27.00000 63.00000 61857.29864
27.00000 64.00000 61851.61419
27.00000 65.00000 61857.26648
27.00000 66.00000 61855.27907
27.00000 67.00000 61848.80497
27.00000 68.00000 61842.44582
27.00000 69.00000 61840.84952
27.00000 70.00000 61848.55097
28.00000 25.00000 61790.40369
28.00000 26.00000 61803.11981
28.00000 27.00000 61819.27123
28.00000 28.00000 61825.52536
28.00000 29.00000 61819.30757
28.00000 30.00000 61814.99947
28.00000 31.00000 61820.85115
28.00000 32.00000 61818.06553
28.00000 33.00000 61815.52571
28.00000 34.00000 61805.99414
28.00000 35.00000 61801.69432
28.00000 36.00000 61795.84495
28.00000 37.00000 61787.41766
28.00000 38.00000 61777.00685
28.00000 39.00000 61766.80968
28.00000 40.00000 61760.73754
28.00000 41.00000 61770.09527
28.00000 42.00000 61792.89196
28.00000 43.00000 61824.92206
28.00000 44.00000 61830.96280
28.00000 45.00000 61829.13450
28.00000 46.00000 61826.30172
28.00000 47.00000 61823.98612
28.00000 48.00000 61823.56684
28.00000 49.00000 61831.20405
28.00000 50.00000 61847.75587
28.00000 51.00000 61857.47807
28.00000 52.00000 61854.30764
28.00000 53.00000 61844.38033
28.00000 54.00000 61825.53069
28.00000 55.00000 61810.16385
28.00000 56.00000 61816.24546
28.00000 57.00000 61837.09013
28.00000 58.00000 61846.48879
28.00000 59.00000 61841.41026
28.00000 60.00000 61850.29599
28.00000 61.00000 61862.43893
28.00000 62.00000 61865.06940
28.00000 63.00000 61849.93676
28.00000 64.00000 61842.20499
28.00000 65.00000 61847.03528
28.00000 66.00000 61845.69567
28.00000 67.00000 61839.68265
28.00000 68.00000 61832.89311
28.00000 69.00000 61830.91485
28.00000 70.00000 61838.96937
29.00000 25.00000 61783.25200
29.00000 26.00000 61793.35551
29.00000 27.00000 61810.23327
29.00000 28.00000 61816.66576
29.00000 29.00000 61819.53800
29.00000 30.00000 61812.14641
29.00000 31.00000 61823.26563
29.00000 32.00000 61818.69431
29.00000 33.00000 61811.54949
29.00000 34.00000 61798.73163
29.00000 35.00000 61792.24174
29.00000 36.00000 61783.28082
29.00000 37.00000 61773.72236
29.00000 38.00000 61764.30540
29.00000 39.00000 61755.40464
29.00000 40.00000 61747.96425
29.00000 41.00000 61753.96594
29.00000 42.00000 61775.63450
29.00000 43.00000 61809.56565
29.00000 44.00000 61816.81092
29.00000 45.00000 61816.72640
29.00000 46.00000 61816.08171
29.00000 47.00000 61816.61390
29.00000 48.00000 61817.79532
29.00000 49.00000 61824.18132
29.00000 50.00000 61838.85666
29.00000 51.00000 61845.54148
29.00000 52.00000 61838.61673
29.00000 53.00000 61825.29946
29.00000 54.00000 61802.88321
29.00000 55.00000 61784.84308
29.00000 56.00000 61790.25204
29.00000 57.00000 61812.59864
29.00000 58.00000 61824.39542
29.00000 59.00000 61820.79383
29.00000 60.00000 61833.05812
29.00000 61.00000 61849.56711
29.00000 62.00000 61855.54215
29.00000 63.00000 61840.81202
29.00000 64.00000 61831.58188
29.00000 65.00000 61833.84704
29.00000 66.00000 61829.22339
29.00000 67.00000 61821.35877
29.00000 68.00000 61812.74247
29.00000 69.00000 61809.43892
29.00000 70.00000 61818.58536
30.00000 25.00000 61789.49021
30.00000 26.00000 61794.16488
30.00000 27.00000 61805.38982
30.00000 28.00000 61814.76440
30.00000 29.00000 61822.64661
30.00000 30.00000 61816.18226
30.00000 31.00000 61829.17371
30.00000 32.00000 61822.25584
30.00000 33.00000 61809.79740
30.00000 34.00000 61792.03789
30.00000 35.00000 61785.15978
30.00000 36.00000 61776.05762
30.00000 37.00000 61767.89947
30.00000 38.00000 61760.64248
30.00000 39.00000 61753.37497
30.00000 40.00000 61746.51861
30.00000 41.00000 61750.20536
30.00000 42.00000 61768.66774
30.00000 43.00000 61801.11257
30.00000 44.00000 61809.75381
30.00000 45.00000 61812.40239
30.00000 46.00000 61815.14686
30.00000 47.00000 61818.35104
30.00000 48.00000 61821.59945
30.00000 49.00000 61827.69232
30.00000 50.00000 61839.99411
30.00000 51.00000 61843.76981
30.00000 52.00000 61833.98588
30.00000 53.00000 61817.57570
30.00000 54.00000 61790.80791
30.00000 55.00000 61771.26416
30.00000 56.00000 61777.59594
30.00000 57.00000 61801.18629
30.00000 58.00000 61816.42070
30.00000 59.00000 61816.21956
30.00000 60.00000 61830.95925
30.00000 61.00000 61848.67060
30.00000 62.00000 61855.10438
30.00000 63.00000 61840.77556
30.00000 64.00000 61830.31412
30.00000 65.00000 61830.15489
30.00000 66.00000 61821.64446
30.00000 67.00000 61812.01971
30.00000 68.00000 61802.52369
30.00000 69.00000 61798.13140
30.00000 70.00000 61806.06693
31.00000 25.00000 61802.29311
31.00000 26.00000 61799.55500
31.00000 27.00000 61801.16377
31.00000 28.00000 61809.93288
31.00000 29.00000 61821.21403
31.00000 30.00000 61822.03639
31.00000 31.00000 61830.87204
31.00000 32.00000 61828.84992
31.00000 33.00000 61814.51337
31.00000 34.00000 61793.80163
31.00000 35.00000 61785.66049
31.00000 36.00000 61776.89390
31.00000 37.00000 61770.18764
31.00000 38.00000 61763.32482
31.00000 39.00000 61755.06358
31.00000 40.00000 61747.91031
31.00000 41.00000 61749.81691
31.00000 42.00000 61765.14052
31.00000 43.00000 61795.72228
31.00000 44.00000 61806.41271
31.00000 45.00000 61812.59381
31.00000 46.00000 61819.33659
31.00000 47.00000 61825.21412
31.00000 48.00000 61830.37632
31.00000 49.00000 61837.44431
31.00000 50.00000 61848.45925
31.00000 51.00000 61849.89769
31.00000 52.00000 61837.69281
31.00000 53.00000 61818.33549
31.00000 54.00000 61787.24732
31.00000 55.00000 61766.01603
31.00000 56.00000 61773.44063
31.00000 57.00000 61798.18867
31.00000 58.00000 61816.29442
31.00000 59.00000 61819.14043
31.00000 60.00000 61835.59127
31.00000 61.00000 61853.31611
31.00000 62.00000 61858.07866
31.00000 63.00000 61843.77756
31.00000 64.00000 61832.58664
31.00000 65.00000 61831.31397
31.00000 66.00000 61821.58105
31.00000 67.00000 61811.28625
31.00000 68.00000 61801.74811
31.00000 69.00000 61796.71541
31.00000 70.00000 61801.69968
32.00000 25.00000 61802.09506
32.00000 26.00000 61797.71600
32.00000 27.00000 61798.85357
32.00000 28.00000 61805.62551
32.00000 29.00000 61817.58320
32.00000 30.00000 61821.94099
32.00000 31.00000 61836.71991
32.00000 32.00000 61825.21069
32.00000 33.00000 61814.08897
32.00000 34.00000 61795.59500
32.00000 35.00000 61789.71487
32.00000 36.00000 61777.42815
32.00000 37.00000 61769.51659
32.00000 38.00000 61761.96867
32.00000 39.00000 61751.93012
32.00000 40.00000 61743.01709
32.00000 41.00000 61743.75543
32.00000 42.00000 61758.06609
32.00000 43.00000 61787.21960
32.00000 44.00000 61797.31811
32.00000 45.00000 61805.08788
32.00000 46.00000 61815.12179
32.00000 47.00000 61823.28195
32.00000 48.00000 61828.18515
32.00000 49.00000 61836.28531
32.00000 50.00000 61849.12215
32.00000 51.00000 61851.09941
32.00000 52.00000 61838.22478
32.00000 53.00000 61818.37752
32.00000 54.00000 61786.92337
32.00000 55.00000 61763.76587
32.00000 56.00000 61769.00023
32.00000 57.00000 61792.89796
32.00000 58.00000 61812.79210
32.00000 59.00000 61817.61866
32.00000 60.00000 61835.52549
32.00000 61.00000 61854.00709
32.00000 62.00000 61858.69708
32.00000 63.00000 61843.61387
32.00000 64.00000 61830.36777
32.00000 65.00000 61827.71744
32.00000 66.00000 61818.44331
32.00000 67.00000 61807.60571
32.00000 68.00000 61799.77278
32.00000 69.00000 61797.41861
32.00000 70.00000 61802.40394
33.00000 25.00000 61797.27704
33.00000 26.00000 61792.07687
33.00000 27.00000 61794.57026
33.00000 28.00000 61800.54136
33.00000 29.00000 61809.69805
33.00000 30.00000 61814.23156
33.00000 31.00000 61829.18054
33.00000 32.00000 61827.19378
33.00000 33.00000 61812.44905
33.00000 34.00000 61795.14052
33.00000 35.00000 61794.52273
33.00000 36.00000 61781.31606
33.00000 37.00000 61768.77476
33.00000 38.00000 61757.25260
33.00000 39.00000 61744.29156
33.00000 40.00000 61734.08219
33.00000 41.00000 61733.94473
33.00000 42.00000 61748.07606
33.00000 43.00000 61777.11324
33.00000 44.00000 61786.56685
33.00000 45.00000 61793.25899
33.00000 46.00000 61803.68527
33.00000 47.00000 61813.68685
33.00000 48.00000 61819.03273
33.00000 49.00000 61827.55163
33.00000 50.00000 61842.22949
33.00000 51.00000 61846.15167
33.00000 52.00000 61833.99955
33.00000 53.00000 61814.64133
33.00000 54.00000 61784.06428
33.00000 55.00000 61761.88753
33.00000 56.00000 61767.02123
33.00000 57.00000 61789.50858
33.00000 58.00000 61809.42577
33.00000 59.00000 61814.83213
33.00000 60.00000 61832.38970
33.00000 61.00000 61850.45602
33.00000 62.00000 61855.09686
33.00000 63.00000 61841.03051
33.00000 64.00000 61827.62809
33.00000 65.00000 61823.32626
33.00000 66.00000 61813.64654
33.00000 67.00000 61802.38676
33.00000 68.00000 61795.48357
33.00000 69.00000 61795.07865
33.00000 70.00000 61801.83568
34.00000 25.00000 61791.41331
34.00000 26.00000 61785.67513
34.00000 27.00000 61788.46000
34.00000 28.00000 61794.43113
34.00000 29.00000 61799.47255
34.00000 30.00000 61801.45748
34.00000 31.00000 61814.11064
34.00000 32.00000 61815.46926
34.00000 33.00000 61814.94752
34.00000 34.00000 61815.46028
34.00000 35.00000 61804.62057
34.00000 36.00000 61791.57862
34.00000 37.00000 61773.88388
34.00000 38.00000 61755.03793
34.00000 39.00000 61736.25744
34.00000 40.00000 61724.65909
34.00000 41.00000 61724.28498
34.00000 42.00000 61738.93923
34.00000 43.00000 61767.94341
34.00000 44.00000 61776.85844
34.00000 45.00000 61781.69079
34.00000 46.00000 61790.28014
34.00000 47.00000 61800.88641
34.00000 48.00000 61806.94394
34.00000 49.00000 61815.83757
34.00000 50.00000 61829.07778
34.00000 51.00000 61832.67754
34.00000 52.00000 61822.27865
34.00000 53.00000 61806.54432
34.00000 54.00000 61780.59994
34.00000 55.00000 61761.79548
34.00000 56.00000 61768.66044
34.00000 57.00000 61790.53571
34.00000 58.00000 61808.18693
34.00000 59.00000 61812.32274
34.00000 60.00000 61828.06049
34.00000 61.00000 61844.97895
34.00000 62.00000 61850.07489
34.00000 63.00000 61838.06749
34.00000 64.00000 61825.86728
34.00000 65.00000 61820.92453
34.00000 66.00000 61809.22979
34.00000 67.00000 61797.02830
34.00000 68.00000 61790.33785
34.00000 69.00000 61791.29176
34.00000 70.00000 61800.48429
35.00000 25.00000 61794.75635
35.00000 26.00000 61786.79378
35.00000 27.00000 61785.63828
35.00000 28.00000 61789.99390
35.00000 29.00000 61792.19245
35.00000 30.00000 61792.46997
35.00000 31.00000 61803.81661
35.00000 32.00000 61806.39987
35.00000 33.00000 61810.57884
35.00000 34.00000 61816.13203
35.00000 35.00000 61813.11409
35.00000 36.00000 61798.97156
35.00000 37.00000 61780.77270
35.00000 38.00000 61759.24594
35.00000 39.00000 61735.73547
35.00000 40.00000 61722.41436
35.00000 41.00000 61722.32657
35.00000 42.00000 61737.57631
35.00000 43.00000 61766.18349
35.00000 44.00000 61774.86938
35.00000 45.00000 61778.48936
35.00000 46.00000 61784.87070
35.00000 47.00000 61794.64364
35.00000 48.00000 61801.21077
35.00000 49.00000 61811.40986
35.00000 50.00000 61822.44726
35.00000 51.00000 61823.63166
35.00000 52.00000 61814.26618
35.00000 53.00000 61802.68978
35.00000 54.00000 61782.81948
35.00000 55.00000 61767.69075
35.00000 56.00000 61776.32468
35.00000 57.00000 61798.34409
35.00000 58.00000 61813.89005
35.00000 59.00000 61816.08853
35.00000 60.00000 61829.45082
35.00000 61.00000 61844.80047
35.00000 62.00000 61850.26855
35.00000 63.00000 61839.50632
35.00000 64.00000 61828.00556
35.00000 65.00000 61823.07663
35.00000 66.00000 61809.95465
35.00000 67.00000 61797.66562
35.00000 68.00000 61791.84359
35.00000 69.00000 61794.48020
35.00000 70.00000 61805.01537
36.00000 25.00000 61793.47083
36.00000 26.00000 61782.97868
36.00000 27.00000 61778.33630
36.00000 28.00000 61778.65354
36.00000 29.00000 61778.19433
36.00000 30.00000 61779.20273
36.00000 31.00000 61792.52857
36.00000 32.00000 61791.89028
36.00000 33.00000 61792.82898
36.00000 34.00000 61793.60162
36.00000 35.00000 61792.66870
36.00000 36.00000 61784.44872
36.00000 37.00000 61770.11296
36.00000 38.00000 61754.72307
36.00000 39.00000 61733.80004
36.00000 40.00000 61717.02304
36.00000 41.00000 61715.28814
36.00000 42.00000 61731.06388
36.00000 43.00000 61758.77221
36.00000 44.00000 61767.29504
36.00000 45.00000 61770.39568
36.00000 46.00000 61775.88123
36.00000 47.00000 61784.89794
36.00000 48.00000 61790.18718
36.00000 49.00000 61802.91290
36.00000 50.00000 61818.10384
36.00000 51.00000 61819.69239
36.00000 52.00000 61806.43404
36.00000 53.00000 61793.75437
36.00000 54.00000 61778.92030
36.00000 55.00000 61768.75700
36.00000 56.00000 61779.41432
36.00000 57.00000 61802.11844
36.00000 58.00000 61817.47773
36.00000 59.00000 61818.54092
36.00000 60.00000 61828.30857
36.00000 61.00000 61840.42241
36.00000 62.00000 61847.49838
36.00000 63.00000 61838.78913
36.00000 64.00000 61828.81966
36.00000 65.00000 61825.25016
36.00000 66.00000 61812.73650
36.00000 67.00000 61799.76376
36.00000 68.00000 61791.99794
36.00000 69.00000 61793.80703
36.00000 70.00000 61805.73169
37.00000 25.00000 61782.23429
37.00000 26.00000 61768.83927
37.00000 27.00000 61761.49110
37.00000 28.00000 61758.72315
37.00000 29.00000 61755.15331
37.00000 30.00000 61756.96435
37.00000 31.00000 61772.80316
37.00000 32.00000 61772.17871
37.00000 33.00000 61769.03252
37.00000 34.00000 61762.10455
37.00000 35.00000 61757.81044
37.00000 36.00000 61747.47000
37.00000 37.00000 61747.92063
37.00000 38.00000 61736.17451
37.00000 39.00000 61720.42258
37.00000 40.00000 61704.96797
37.00000 41.00000 61701.88055
37.00000 42.00000 61717.49379
37.00000 43.00000 61743.47399
37.00000 44.00000 61752.38006
37.00000 45.00000 61754.60712
37.00000 46.00000 61757.98777
37.00000 47.00000 61765.94311
37.00000 48.00000 61770.12836
37.00000 49.00000 61783.50663
37.00000 50.00000 61802.77456
37.00000 51.00000 61808.40241
37.00000 52.00000 61796.10955
37.00000 53.00000 61780.73404
37.00000 54.00000 61766.17435
37.00000 55.00000 61759.00834
37.00000 56.00000 61770.73849
37.00000 57.00000 61793.33735
37.00000 58.00000 61807.75740
37.00000 59.00000 61809.48857
37.00000 60.00000 61817.68094
37.00000 61.00000 61826.32036
37.00000 62.00000 61833.04770
37.00000 63.00000 61826.10205
37.00000 64.00000 61818.57227
37.00000 65.00000 61816.91112
37.00000 66.00000 61805.61418
37.00000 67.00000 61794.45040
37.00000 68.00000 61786.84072
37.00000 69.00000 61786.56402
37.00000 70.00000 61797.06294
38.00000 25.00000 61768.95633
38.00000 26.00000 61753.77551
38.00000 27.00000 61744.01070
38.00000 28.00000 61739.73421
38.00000 29.00000 61734.29400
38.00000 30.00000 61736.51238
38.00000 31.00000 61753.11529
38.00000 32.00000 61753.50620
38.00000 33.00000 61749.81698
38.00000 34.00000 61738.28877
38.00000 35.00000 61730.46409
38.00000 36.00000 61720.80813
38.00000 37.00000 61716.37665
38.00000 38.00000 61725.19764
38.00000 39.00000 61706.72784
38.00000 40.00000 61693.53221
38.00000 41.00000 61690.92875
38.00000 42.00000 61705.47922
38.00000 43.00000 61727.27751
38.00000 44.00000 61736.20117
38.00000 45.00000 61738.08638
38.00000 46.00000 61739.92612
38.00000 47.00000 61746.36283
38.00000 48.00000 61750.10810
38.00000 49.00000 61764.00155
38.00000 50.00000 61785.92443
38.00000 51.00000 61796.01462
38.00000 52.00000 61787.45927
38.00000 53.00000 61771.39380
38.00000 54.00000 61753.45403
38.00000 55.00000 61746.41619
38.00000 56.00000 61758.94260
38.00000 57.00000 61782.04774
38.00000 58.00000 61795.49110
38.00000 59.00000 61797.91050
38.00000 60.00000 61804.91845
38.00000 61.00000 61810.59509
38.00000 62.00000 61814.63147
38.00000 63.00000 61808.29473
38.00000 64.00000 61803.74864
38.00000 65.00000 61805.12499
38.00000 66.00000 61796.02623
38.00000 67.00000 61787.32356
38.00000 68.00000 61781.40997
38.00000 69.00000 61780.07178
38.00000 70.00000 61786.61904
39.00000 25.00000 61755.48501
39.00000 26.00000 61741.05397
39.00000 27.00000 61730.38017
39.00000 28.00000 61725.49969
39.00000 29.00000 61718.93036
39.00000 30.00000 61720.55756
39.00000 31.00000 61735.21305
39.00000 32.00000 61734.54571
39.00000 33.00000 61731.03768
39.00000 34.00000 61718.67620
39.00000 35.00000 61710.19572
39.00000 36.00000 61700.84674
39.00000 37.00000 61699.50954
39.00000 38.00000 61701.07464
39.00000 39.00000 61707.15480
39.00000 40.00000 61694.30372
39.00000 41.00000 61689.45624
39.00000 42.00000 61698.05985
39.00000 43.00000 61713.47271
39.00000 44.00000 61720.98139
39.00000 45.00000 61723.35370
39.00000 46.00000 61726.09527
39.00000 47.00000 61731.11963
39.00000 48.00000 61733.94044
39.00000 49.00000 61747.78292
39.00000 50.00000 61770.34016
39.00000 51.00000 61782.37770
39.00000 52.00000 61776.07585
39.00000 53.00000 61760.12109
39.00000 54.00000 61739.24663
39.00000 55.00000 61730.95157
39.00000 56.00000 61744.28444
39.00000 57.00000 61768.90500
39.00000 58.00000 61782.56390
39.00000 59.00000 61785.46403
39.00000 60.00000 61791.56775
39.00000 61.00000 61795.06991
39.00000 62.00000 61795.57041
39.00000 63.00000 61788.26947
39.00000 64.00000 61786.20741
39.00000 65.00000 61791.09162
39.00000 66.00000 61784.94385
39.00000 67.00000 61777.53169
39.00000 68.00000 61772.81799
39.00000 69.00000 61771.20438
39.00000 70.00000 61774.67924
40.00000 25.00000 61742.50175
40.00000 26.00000 61728.97616
40.00000 27.00000 61719.35845
40.00000 28.00000 61714.00069
40.00000 29.00000 61706.37735
40.00000 30.00000 61708.66343
40.00000 31.00000 61723.36653
40.00000 32.00000 61719.66130
40.00000 33.00000 61714.30849
40.00000 34.00000 61702.06046
40.00000 35.00000 61696.44156
40.00000 36.00000 61687.39064
40.00000 37.00000 61685.89250
40.00000 38.00000 61691.81391
40.00000 39.00000 61696.10270
40.00000 40.00000 61685.61483
40.00000 41.00000 61682.89361
40.00000 42.00000 61689.95599
40.00000 43.00000 61703.46360
40.00000 44.00000 61706.90775
40.00000 45.00000 61706.55729
40.00000 46.00000 61709.74432
40.00000 47.00000 61715.16467
40.00000 48.00000 61718.00018
40.00000 49.00000 61731.81216
40.00000 50.00000 61755.36042
40.00000 51.00000 61768.05234
40.00000 52.00000 61762.22832
40.00000 53.00000 61746.53358
40.00000 54.00000 61724.46035
40.00000 55.00000 61712.77787
40.00000 56.00000 61722.73928
40.00000 57.00000 61748.06156
40.00000 58.00000 61763.74066
40.00000 59.00000 61767.26625
40.00000 60.00000 61774.65773
40.00000 61.00000 61779.64462
40.00000 62.00000 61780.12794
40.00000 63.00000 61768.96604
40.00000 64.00000 61764.10074
40.00000 65.00000 61769.48654
40.00000 66.00000 61766.92322
40.00000 67.00000 61760.42525
40.00000 68.00000 61756.85772
40.00000 69.00000 61756.85059
40.00000 70.00000 61760.85931
41.00000 25.00000 61748.24975
41.00000 26.00000 61735.04799
41.00000 27.00000 61726.61995
41.00000 28.00000 61721.48185
41.00000 29.00000 61711.48726
41.00000 30.00000 61712.71435
41.00000 31.00000 61727.28446
41.00000 32.00000 61722.60186
41.00000 33.00000 61714.78567
41.00000 34.00000 61700.66141
41.00000 35.00000 61696.04050
41.00000 36.00000 61689.17762
41.00000 37.00000 61685.31231
41.00000 38.00000 61691.41936
41.00000 39.00000 61694.31106
41.00000 40.00000 61690.06444
41.00000 41.00000 61690.32482
41.00000 42.00000 61694.42215
41.00000 43.00000 61709.07292
41.00000 44.00000 61711.48722
41.00000 45.00000 61707.86948
41.00000 46.00000 61708.96018
41.00000 47.00000 61715.17197
41.00000 48.00000 61720.18739
41.00000 49.00000 61734.19095
41.00000 50.00000 61757.32044
41.00000 51.00000 61770.13420
41.00000 52.00000 61764.90527
41.00000 53.00000 61749.85428
41.00000 54.00000 61727.12853
41.00000 55.00000 61714.09116
41.00000 56.00000 61720.49193
41.00000 57.00000 61743.35440
41.00000 58.00000 61758.51579
41.00000 59.00000 61762.07204
41.00000 60.00000 61771.40243
41.00000 61.00000 61779.44651
41.00000 62.00000 61781.81462
41.00000 63.00000 61769.98824
41.00000 64.00000 61763.16885
41.00000 65.00000 61766.58291
41.00000 66.00000 61764.69609
41.00000 67.00000 61758.96425
41.00000 68.00000 61755.31102
41.00000 69.00000 61755.54311
41.00000 70.00000 61760.20545
42.00000 25.00000 61768.48081
42.00000 26.00000 61757.13202
42.00000 27.00000 61750.20147
42.00000 28.00000 61746.25367
42.00000 29.00000 61735.00089
42.00000 30.00000 61733.48020
42.00000 31.00000 61746.00204
42.00000 32.00000 61741.41309
42.00000 33.00000 61732.30098
42.00000 34.00000 61716.04027
42.00000 35.00000 61710.22226
42.00000 36.00000 61704.71347
42.00000 37.00000 61698.85556
42.00000 38.00000 61701.68959
42.00000 39.00000 61704.68668
42.00000 40.00000 61702.57361
42.00000 41.00000 61706.38557
42.00000 42.00000 61716.47193
42.00000 43.00000 61730.91870
42.00000 44.00000 61734.42552
42.00000 45.00000 61729.33680
42.00000 46.00000 61725.53752
42.00000 47.00000 61731.00406
42.00000 48.00000 61739.00143
42.00000 49.00000 61754.19994
42.00000 50.00000 61774.99002
42.00000 51.00000 61785.15765
42.00000 52.00000 61779.28207
42.00000 53.00000 61764.89289
42.00000 54.00000 61742.31535
42.00000 55.00000 61729.59903
42.00000 56.00000 61735.23528
42.00000 57.00000 61757.11390
42.00000 58.00000 61770.10943
42.00000 59.00000 61771.93574
42.00000 60.00000 61782.23679
42.00000 61.00000 61793.06430
42.00000 62.00000 61798.09051
42.00000 63.00000 61787.09251
42.00000 64.00000 61779.61994
42.00000 65.00000 61781.26235
42.00000 66.00000 61775.81563
42.00000 67.00000 61768.71498
42.00000 68.00000 61763.77974
42.00000 69.00000 61764.10326
42.00000 70.00000 61769.96100
43.00000 25.00000 61786.07394
43.00000 26.00000 61776.00692
43.00000 27.00000 61770.12509
43.00000 28.00000 61766.65862
43.00000 29.00000 61757.93110
43.00000 30.00000 61756.07015
43.00000 31.00000 61767.35208
43.00000 32.00000 61762.77732
43.00000 33.00000 61753.67706
43.00000 34.00000 61736.90114
43.00000 35.00000 61730.14466
43.00000 36.00000 61724.31680
43.00000 37.00000 61716.74833
43.00000 38.00000 61712.18703
43.00000 39.00000 61708.56356
43.00000 40.00000 61705.31477
43.00000 41.00000 61708.72323
43.00000 42.00000 61722.47069
43.00000 43.00000 61748.56065
43.00000 44.00000 61754.17324
43.00000 45.00000 61751.45272
43.00000 46.00000 61748.22992
43.00000 47.00000 61753.03308
43.00000 48.00000 61761.37366
43.00000 49.00000 61776.93203
43.00000 50.00000 61795.41716
43.00000 51.00000 61801.64928
43.00000 52.00000 61793.64293
43.00000 53.00000 61779.02867
43.00000 54.00000 61756.00314
43.00000 55.00000 61740.66829
43.00000 56.00000 61744.79785
43.00000 57.00000 61767.98291
43.00000 58.00000 61781.59662
43.00000 59.00000 61781.78614
43.00000 60.00000 61793.86887
43.00000 61.00000 61808.65944
43.00000 62.00000 61815.78995
43.00000 63.00000 61804.32588
43.00000 64.00000 61796.24019
43.00000 65.00000 61797.68810
43.00000 66.00000 61789.64798
43.00000 67.00000 61780.72021
43.00000 68.00000 61774.58955
43.00000 69.00000 61775.37264
43.00000 70.00000 61782.33027
44.00000 25.00000 61789.18404
44.00000 26.00000 61779.08739
44.00000 27.00000 61773.33746
44.00000 28.00000 61767.46940
44.00000 29.00000 61758.65036
44.00000 30.00000 61757.35740
44.00000 31.00000 61769.82862
44.00000 32.00000 61765.93820
44.00000 33.00000 61757.57700
44.00000 34.00000 61741.20197
44.00000 35.00000 61734.41715
44.00000 36.00000 61727.57061
44.00000 37.00000 61721.87806
44.00000 38.00000 61718.71545
44.00000 39.00000 61714.50276
44.00000 40.00000 61710.05359
44.00000 41.00000 61712.27326
44.00000 42.00000 61725.81627
44.00000 43.00000 61753.06026
44.00000 44.00000 61756.95204
44.00000 45.00000 61757.49433
44.00000 46.00000 61758.28324
44.00000 47.00000 61765.50341
44.00000 48.00000 61772.89297
44.00000 49.00000 61788.16721
44.00000 50.00000 61805.58940
44.00000 51.00000 61808.34721
44.00000 52.00000 61795.98954
44.00000 53.00000 61779.69728
44.00000 54.00000 61757.65807
44.00000 55.00000 61742.48006
44.00000 56.00000 61747.44631
44.00000 57.00000 61771.49363
44.00000 58.00000 61787.53986
44.00000 59.00000 61786.86794
44.00000 60.00000 61796.76001
44.00000 61.00000 61811.33761
44.00000 62.00000 61819.70552
44.00000 63.00000 61809.05460
44.00000 64.00000 61801.51570
44.00000 65.00000 61803.91823
44.00000 66.00000 61795.11024
44.00000 67.00000 61784.68284
44.00000 68.00000 61777.54806
44.00000 69.00000 61778.95891
44.00000 70.00000 61787.63670
45.00000 25.00000 61791.48769
45.00000 26.00000 61780.08186
45.00000 27.00000 61773.74202
45.00000 28.00000 61766.88625
45.00000 29.00000 61757.44823
45.00000 30.00000 61755.66858
45.00000 31.00000 61769.05962
45.00000 32.00000 61766.88473
45.00000 33.00000 61759.72739
45.00000 34.00000 61744.05370
45.00000 35.00000 61737.69112
45.00000 36.00000 61730.29673
45.00000 37.00000 61724.97851
45.00000 38.00000 61723.04551
45.00000 39.00000 61719.81977
45.00000 40.00000 61715.49526
45.00000 41.00000 61717.36638
45.00000 42.00000 61729.40584
45.00000 43.00000 61755.99955
45.00000 44.00000 61762.80290
45.00000 45.00000 61768.83969
45.00000 46.00000 61766.17892
45.00000 47.00000 61775.11464
45.00000 48.00000 61781.47131
45.00000 49.00000 61794.05163
45.00000 50.00000 61810.91839
45.00000 51.00000 61812.17752
45.00000 52.00000 61797.87334
45.00000 53.00000 61779.10684
45.00000 54.00000 61755.72170
45.00000 55.00000 61740.01242
45.00000 56.00000 61746.55118
45.00000 57.00000 61771.36867
45.00000 58.00000 61789.88759
45.00000 59.00000 61789.84815
45.00000 60.00000 61798.62708
45.00000 61.00000 61811.28761
45.00000 62.00000 61818.33745
45.00000 63.00000 61807.94863
45.00000 64.00000 61801.49901
45.00000 65.00000 61805.12032
45.00000 66.00000 61796.42125
45.00000 67.00000 61785.59949
45.00000 68.00000 61778.87248
45.00000 69.00000 61780.90823
45.00000 70.00000 61791.39880
46.00000 25.00000 61799.61890
46.00000 26.00000 61784.89841
46.00000 27.00000 61775.67440
46.00000 28.00000 61768.91749
46.00000 29.00000 61760.89551
46.00000 30.00000 61758.86588
46.00000 31.00000 61772.48686
46.00000 32.00000 61772.68336
46.00000 33.00000 61768.77790
46.00000 34.00000 61755.40993
46.00000 35.00000 61749.58510
46.00000 36.00000 61741.95637
46.00000 37.00000 61735.29829
46.00000 38.00000 61730.55868
46.00000 39.00000 61725.63301
46.00000 40.00000 61722.03399
46.00000 41.00000 61725.95264
46.00000 42.00000 61738.76561
46.00000 43.00000 61764.18248
46.00000 44.00000 61772.52172
46.00000 45.00000 61779.25728
46.00000 46.00000 61790.97719
46.00000 47.00000 61791.04182
46.00000 48.00000 61796.50775
46.00000 49.00000 61805.25829
46.00000 50.00000 61820.25557
46.00000 51.00000 61820.92309
46.00000 52.00000 61807.06063
46.00000 53.00000 61786.64613
46.00000 54.00000 61758.97328
46.00000 55.00000 61740.21127
46.00000 56.00000 61747.73277
46.00000 57.00000 61773.95493
46.00000 58.00000 61794.65400
46.00000 59.00000 61796.54651
46.00000 60.00000 61807.26923
46.00000 61.00000 61819.91805
46.00000 62.00000 61822.19282
46.00000 63.00000 61809.71582
46.00000 64.00000 61804.02941
46.00000 65.00000 61809.42884
46.00000 66.00000 61802.03057
46.00000 67.00000 61791.87337
46.00000 68.00000 61787.17036
46.00000 69.00000 61791.07636
46.00000 70.00000 61802.28845
47.00000 25.00000 61812.87196
47.00000 26.00000 61795.29857
47.00000 27.00000 61783.32973
47.00000 28.00000 61776.59017
47.00000 29.00000 61771.60894
47.00000 30.00000 61771.50287
47.00000 31.00000 61785.53386
47.00000 32.00000 61784.99260
47.00000 33.00000 61782.64769
47.00000 34.00000 61771.39562
47.00000 35.00000 61766.51647
47.00000 36.00000 61759.33761
47.00000 37.00000 61752.59931
47.00000 38.00000 61745.27622
47.00000 39.00000 61736.72349
47.00000 40.00000 61731.11645
47.00000 41.00000 61736.00359
47.00000 42.00000 61751.43164
47.00000 43.00000 61778.92061
47.00000 44.00000 61789.38347
47.00000 45.00000 61797.28620
47.00000 46.00000 61809.04037
47.00000 47.00000 61814.43555
47.00000 48.00000 61815.08252
47.00000 49.00000 61822.93240
47.00000 50.00000 61837.29964
47.00000 51.00000 61836.18791
47.00000 52.00000 61822.09756
47.00000 53.00000 61801.60933
47.00000 54.00000 61772.40864
47.00000 55.00000 61751.20019
47.00000 56.00000 61758.38148
47.00000 57.00000 61784.75967
47.00000 58.00000 61805.59800
47.00000 59.00000 61808.61585
47.00000 60.00000 61821.88788
47.00000 61.00000 61836.38439
47.00000 62.00000 61836.75920
47.00000 63.00000 61821.42846
47.00000 64.00000 61814.15075
47.00000 65.00000 61819.71667
47.00000 66.00000 61814.15933
47.00000 67.00000 61804.77205
47.00000 68.00000 61801.60983
47.00000 69.00000 61807.19361
47.00000 70.00000 61819.36220
48.00000 25.00000 61812.38034
48.00000 26.00000 61793.15552
48.00000 27.00000 61780.68385
48.00000 28.00000 61772.73622
48.00000 29.00000 61768.81517
48.00000 30.00000 61771.65135
48.00000 31.00000 61788.56529
48.00000 32.00000 61786.38570
48.00000 33.00000 61783.23941
48.00000 34.00000 61773.66512
48.00000 35.00000 61771.59889
48.00000 36.00000 61764.76467
48.00000 37.00000 61758.18381
48.00000 38.00000 61750.89037
48.00000 39.00000 61740.52188
48.00000 40.00000 61730.26884
48.00000 41.00000 61733.65750
48.00000 42.00000 61749.23194
48.00000 43.00000 61777.95325
48.00000 44.00000 61789.81085
48.00000 45.00000 61798.24698
48.00000 46.00000 61808.66997
48.00000 47.00000 61814.68784
48.00000 48.00000 61816.75775
48.00000 49.00000 61820.26744
48.00000 50.00000 61837.18206
48.00000 51.00000 61837.44782
48.00000 52.00000 61823.76150
48.00000 53.00000 61804.91361
48.00000 54.00000 61778.28246
48.00000 55.00000 61756.35403
48.00000 56.00000 61759.82343
48.00000 57.00000 61782.67712
48.00000 58.00000 61801.54245
48.00000 59.00000 61805.28063
48.00000 60.00000 61821.33012
48.00000 61.00000 61838.77671
48.00000 62.00000 61840.53534
48.00000 63.00000 61823.01471
48.00000 64.00000 61811.57341
48.00000 65.00000 61815.85060
48.00000 66.00000 61814.42247
48.00000 67.00000 61807.25172
48.00000 68.00000 61805.19122
48.00000 69.00000 61811.71994
48.00000 70.00000 61825.82725
49.00000 25.00000 61806.24007
49.00000 26.00000 61786.07680
49.00000 27.00000 61774.24327
49.00000 28.00000 61765.45620
49.00000 29.00000 61759.33453
49.00000 30.00000 61761.99313
49.00000 31.00000 61780.60194
49.00000 32.00000 61780.15013
49.00000 33.00000 61776.11586
49.00000 34.00000 61766.83966
49.00000 35.00000 61767.92374
49.00000 36.00000 61763.54886
49.00000 37.00000 61757.19253
49.00000 38.00000 61750.41053
49.00000 39.00000 61740.47759
49.00000 40.00000 61728.97560
49.00000 41.00000 61729.76512
49.00000 42.00000 61742.53396
49.00000 43.00000 61769.08297
49.00000 44.00000 61779.64196
49.00000 45.00000 61785.76204
49.00000 46.00000 61794.69667
49.00000 47.00000 61799.88517
49.00000 48.00000 61798.97390
49.00000 49.00000 61813.09597
49.00000 50.00000 61826.86817
49.00000 51.00000 61831.26701
49.00000 52.00000 61819.90821
49.00000 53.00000 61803.37896
49.00000 54.00000 61781.14742
49.00000 55.00000 61761.55548
49.00000 56.00000 61763.69825
49.00000 57.00000 61781.23528
49.00000 58.00000 61795.42486
49.00000 59.00000 61799.18555
49.00000 60.00000 61815.83969
49.00000 61.00000 61834.25156
49.00000 62.00000 61837.92847
49.00000 63.00000 61821.27700
49.00000 64.00000 61808.03515
49.00000 65.00000 61808.79446
49.00000 66.00000 61809.43487
49.00000 67.00000 61806.05539
49.00000 68.00000 61806.63598
49.00000 69.00000 61813.72282
49.00000 70.00000 61828.28404
50.00000 25.00000 61790.17804
50.00000 26.00000 61771.35057
50.00000 27.00000 61761.02685
50.00000 28.00000 61753.01790
50.00000 29.00000 61743.49529
50.00000 30.00000 61741.36394
50.00000 31.00000 61756.57895
50.00000 32.00000 61759.27360
50.00000 33.00000 61757.44552
50.00000 34.00000 61749.50901
50.00000 35.00000 61752.73149
50.00000 36.00000 61753.44369
50.00000 37.00000 61749.82795
50.00000 38.00000 61743.50894
50.00000 39.00000 61734.62222
50.00000 40.00000 61725.67333
50.00000 41.00000 61725.96853
50.00000 42.00000 61734.74434
50.00000 43.00000 61756.10804
50.00000 44.00000 61764.31851
50.00000 45.00000 61768.32591
50.00000 46.00000 61776.86078
50.00000 47.00000 61784.17692
50.00000 48.00000 61784.17087
50.00000 49.00000 61790.35053
50.00000 50.00000 61805.50427
50.00000 51.00000 61811.84854
50.00000 52.00000 61802.75806
50.00000 53.00000 61789.85131
50.00000 54.00000 61774.89458
50.00000 55.00000 61761.26544
50.00000 56.00000 61766.50901
50.00000 57.00000 61780.76929
50.00000 58.00000 61786.96308
50.00000 59.00000 61788.26543
50.00000 60.00000 61802.68941
50.00000 61.00000 61819.73778
50.00000 62.00000 61825.40289
50.00000 63.00000 61811.24088
50.00000 64.00000 61799.45149
50.00000 65.00000 61798.72790
50.00000 66.00000 61797.05361
50.00000 67.00000 61796.77124
50.00000 68.00000 61801.05934
50.00000 69.00000 61810.14434
50.00000 70.00000 61823.52904
51.00000 25.00000 61777.92241
51.00000 26.00000 61760.77015
51.00000 27.00000 61750.83034
51.00000 28.00000 61743.33025
51.00000 29.00000 61732.91723
51.00000 30.00000 61728.62236
51.00000 31.00000 61740.34006
51.00000 32.00000 61741.49994
51.00000 33.00000 61742.09659
51.00000 34.00000 61736.83263
51.00000 35.00000 61741.08135
51.00000 36.00000 61744.72728
51.00000 37.00000 61745.30000
51.00000 38.00000 61740.72785
51.00000 39.00000 61731.57406
51.00000 40.00000 61724.06478
51.00000 41.00000 61726.24715
51.00000 42.00000 61734.13838
51.00000 43.00000 61750.38827
51.00000 44.00000 61754.50443
51.00000 45.00000 61757.26465
51.00000 46.00000 61766.48239
51.00000 47.00000 61775.09224
51.00000 48.00000 61777.39186
51.00000 49.00000 61783.32983
51.00000 50.00000 61788.73939
51.00000 51.00000 61793.29416
51.00000 52.00000 61787.56874
51.00000 53.00000 61777.32206
51.00000 54.00000 61767.47234
51.00000 55.00000 61759.21662
51.00000 56.00000 61769.81824
51.00000 57.00000 61784.13727
51.00000 58.00000 61786.33656
51.00000 59.00000 61783.75348
51.00000 60.00000 61794.60876
51.00000 61.00000 61810.78018
51.00000 62.00000 61818.85752
51.00000 63.00000 61806.11042
51.00000 64.00000 61795.15298
51.00000 65.00000 61794.47460
51.00000 66.00000 61790.60966
51.00000 67.00000 61790.60912
51.00000 68.00000 61797.56461
51.00000 69.00000 61809.94898
51.00000 70.00000 61823.10846
52.00000 25.00000 61777.40956
52.00000 26.00000 61760.22634
52.00000 27.00000 61749.96741
52.00000 28.00000 61743.78555
52.00000 29.00000 61735.22211
52.00000 30.00000 61733.25772
52.00000 31.00000 61745.75461
52.00000 32.00000 61742.62294
52.00000 33.00000 61741.47173
52.00000 34.00000 61736.74508
52.00000 35.00000 61741.83049
52.00000 36.00000 61745.07692
52.00000 37.00000 61746.75168
52.00000 38.00000 61744.63886
52.00000 39.00000 61735.90008
52.00000 40.00000 61727.78770
52.00000 41.00000 61732.47752
52.00000 42.00000 61743.33446
52.00000 43.00000 61759.14137
52.00000 44.00000 61757.35724
52.00000 45.00000 61756.79086
52.00000 46.00000 61766.42367
52.00000 47.00000 61776.84678
52.00000 48.00000 61782.91751
52.00000 49.00000 61791.94646
52.00000 50.00000 61800.50671
52.00000 51.00000 61803.49454
52.00000 52.00000 61791.33872
52.00000 53.00000 61781.34009
52.00000 54.00000 61772.37154
52.00000 55.00000 61765.29041
52.00000 56.00000 61779.22304
52.00000 57.00000 61794.64198
52.00000 58.00000 61796.39316
52.00000 59.00000 61791.54258
52.00000 60.00000 61797.99375
52.00000 61.00000 61812.07654
52.00000 62.00000 61822.37728
52.00000 63.00000 61812.65062
52.00000 64.00000 61803.46779
52.00000 65.00000 61803.20497
52.00000 66.00000 61799.98496
52.00000 67.00000 61799.67466
52.00000 68.00000 61804.51206
52.00000 69.00000 61816.31274
52.00000 70.00000 61830.43891
53.00000 25.00000 61783.18259
53.00000 26.00000 61764.17063
53.00000 27.00000 61752.13603
53.00000 28.00000 61747.56495
53.00000 29.00000 61740.30663
53.00000 30.00000 61740.25945
53.00000 31.00000 61753.82932
53.00000 32.00000 61749.21703
53.00000 33.00000 61744.29523
53.00000 34.00000 61737.62514
53.00000 35.00000 61742.59170
53.00000 36.00000 61747.88764
53.00000 37.00000 61748.89257
53.00000 38.00000 61747.36049
53.00000 39.00000 61739.65751
53.00000 40.00000 61731.71641
53.00000 41.00000 61737.56950
53.00000 42.00000 61751.49984
53.00000 43.00000 61769.47584
53.00000 44.00000 61765.40438
53.00000 45.00000 61759.97181
53.00000 46.00000 61765.76990
53.00000 47.00000 61775.17652
53.00000 48.00000 61784.02365
53.00000 49.00000 61795.26524
53.00000 50.00000 61807.75539
53.00000 51.00000 61814.92850
53.00000 52.00000 61806.67475
53.00000 53.00000 61793.37977
53.00000 54.00000 61780.17873
53.00000 55.00000 61775.13243
53.00000 56.00000 61790.77397
53.00000 57.00000 61805.60641
53.00000 58.00000 61805.96699
53.00000 59.00000 61800.94617
53.00000 60.00000 61805.85858
53.00000 61.00000 61816.98922
53.00000 62.00000 61827.09405
53.00000 63.00000 61821.00165
53.00000 64.00000 61815.16431
53.00000 65.00000 61815.45384
53.00000 66.00000 61813.31496
53.00000 67.00000 61813.94425
53.00000 68.00000 61817.00540
53.00000 69.00000 61825.18138
53.00000 70.00000 61837.61770
54.00000 25.00000 61787.84537
54.00000 26.00000 61767.25196
54.00000 27.00000 61750.46397
54.00000 28.00000 61745.93700
54.00000 29.00000 61739.06348
54.00000 30.00000 61740.27351
54.00000 31.00000 61753.88319
54.00000 32.00000 61750.46413
54.00000 33.00000 61742.29667
54.00000 34.00000 61729.38100
54.00000 35.00000 61729.75233
54.00000 36.00000 61737.85756
54.00000 37.00000 61739.84016
54.00000 38.00000 61737.61041
54.00000 39.00000 61729.77552
54.00000 40.00000 61724.18646
54.00000 41.00000 61731.74338
54.00000 42.00000 61747.01859
54.00000 43.00000 61768.04072
54.00000 44.00000 61765.13876
54.00000 45.00000 61756.35155
54.00000 46.00000 61753.72755
54.00000 47.00000 61757.93620
54.00000 48.00000 61766.90544
54.00000 49.00000 61779.15391
54.00000 50.00000 61794.42974
54.00000 51.00000 61806.60284
54.00000 52.00000 61807.45856
54.00000 53.00000 61800.90847
54.00000 54.00000 61787.93309
54.00000 55.00000 61780.48485
54.00000 56.00000 61796.61657
54.00000 57.00000 61811.56908
54.00000 58.00000 61808.29418
54.00000 59.00000 61801.79681
54.00000 60.00000 61806.95915
54.00000 61.00000 61816.32654
54.00000 62.00000 61824.52361
54.00000 63.00000 61821.67673
54.00000 64.00000 61819.97357
54.00000 65.00000 61822.52295
54.00000 66.00000 61820.21862
54.00000 67.00000 61821.78891
54.00000 68.00000 61824.61135
54.00000 69.00000 61829.79075
54.00000 70.00000 61837.97263
55.00000 25.00000 61772.10360
55.00000 26.00000 61753.55720
55.00000 27.00000 61736.21814
55.00000 28.00000 61729.50876
55.00000 29.00000 61721.14394
55.00000 30.00000 61722.66014
55.00000 31.00000 61735.88833
55.00000 32.00000 61732.15034
55.00000 33.00000 61722.39468
55.00000 34.00000 61706.69152
55.00000 35.00000 61703.73771
55.00000 36.00000 61709.77383
55.00000 37.00000 61713.03107
55.00000 38.00000 61712.86165
55.00000 39.00000 61706.11375
55.00000 40.00000 61699.67355
55.00000 41.00000 61707.37433
55.00000 42.00000 61722.01161
55.00000 43.00000 61743.95709
55.00000 44.00000 61744.63748
55.00000 45.00000 61736.87510
55.00000 46.00000 61730.53715
55.00000 47.00000 61729.93606
55.00000 48.00000 61736.71012
55.00000 49.00000 61749.87785
55.00000 50.00000 61767.50343
55.00000 51.00000 61781.23050
55.00000 52.00000 61786.36769
55.00000 53.00000 61783.97938
55.00000 54.00000 61774.25522
55.00000 55.00000 61767.04901
55.00000 56.00000 61779.24466
55.00000 57.00000 61793.97159
55.00000 58.00000 61789.49841
55.00000 59.00000 61782.22459
55.00000 60.00000 61789.84935
55.00000 61.00000 61800.49010
55.00000 62.00000 61809.99399
55.00000 63.00000 61807.45341
55.00000 64.00000 61807.48054
55.00000 65.00000 61812.22633
55.00000 66.00000 61810.78565
55.00000 67.00000 61812.31256
55.00000 68.00000 61815.55630
55.00000 69.00000 61820.67325
55.00000 70.00000 61826.73787
