k1 k2 chisq 
11.00000 25.00000 36822.39065
11.00000 26.00000 36817.29377
11.00000 27.00000 36816.33799
11.00000 28.00000 36818.12679
11.00000 29.00000 36825.53899
11.00000 30.00000 36835.00050
11.00000 31.00000 36848.39523
11.00000 32.00000 36859.87656
11.00000 33.00000 36865.24844
11.00000 34.00000 36862.10333
11.00000 35.00000 36860.25992
11.00000 36.00000 36859.50983
11.00000 37.00000 36858.99172
11.00000 38.00000 36857.89435
11.00000 39.00000 36858.46762
11.00000 40.00000 36854.89089
11.00000 41.00000 36852.20653
11.00000 42.00000 36854.62421
11.00000 43.00000 36858.60211
11.00000 44.00000 36862.82358
11.00000 45.00000 36869.08874
11.00000 46.00000 36873.43066
11.00000 47.00000 36872.39985
11.00000 48.00000 36867.85455
11.00000 49.00000 36859.83693
11.00000 50.00000 36851.99450
11.00000 51.00000 36846.72919
11.00000 52.00000 36840.02711
11.00000 53.00000 36845.68943
11.00000 54.00000 36855.48601
11.00000 55.00000 36864.14866
11.00000 56.00000 36871.22326
11.00000 57.00000 36881.12388
11.00000 58.00000 36886.32132
11.00000 59.00000 36891.27378
11.00000 60.00000 36897.94591
11.00000 61.00000 36907.28880
11.00000 62.00000 36915.50421
11.00000 63.00000 36919.48917
11.00000 64.00000 36925.48648
11.00000 65.00000 36938.29906
11.00000 66.00000 36946.73116
11.00000 67.00000 36948.28350
11.00000 68.00000 36949.41747
11.00000 69.00000 36953.28915
11.00000 70.00000 36962.92625
12.00000 25.00000 36828.14519
12.00000 26.00000 36823.00561
12.00000 27.00000 36821.50657
12.00000 28.00000 36822.54873
12.00000 29.00000 36830.03838
12.00000 30.00000 36839.42630
12.00000 31.00000 36852.91404
12.00000 32.00000 36864.88518
12.00000 33.00000 36870.67419
12.00000 34.00000 36867.95184
12.00000 35.00000 36866.10760
12.00000 36.00000 36865.09318
12.00000 37.00000 36864.73159
12.00000 38.00000 36863.58171
12.00000 39.00000 36863.57294
12.00000 40.00000 36859.49333
12.00000 41.00000 36856.94312
12.00000 42.00000 36860.00814
12.00000 43.00000 36864.25037
12.00000 44.00000 36868.22837
12.00000 45.00000 36874.16745
12.00000 46.00000 36877.88436
12.00000 47.00000 36876.29889
12.00000 48.00000 36871.46620
12.00000 49.00000 36864.04857
12.00000 50.00000 36857.45227
12.00000 51.00000 36852.69015
12.00000 52.00000 36846.10125
12.00000 53.00000 36851.65166
12.00000 54.00000 36860.82169
12.00000 55.00000 36868.44787
12.00000 56.00000 36874.14710
12.00000 57.00000 36883.67317
12.00000 58.00000 36889.59788
12.00000 59.00000 36895.24925
12.00000 60.00000 36902.84585
12.00000 61.00000 36913.35460
12.00000 62.00000 36921.65382
12.00000 63.00000 36924.89926
12.00000 64.00000 36930.17389
12.00000 65.00000 36943.13256
12.00000 66.00000 36952.04106
12.00000 67.00000 36954.11654
12.00000 68.00000 36955.56737
12.00000 69.00000 36959.73527
12.00000 70.00000 36969.43194
13.00000 25.00000 36819.24874
13.00000 26.00000 36816.35070
13.00000 27.00000 36817.62001
13.00000 28.00000 36818.70964
13.00000 29.00000 36824.12108
13.00000 30.00000 36831.37683
13.00000 31.00000 36844.30934
13.00000 32.00000 36855.63349
13.00000 33.00000 36860.41619
13.00000 34.00000 36858.48924
13.00000 35.00000 36857.57630
13.00000 36.00000 36856.39292
13.00000 37.00000 36856.04548
13.00000 38.00000 36855.66294
13.00000 39.00000 36856.13393
13.00000 40.00000 36851.83158
13.00000 41.00000 36849.05454
13.00000 42.00000 36852.17747
13.00000 43.00000 36856.13376
13.00000 44.00000 36858.97117
13.00000 45.00000 36863.55992
13.00000 46.00000 36866.98137
13.00000 47.00000 36866.07323
13.00000 48.00000 36861.72830
13.00000 49.00000 36854.40369
13.00000 50.00000 36848.04602
13.00000 51.00000 36843.87036
13.00000 52.00000 36837.81516
13.00000 53.00000 36843.44651
13.00000 54.00000 36853.25181
13.00000 55.00000 36860.44469
13.00000 56.00000 36864.87374
13.00000 57.00000 36873.44860
13.00000 58.00000 36879.42845
13.00000 59.00000 36885.60586
13.00000 60.00000 36894.27872
13.00000 61.00000 36906.53316
13.00000 62.00000 36916.77872
13.00000 63.00000 36920.36435
13.00000 64.00000 36925.10330
13.00000 65.00000 36937.34257
13.00000 66.00000 36946.04798
13.00000 67.00000 36947.95319
13.00000 68.00000 36948.88662
13.00000 69.00000 36952.79817
13.00000 70.00000 36962.63113
14.00000 25.00000 36818.51839
14.00000 26.00000 36817.09890
14.00000 27.00000 36820.07227
14.00000 28.00000 36821.54780
14.00000 29.00000 36826.38843
14.00000 30.00000 36832.20344
14.00000 31.00000 36843.60896
14.00000 32.00000 36853.70203
14.00000 33.00000 36857.52032
14.00000 34.00000 36856.42029
14.00000 35.00000 36856.04425
14.00000 36.00000 36854.89471
14.00000 37.00000 36854.60158
14.00000 38.00000 36854.63404
14.00000 39.00000 36855.15754
14.00000 40.00000 36850.36386
14.00000 41.00000 36847.14626
14.00000 42.00000 36850.18722
14.00000 43.00000 36854.10614
14.00000 44.00000 36856.38556
14.00000 45.00000 36860.13620
14.00000 46.00000 36863.57247
14.00000 47.00000 36863.38722
14.00000 48.00000 36859.95001
14.00000 49.00000 36853.28454
14.00000 50.00000 36846.94546
14.00000 51.00000 36842.65424
14.00000 52.00000 36836.49569
14.00000 53.00000 36841.55389
14.00000 54.00000 36851.17400
14.00000 55.00000 36858.09010
14.00000 56.00000 36862.24095
14.00000 57.00000 36871.14068
14.00000 58.00000 36877.57477
14.00000 59.00000 36884.15337
14.00000 60.00000 36893.66498
14.00000 61.00000 36907.02700
14.00000 62.00000 36918.62015
14.00000 63.00000 36922.57800
14.00000 64.00000 36927.13908
14.00000 65.00000 36938.95982
14.00000 66.00000 36946.93733
14.00000 67.00000 36948.14506
14.00000 68.00000 36948.52139
14.00000 69.00000 36952.56314
14.00000 70.00000 36962.68607
15.00000 25.00000 36819.30778
15.00000 26.00000 36817.97723
15.00000 27.00000 36820.85990
15.00000 28.00000 36822.99098
15.00000 29.00000 36829.46166
15.00000 30.00000 36836.52085
15.00000 31.00000 36847.86832
15.00000 32.00000 36857.71821
15.00000 33.00000 36861.85814
15.00000 34.00000 36861.03849
15.00000 35.00000 36860.25176
15.00000 36.00000 36858.86571
15.00000 37.00000 36858.74593
15.00000 38.00000 36859.14021
15.00000 39.00000 36859.74387
15.00000 40.00000 36854.48287
15.00000 41.00000 36850.84781
15.00000 42.00000 36853.84710
15.00000 43.00000 36857.91117
15.00000 44.00000 36860.21036
15.00000 45.00000 36863.97535
15.00000 46.00000 36868.14641
15.00000 47.00000 36868.77264
15.00000 48.00000 36866.09945
15.00000 49.00000 36859.75114
15.00000 50.00000 36852.72058
15.00000 51.00000 36847.16481
15.00000 52.00000 36840.01529
15.00000 53.00000 36844.76974
15.00000 54.00000 36854.57823
15.00000 55.00000 36862.77282
15.00000 56.00000 36869.40853
15.00000 57.00000 36879.95279
15.00000 58.00000 36886.30491
15.00000 59.00000 36892.11974
15.00000 60.00000 36900.74084
15.00000 61.00000 36913.61247
15.00000 62.00000 36926.09478
15.00000 63.00000 36931.28214
15.00000 64.00000 36937.14479
15.00000 65.00000 36949.32698
15.00000 66.00000 36956.60442
15.00000 67.00000 36956.20104
15.00000 68.00000 36955.38946
15.00000 69.00000 36959.06700
15.00000 70.00000 36969.13884
16.00000 25.00000 36819.04893
16.00000 26.00000 36817.04233
16.00000 27.00000 36819.33555
16.00000 28.00000 36821.83810
16.00000 29.00000 36829.55757
16.00000 30.00000 36838.75732
16.00000 31.00000 36851.73356
16.00000 32.00000 36862.26982
16.00000 33.00000 36867.54053
16.00000 34.00000 36867.13986
16.00000 35.00000 36866.36574
16.00000 36.00000 36864.75112
16.00000 37.00000 36864.69117
16.00000 38.00000 36865.38662
16.00000 39.00000 36866.27609
16.00000 40.00000 36860.54179
16.00000 41.00000 36856.20686
16.00000 42.00000 36858.71543
16.00000 43.00000 36862.66721
16.00000 44.00000 36865.51879
16.00000 45.00000 36870.10115
16.00000 46.00000 36875.62801
16.00000 47.00000 36877.29334
16.00000 48.00000 36875.39048
16.00000 49.00000 36869.44411
16.00000 50.00000 36862.05526
16.00000 51.00000 36855.26394
16.00000 52.00000 36846.76648
16.00000 53.00000 36851.39292
16.00000 54.00000 36861.64251
16.00000 55.00000 36870.60805
16.00000 56.00000 36878.98090
16.00000 57.00000 36890.76875
16.00000 58.00000 36897.33662
16.00000 59.00000 36902.80812
16.00000 60.00000 36910.44960
16.00000 61.00000 36922.40110
16.00000 62.00000 36935.14357
16.00000 63.00000 36941.21956
16.00000 64.00000 36948.32515
16.00000 65.00000 36961.03799
16.00000 66.00000 36968.27072
16.00000 67.00000 36967.01109
16.00000 68.00000 36965.43673
16.00000 69.00000 36968.72676
16.00000 70.00000 36978.63826
17.00000 25.00000 36818.83935
17.00000 26.00000 36814.00572
17.00000 27.00000 36814.99799
17.00000 28.00000 36817.28998
17.00000 29.00000 36825.26368
17.00000 30.00000 36836.50168
17.00000 31.00000 36852.52377
17.00000 32.00000 36865.16773
17.00000 33.00000 36871.43889
17.00000 34.00000 36870.72664
17.00000 35.00000 36870.26039
17.00000 36.00000 36868.71430
17.00000 37.00000 36868.39047
17.00000 38.00000 36868.71316
17.00000 39.00000 36869.50614
17.00000 40.00000 36863.19425
17.00000 41.00000 36857.88369
17.00000 42.00000 36859.68098
17.00000 43.00000 36863.76303
17.00000 44.00000 36867.64313
17.00000 45.00000 36873.60041
17.00000 46.00000 36880.60033
17.00000 47.00000 36883.19310
17.00000 48.00000 36881.48243
17.00000 49.00000 36875.03799
17.00000 50.00000 36866.52328
17.00000 51.00000 36858.84132
17.00000 52.00000 36849.19900
17.00000 53.00000 36853.78457
17.00000 54.00000 36864.78379
17.00000 55.00000 36874.61310
17.00000 56.00000 36883.96732
17.00000 57.00000 36896.34787
17.00000 58.00000 36903.10692
17.00000 59.00000 36908.70543
17.00000 60.00000 36915.56606
17.00000 61.00000 36926.31670
17.00000 62.00000 36938.58315
17.00000 63.00000 36944.74631
17.00000 64.00000 36952.27889
17.00000 65.00000 36965.22342
17.00000 66.00000 36972.63286
17.00000 67.00000 36971.36087
17.00000 68.00000 36969.92431
17.00000 69.00000 36973.36106
17.00000 70.00000 36983.45630
18.00000 25.00000 36819.07661
18.00000 26.00000 36811.30032
18.00000 27.00000 36810.52632
18.00000 28.00000 36812.31531
18.00000 29.00000 36820.55478
18.00000 30.00000 36832.91467
18.00000 31.00000 36850.49459
18.00000 32.00000 36865.09381
18.00000 33.00000 36872.65340
18.00000 34.00000 36871.91940
18.00000 35.00000 36871.52012
18.00000 36.00000 36870.41185
18.00000 37.00000 36870.51474
18.00000 38.00000 36870.73264
18.00000 39.00000 36871.26267
18.00000 40.00000 36864.55494
18.00000 41.00000 36858.51729
18.00000 42.00000 36859.56683
18.00000 43.00000 36863.68391
18.00000 44.00000 36868.33243
18.00000 45.00000 36875.38940
18.00000 46.00000 36883.39365
18.00000 47.00000 36886.74876
18.00000 48.00000 36885.53204
18.00000 49.00000 36879.44144
18.00000 50.00000 36870.62454
18.00000 51.00000 36862.28925
18.00000 52.00000 36851.64899
18.00000 53.00000 36855.96007
18.00000 54.00000 36866.82142
18.00000 55.00000 36877.45996
18.00000 56.00000 36888.16123
18.00000 57.00000 36901.54477
18.00000 58.00000 36908.55800
18.00000 59.00000 36914.22882
18.00000 60.00000 36920.31727
18.00000 61.00000 36929.66468
18.00000 62.00000 36941.22789
18.00000 63.00000 36947.36842
18.00000 64.00000 36955.24308
18.00000 65.00000 36968.47639
18.00000 66.00000 36975.85986
18.00000 67.00000 36975.02403
18.00000 68.00000 36974.18787
18.00000 69.00000 36977.98378
18.00000 70.00000 36988.11371
19.00000 25.00000 36819.79430
19.00000 26.00000 36809.93488
19.00000 27.00000 36807.42934
19.00000 28.00000 36808.79553
19.00000 29.00000 36817.69240
19.00000 30.00000 36830.61587
19.00000 31.00000 36848.06476
19.00000 32.00000 36863.69530
19.00000 33.00000 36872.43423
19.00000 34.00000 36872.32857
19.00000 35.00000 36872.11165
19.00000 36.00000 36871.67542
19.00000 37.00000 36872.77807
19.00000 38.00000 36873.37429
19.00000 39.00000 36873.76282
19.00000 40.00000 36866.99324
19.00000 41.00000 36860.51485
19.00000 42.00000 36860.76815
19.00000 43.00000 36864.74657
19.00000 44.00000 36869.82912
19.00000 45.00000 36877.54358
19.00000 46.00000 36885.82738
19.00000 47.00000 36889.32532
19.00000 48.00000 36888.62203
19.00000 49.00000 36883.59563
19.00000 50.00000 36875.73508
19.00000 51.00000 36867.45818
19.00000 52.00000 36856.40173
19.00000 53.00000 36860.09662
19.00000 54.00000 36869.56134
19.00000 55.00000 36880.45330
19.00000 56.00000 36892.31142
19.00000 57.00000 36906.83028
19.00000 58.00000 36914.38317
19.00000 59.00000 36920.35904
19.00000 60.00000 36926.14567
19.00000 61.00000 36934.37298
19.00000 62.00000 36944.95731
19.00000 63.00000 36950.69474
19.00000 64.00000 36958.49586
19.00000 65.00000 36971.88433
19.00000 66.00000 36979.19302
19.00000 67.00000 36979.16197
19.00000 68.00000 36979.34029
19.00000 69.00000 36983.79729
19.00000 70.00000 36993.91432
20.00000 25.00000 36818.31503
20.00000 26.00000 36807.10044
20.00000 27.00000 36803.04083
20.00000 28.00000 36803.08981
20.00000 29.00000 36812.07554
20.00000 30.00000 36825.81794
20.00000 31.00000 36843.63670
20.00000 32.00000 36859.12404
20.00000 33.00000 36868.21960
20.00000 34.00000 36868.39449
20.00000 35.00000 36868.36272
20.00000 36.00000 36867.28376
20.00000 37.00000 36868.75803
20.00000 38.00000 36870.20424
20.00000 39.00000 36871.34285
20.00000 40.00000 36865.30018
20.00000 41.00000 36858.82730
20.00000 42.00000 36858.56343
20.00000 43.00000 36861.98293
20.00000 44.00000 36866.51906
20.00000 45.00000 36874.55968
20.00000 46.00000 36883.33724
20.00000 47.00000 36886.78412
20.00000 48.00000 36885.94970
20.00000 49.00000 36881.56088
20.00000 50.00000 36875.01243
20.00000 51.00000 36867.56265
20.00000 52.00000 36856.69409
20.00000 53.00000 36860.16716
20.00000 54.00000 36869.05282
20.00000 55.00000 36879.34844
20.00000 56.00000 36891.11339
20.00000 57.00000 36906.14331
20.00000 58.00000 36913.86681
20.00000 59.00000 36919.93064
20.00000 60.00000 36925.48925
20.00000 61.00000 36933.61610
20.00000 62.00000 36944.22016
20.00000 63.00000 36948.95278
20.00000 64.00000 36956.09669
20.00000 65.00000 36969.60606
20.00000 66.00000 36977.41692
20.00000 67.00000 36977.81425
20.00000 68.00000 36978.58070
20.00000 69.00000 36983.94600
20.00000 70.00000 36994.58321
21.00000 25.00000 36811.36716
21.00000 26.00000 36799.49544
21.00000 27.00000 36794.97655
21.00000 28.00000 36793.82717
21.00000 29.00000 36801.85669
21.00000 30.00000 36816.45500
21.00000 31.00000 36835.91460
21.00000 32.00000 36851.68550
21.00000 33.00000 36860.62012
21.00000 34.00000 36860.52806
21.00000 35.00000 36860.95473
21.00000 36.00000 36859.01477
21.00000 37.00000 36859.27723
21.00000 38.00000 36860.49493
21.00000 39.00000 36862.22566
21.00000 40.00000 36857.27572
21.00000 41.00000 36851.65454
21.00000 42.00000 36852.22951
21.00000 43.00000 36855.83312
21.00000 44.00000 36859.77144
21.00000 45.00000 36867.70867
21.00000 46.00000 36877.09543
21.00000 47.00000 36880.84900
21.00000 48.00000 36879.45320
21.00000 49.00000 36874.11364
21.00000 50.00000 36867.19719
21.00000 51.00000 36860.37787
21.00000 52.00000 36849.70851
21.00000 53.00000 36852.76669
21.00000 54.00000 36862.34869
21.00000 55.00000 36872.97840
21.00000 56.00000 36884.43440
21.00000 57.00000 36899.06973
21.00000 58.00000 36906.88013
21.00000 59.00000 36912.94846
21.00000 60.00000 36917.95345
21.00000 61.00000 36925.41016
21.00000 62.00000 36935.92350
21.00000 63.00000 36940.42207
21.00000 64.00000 36947.29888
21.00000 65.00000 36960.55814
21.00000 66.00000 36968.67232
21.00000 67.00000 36969.82290
21.00000 68.00000 36971.25515
21.00000 69.00000 36977.52531
21.00000 70.00000 36988.86094
22.00000 25.00000 36804.72238
22.00000 26.00000 36794.27684
22.00000 27.00000 36790.19936
22.00000 28.00000 36788.50653
22.00000 29.00000 36795.82155
22.00000 30.00000 36810.31841
22.00000 31.00000 36829.81541
22.00000 32.00000 36846.04174
22.00000 33.00000 36855.64600
22.00000 34.00000 36856.11058
22.00000 35.00000 36856.97275
22.00000 36.00000 36854.72788
22.00000 37.00000 36853.70075
22.00000 38.00000 36853.73741
22.00000 39.00000 36855.14808
22.00000 40.00000 36851.17406
22.00000 41.00000 36846.72360
22.00000 42.00000 36848.80878
22.00000 43.00000 36852.95861
22.00000 44.00000 36856.78714
22.00000 45.00000 36864.71967
22.00000 46.00000 36874.41028
22.00000 47.00000 36878.28470
22.00000 48.00000 36876.36452
22.00000 49.00000 36869.90936
22.00000 50.00000 36861.85783
22.00000 51.00000 36855.31792
22.00000 52.00000 36845.15212
22.00000 53.00000 36847.50068
22.00000 54.00000 36857.19823
22.00000 55.00000 36868.10370
22.00000 56.00000 36879.60519
22.00000 57.00000 36894.22619
22.00000 58.00000 36902.56860
22.00000 59.00000 36908.99310
22.00000 60.00000 36913.84861
22.00000 61.00000 36920.72818
22.00000 62.00000 36930.27497
22.00000 63.00000 36934.57577
22.00000 64.00000 36941.16543
22.00000 65.00000 36953.73306
22.00000 66.00000 36961.09028
22.00000 67.00000 36963.02506
22.00000 68.00000 36965.71069
22.00000 69.00000 36973.64960
22.00000 70.00000 36986.09971
23.00000 25.00000 36800.70998
23.00000 26.00000 36792.58396
23.00000 27.00000 36789.79727
23.00000 28.00000 36788.47690
23.00000 29.00000 36796.37221
23.00000 30.00000 36810.49416
23.00000 31.00000 36828.20290
23.00000 32.00000 36844.17424
23.00000 33.00000 36854.63123
23.00000 34.00000 36856.12521
23.00000 35.00000 36857.25702
23.00000 36.00000 36855.33696
23.00000 37.00000 36853.75458
23.00000 38.00000 36852.42244
23.00000 39.00000 36852.68044
23.00000 40.00000 36849.27679
23.00000 41.00000 36846.21023
23.00000 42.00000 36850.26809
23.00000 43.00000 36855.43135
23.00000 44.00000 36859.88531
23.00000 45.00000 36867.95614
23.00000 46.00000 36877.30626
23.00000 47.00000 36880.90813
23.00000 48.00000 36878.49746
23.00000 49.00000 36871.22161
23.00000 50.00000 36861.95772
23.00000 51.00000 36855.04628
23.00000 52.00000 36845.14784
23.00000 53.00000 36846.65805
23.00000 54.00000 36855.55462
23.00000 55.00000 36866.18515
23.00000 56.00000 36877.99463
23.00000 57.00000 36893.19658
23.00000 58.00000 36902.70892
23.00000 59.00000 36909.80628
23.00000 60.00000 36915.01397
23.00000 61.00000 36921.67099
23.00000 62.00000 36929.71024
23.00000 63.00000 36933.94188
23.00000 64.00000 36940.48689
23.00000 65.00000 36952.27673
23.00000 66.00000 36958.27707
23.00000 67.00000 36960.83584
23.00000 68.00000 36964.78436
23.00000 69.00000 36974.36134
23.00000 70.00000 36987.72309
24.00000 25.00000 36800.95644
24.00000 26.00000 36795.09388
24.00000 27.00000 36793.01458
24.00000 28.00000 36790.18785
24.00000 29.00000 36797.35159
24.00000 30.00000 36811.01736
24.00000 31.00000 36827.15520
24.00000 32.00000 36841.67593
24.00000 33.00000 36851.67636
24.00000 34.00000 36853.35396
24.00000 35.00000 36854.49874
24.00000 36.00000 36852.51112
24.00000 37.00000 36851.21191
24.00000 38.00000 36850.45903
24.00000 39.00000 36851.13946
24.00000 40.00000 36847.43023
24.00000 41.00000 36844.52389
24.00000 42.00000 36849.12918
24.00000 43.00000 36854.62985
24.00000 44.00000 36859.08237
24.00000 45.00000 36866.94291
24.00000 46.00000 36875.94324
24.00000 47.00000 36879.36482
24.00000 48.00000 36876.82217
24.00000 49.00000 36869.50396
24.00000 50.00000 36860.55702
24.00000 51.00000 36853.58951
24.00000 52.00000 36843.82238
24.00000 53.00000 36845.68053
24.00000 54.00000 36855.06887
24.00000 55.00000 36865.17543
24.00000 56.00000 36876.47963
24.00000 57.00000 36891.32586
24.00000 58.00000 36900.73923
24.00000 59.00000 36908.37180
24.00000 60.00000 36914.35303
24.00000 61.00000 36921.46768
24.00000 62.00000 36929.24773
24.00000 63.00000 36932.75625
24.00000 64.00000 36938.20988
24.00000 65.00000 36949.36636
24.00000 66.00000 36955.50977
24.00000 67.00000 36957.68222
24.00000 68.00000 36961.91938
24.00000 69.00000 36972.69248
24.00000 70.00000 36987.17328
25.00000 25.00000 36799.40630
25.00000 26.00000 36796.19442
25.00000 27.00000 36795.21297
25.00000 28.00000 36791.02955
25.00000 29.00000 36794.81139
25.00000 30.00000 36807.04611
25.00000 31.00000 36822.61425
25.00000 32.00000 36836.62173
25.00000 33.00000 36845.42041
25.00000 34.00000 36845.95542
25.00000 35.00000 36846.89514
25.00000 36.00000 36844.79374
25.00000 37.00000 36843.39926
25.00000 38.00000 36843.65191
25.00000 39.00000 36846.43871
25.00000 40.00000 36844.29710
25.00000 41.00000 36841.84693
25.00000 42.00000 36845.67608
25.00000 43.00000 36850.18506
25.00000 44.00000 36853.85412
25.00000 45.00000 36860.81231
25.00000 46.00000 36869.02429
25.00000 47.00000 36872.35143
25.00000 48.00000 36870.32494
25.00000 49.00000 36863.66547
25.00000 50.00000 36855.68655
25.00000 51.00000 36849.75139
25.00000 52.00000 36840.86956
25.00000 53.00000 36843.91881
25.00000 54.00000 36854.46334
25.00000 55.00000 36864.46107
25.00000 56.00000 36874.81163
25.00000 57.00000 36888.17157
25.00000 58.00000 36895.27460
25.00000 59.00000 36902.71701
25.00000 60.00000 36909.25318
25.00000 61.00000 36917.00637
25.00000 62.00000 36925.37461
25.00000 63.00000 36928.75713
25.00000 64.00000 36933.37158
25.00000 65.00000 36944.06025
25.00000 66.00000 36951.66674
25.00000 67.00000 36954.79853
25.00000 68.00000 36959.44206
25.00000 69.00000 36970.16265
25.00000 70.00000 36984.44250
26.00000 25.00000 36797.89999
26.00000 26.00000 36796.51797
26.00000 27.00000 36799.15866
26.00000 28.00000 36795.47862
26.00000 29.00000 36796.71290
26.00000 30.00000 36806.19498
26.00000 31.00000 36820.40687
26.00000 32.00000 36834.03854
26.00000 33.00000 36841.53762
26.00000 34.00000 36841.11266
26.00000 35.00000 36841.94831
26.00000 36.00000 36840.76364
26.00000 37.00000 36840.24292
26.00000 38.00000 36841.63941
26.00000 39.00000 36845.97210
26.00000 40.00000 36845.55107
26.00000 41.00000 36844.12966
26.00000 42.00000 36847.13837
26.00000 43.00000 36850.69531
26.00000 44.00000 36853.88364
26.00000 45.00000 36859.76050
26.00000 46.00000 36866.08523
26.00000 47.00000 36868.47004
26.00000 48.00000 36866.82331
26.00000 49.00000 36861.02265
26.00000 50.00000 36854.22557
26.00000 51.00000 36849.33832
26.00000 52.00000 36841.57461
26.00000 53.00000 36845.90342
26.00000 54.00000 36856.59355
26.00000 55.00000 36866.05582
26.00000 56.00000 36875.33842
26.00000 57.00000 36887.38754
26.00000 58.00000 36892.06510
26.00000 59.00000 36899.16797
26.00000 60.00000 36906.59488
26.00000 61.00000 36915.13121
26.00000 62.00000 36923.83214
26.00000 63.00000 36927.49295
26.00000 64.00000 36932.05629
26.00000 65.00000 36943.03612
26.00000 66.00000 36952.07422
26.00000 67.00000 36956.32345
26.00000 68.00000 36961.29707
26.00000 69.00000 36971.21705
26.00000 70.00000 36984.08786
27.00000 25.00000 36799.30449
27.00000 26.00000 36799.60705
27.00000 27.00000 36802.20016
27.00000 28.00000 36800.95852
27.00000 29.00000 36803.32554
27.00000 30.00000 36810.39118
27.00000 31.00000 36821.19902
27.00000 32.00000 36833.41214
27.00000 33.00000 36839.61602
27.00000 34.00000 36838.89251
27.00000 35.00000 36839.56188
27.00000 36.00000 36839.89754
27.00000 37.00000 36841.24158
27.00000 38.00000 36844.10205
27.00000 39.00000 36849.43435
27.00000 40.00000 36850.25588
27.00000 41.00000 36850.02639
27.00000 42.00000 36852.65379
27.00000 43.00000 36855.74312
27.00000 44.00000 36858.76496
27.00000 45.00000 36863.70974
27.00000 46.00000 36867.82925
27.00000 47.00000 36868.55249
27.00000 48.00000 36866.67186
27.00000 49.00000 36861.34999
27.00000 50.00000 36855.62958
27.00000 51.00000 36851.37390
27.00000 52.00000 36844.32040
27.00000 53.00000 36849.36361
27.00000 54.00000 36859.47054
27.00000 55.00000 36868.40505
27.00000 56.00000 36876.85049
27.00000 57.00000 36888.21240
27.00000 58.00000 36892.03904
27.00000 59.00000 36898.69751
27.00000 60.00000 36906.68871
27.00000 61.00000 36915.64438
27.00000 62.00000 36924.11141
27.00000 63.00000 36928.12646
27.00000 64.00000 36933.10151
27.00000 65.00000 36944.68120
27.00000 66.00000 36954.33739
27.00000 67.00000 36958.96008
27.00000 68.00000 36963.89473
27.00000 69.00000 36972.85945
27.00000 70.00000 36984.49162
28.00000 25.00000 36797.60136
28.00000 26.00000 36799.51621
28.00000 27.00000 36804.33617
28.00000 28.00000 36801.23228
28.00000 29.00000 36804.46173
28.00000 30.00000 36811.41545
28.00000 31.00000 36820.41705
28.00000 32.00000 36831.24536
28.00000 33.00000 36836.82846
28.00000 34.00000 36837.11925
28.00000 35.00000 36838.40292
28.00000 36.00000 36838.46101
28.00000 37.00000 36840.30919
28.00000 38.00000 36844.20526
28.00000 39.00000 36850.27493
28.00000 40.00000 36850.77328
28.00000 41.00000 36850.52021
28.00000 42.00000 36852.83355
28.00000 43.00000 36856.07009
28.00000 44.00000 36859.59927
28.00000 45.00000 36864.72127
28.00000 46.00000 36868.61021
28.00000 47.00000 36868.68162
28.00000 48.00000 36865.35494
28.00000 49.00000 36859.39416
28.00000 50.00000 36854.29073
28.00000 51.00000 36850.03761
28.00000 52.00000 36842.12056
28.00000 53.00000 36846.55479
28.00000 54.00000 36856.33618
28.00000 55.00000 36864.90416
28.00000 56.00000 36872.88878
28.00000 57.00000 36885.09425
28.00000 58.00000 36890.51378
28.00000 59.00000 36896.46557
28.00000 60.00000 36904.37492
28.00000 61.00000 36914.07571
28.00000 62.00000 36923.57570
28.00000 63.00000 36927.73353
28.00000 64.00000 36932.30134
28.00000 65.00000 36943.81831
28.00000 66.00000 36953.47206
28.00000 67.00000 36957.38520
28.00000 68.00000 36961.61560
28.00000 69.00000 36970.24246
28.00000 70.00000 36982.22316
29.00000 25.00000 36796.12844
29.00000 26.00000 36797.06233
29.00000 27.00000 36802.31395
29.00000 28.00000 36800.57225
29.00000 29.00000 36804.53118
29.00000 30.00000 36811.56343
29.00000 31.00000 36821.21749
29.00000 32.00000 36833.08029
29.00000 33.00000 36839.02797
29.00000 34.00000 36839.39677
29.00000 35.00000 36840.62792
29.00000 36.00000 36839.90122
29.00000 37.00000 36840.35796
29.00000 38.00000 36843.27192
29.00000 39.00000 36848.56226
29.00000 40.00000 36847.71715
29.00000 41.00000 36846.20597
29.00000 42.00000 36848.16088
29.00000 43.00000 36852.35492
29.00000 44.00000 36857.07592
29.00000 45.00000 36863.53098
29.00000 46.00000 36868.87404
29.00000 47.00000 36869.87792
29.00000 48.00000 36866.01885
29.00000 49.00000 36858.66878
29.00000 50.00000 36851.84616
29.00000 51.00000 36845.86711
29.00000 52.00000 36836.27995
29.00000 53.00000 36838.83111
29.00000 54.00000 36847.59000
29.00000 55.00000 36856.11222
29.00000 56.00000 36864.77145
29.00000 57.00000 36878.70939
29.00000 58.00000 36886.23803
29.00000 59.00000 36892.33225
29.00000 60.00000 36900.58081
29.00000 61.00000 36911.02182
29.00000 62.00000 36922.01063
29.00000 63.00000 36927.14345
29.00000 64.00000 36931.75687
29.00000 65.00000 36942.43732
29.00000 66.00000 36950.60141
29.00000 67.00000 36952.89214
29.00000 68.00000 36955.67278
29.00000 69.00000 36963.89970
29.00000 70.00000 36977.09605
30.00000 25.00000 36789.92314
30.00000 26.00000 36788.58890
30.00000 27.00000 36793.32344
30.00000 28.00000 36793.10119
30.00000 29.00000 36798.15389
30.00000 30.00000 36805.32843
30.00000 31.00000 36816.96860
30.00000 32.00000 36830.02305
30.00000 33.00000 36838.29489
30.00000 34.00000 36839.55379
30.00000 35.00000 36840.67791
30.00000 36.00000 36839.56079
30.00000 37.00000 36838.60016
30.00000 38.00000 36839.57897
30.00000 39.00000 36842.88713
30.00000 40.00000 36840.43916
30.00000 41.00000 36837.78574
30.00000 42.00000 36839.70115
30.00000 43.00000 36844.92945
30.00000 44.00000 36850.73266
30.00000 45.00000 36858.81714
30.00000 46.00000 36866.50261
30.00000 47.00000 36869.28230
30.00000 48.00000 36865.67412
30.00000 49.00000 36857.63640
30.00000 50.00000 36848.76148
30.00000 51.00000 36840.90210
30.00000 52.00000 36830.45950
30.00000 53.00000 36832.03062
30.00000 54.00000 36840.16273
30.00000 55.00000 36848.85741
30.00000 56.00000 36858.25281
30.00000 57.00000 36872.70185
30.00000 58.00000 36881.08814
30.00000 59.00000 36887.45920
30.00000 60.00000 36895.91843
30.00000 61.00000 36907.00326
30.00000 62.00000 36919.32538
30.00000 63.00000 36925.91023
30.00000 64.00000 36931.64791
30.00000 65.00000 36942.35487
30.00000 66.00000 36948.92944
30.00000 67.00000 36949.74844
30.00000 68.00000 36951.18664
30.00000 69.00000 36958.63783
30.00000 70.00000 36971.96810
31.00000 25.00000 36787.46237
31.00000 26.00000 36783.22799
31.00000 27.00000 36785.95338
31.00000 28.00000 36787.17065
31.00000 29.00000 36794.46242
31.00000 30.00000 36802.96980
31.00000 31.00000 36817.14051
31.00000 32.00000 36831.04569
31.00000 33.00000 36842.26628
31.00000 34.00000 36846.51111
31.00000 35.00000 36848.36059
31.00000 36.00000 36846.97047
31.00000 37.00000 36844.57523
31.00000 38.00000 36843.13832
31.00000 39.00000 36843.60170
31.00000 40.00000 36839.25013
31.00000 41.00000 36835.68346
31.00000 42.00000 36837.74576
31.00000 43.00000 36843.70744
31.00000 44.00000 36850.13294
31.00000 45.00000 36859.05632
31.00000 46.00000 36868.30369
31.00000 47.00000 36872.61084
31.00000 48.00000 36869.87414
31.00000 49.00000 36862.34725
31.00000 50.00000 36852.51121
31.00000 51.00000 36843.42883
31.00000 52.00000 36832.66880
31.00000 53.00000 36833.68819
31.00000 54.00000 36840.96203
31.00000 55.00000 36849.25865
31.00000 56.00000 36858.86210
31.00000 57.00000 36873.18498
31.00000 58.00000 36881.61248
31.00000 59.00000 36887.95643
31.00000 60.00000 36896.35761
31.00000 61.00000 36908.00456
31.00000 62.00000 36921.34803
31.00000 63.00000 36929.13533
31.00000 64.00000 36936.34516
31.00000 65.00000 36947.90369
31.00000 66.00000 36953.69430
31.00000 67.00000 36953.84637
31.00000 68.00000 36954.69599
31.00000 69.00000 36961.38012
31.00000 70.00000 36974.02212
32.00000 25.00000 36789.24397
32.00000 26.00000 36784.61182
32.00000 27.00000 36786.94415
32.00000 28.00000 36787.34179
32.00000 29.00000 36794.30100
32.00000 30.00000 36803.27032
32.00000 31.00000 36818.30513
32.00000 32.00000 36836.29611
32.00000 33.00000 36847.61083
32.00000 34.00000 36853.34823
32.00000 35.00000 36856.14520
32.00000 36.00000 36854.95646
32.00000 37.00000 36851.75515
32.00000 38.00000 36849.21591
32.00000 39.00000 36848.19247
32.00000 40.00000 36841.58479
32.00000 41.00000 36836.91935
32.00000 42.00000 36838.97820
32.00000 43.00000 36845.35776
32.00000 44.00000 36851.94816
32.00000 45.00000 36860.77130
32.00000 46.00000 36870.20958
32.00000 47.00000 36875.36460
32.00000 48.00000 36873.42389
32.00000 49.00000 36867.04854
32.00000 50.00000 36858.76590
32.00000 51.00000 36850.03712
32.00000 52.00000 36838.50929
32.00000 53.00000 36838.99582
32.00000 54.00000 36846.11454
32.00000 55.00000 36853.56541
32.00000 56.00000 36862.33514
32.00000 57.00000 36876.17250
32.00000 58.00000 36885.11668
32.00000 59.00000 36891.20869
32.00000 60.00000 36898.53124
32.00000 61.00000 36909.38527
32.00000 62.00000 36922.39097
32.00000 63.00000 36930.89734
32.00000 64.00000 36939.53544
32.00000 65.00000 36952.29785
32.00000 66.00000 36958.88862
32.00000 67.00000 36958.82145
32.00000 68.00000 36959.32313
32.00000 69.00000 36965.80283
32.00000 70.00000 36978.38894
33.00000 25.00000 36787.07408
33.00000 26.00000 36782.52060
33.00000 27.00000 36785.33615
33.00000 28.00000 36786.09819
33.00000 29.00000 36791.77143
33.00000 30.00000 36800.14334
33.00000 31.00000 36815.48298
33.00000 32.00000 36835.11964
33.00000 33.00000 36851.34535
33.00000 34.00000 36856.62374
33.00000 35.00000 36859.83770
33.00000 36.00000 36859.21830
33.00000 37.00000 36855.86816
33.00000 38.00000 36852.78658
33.00000 39.00000 36851.19451
33.00000 40.00000 36843.44201
33.00000 41.00000 36837.75723
33.00000 42.00000 36839.17482
33.00000 43.00000 36845.21248
33.00000 44.00000 36851.95774
33.00000 45.00000 36860.49092
33.00000 46.00000 36869.30699
33.00000 47.00000 36874.69930
33.00000 48.00000 36873.12086
33.00000 49.00000 36867.24604
33.00000 50.00000 36859.72865
33.00000 51.00000 36851.98844
33.00000 52.00000 36841.12902
33.00000 53.00000 36841.93854
33.00000 54.00000 36849.33186
33.00000 55.00000 36856.99685
33.00000 56.00000 36865.16012
33.00000 57.00000 36877.79999
33.00000 58.00000 36886.53639
33.00000 59.00000 36892.86754
33.00000 60.00000 36899.71893
33.00000 61.00000 36909.81868
33.00000 62.00000 36921.42452
33.00000 63.00000 36929.58067
33.00000 64.00000 36938.66100
33.00000 65.00000 36952.23981
33.00000 66.00000 36960.28120
33.00000 67.00000 36961.69599
33.00000 68.00000 36963.15314
33.00000 69.00000 36969.83768
33.00000 70.00000 36982.29593
34.00000 25.00000 36793.65781
34.00000 26.00000 36789.24203
34.00000 27.00000 36790.92459
34.00000 28.00000 36791.03064
34.00000 29.00000 36795.36557
34.00000 30.00000 36802.88907
34.00000 31.00000 36817.79815
34.00000 32.00000 36839.29594
34.00000 33.00000 36857.01685
34.00000 34.00000 36865.39409
34.00000 35.00000 36867.84025
34.00000 36.00000 36866.88108
34.00000 37.00000 36862.67603
34.00000 38.00000 36859.24516
34.00000 39.00000 36858.55744
34.00000 40.00000 36851.61063
34.00000 41.00000 36846.36744
34.00000 42.00000 36847.17943
34.00000 43.00000 36851.48925
34.00000 44.00000 36857.41896
34.00000 45.00000 36865.18068
34.00000 46.00000 36872.79957
34.00000 47.00000 36877.80060
34.00000 48.00000 36877.37977
34.00000 49.00000 36872.54769
34.00000 50.00000 36864.93867
34.00000 51.00000 36857.19151
34.00000 52.00000 36846.76895
34.00000 53.00000 36848.33340
34.00000 54.00000 36856.10631
34.00000 55.00000 36864.96518
34.00000 56.00000 36873.87336
34.00000 57.00000 36886.28534
34.00000 58.00000 36894.36388
34.00000 59.00000 36900.57209
34.00000 60.00000 36907.03819
34.00000 61.00000 36916.45835
34.00000 62.00000 36926.00295
34.00000 63.00000 36933.29570
34.00000 64.00000 36942.72740
34.00000 65.00000 36957.53098
34.00000 66.00000 36967.48573
34.00000 67.00000 36970.45003
34.00000 68.00000 36973.16057
34.00000 69.00000 36980.26583
34.00000 70.00000 36992.28249
35.00000 25.00000 36802.86708
35.00000 26.00000 36799.00365
35.00000 27.00000 36799.39807
35.00000 28.00000 36799.03551
35.00000 29.00000 36803.60365
35.00000 30.00000 36811.76328
35.00000 31.00000 36826.03647
35.00000 32.00000 36846.80862
35.00000 33.00000 36864.40460
35.00000 34.00000 36870.86062
35.00000 35.00000 36875.82209
35.00000 36.00000 36874.71383
35.00000 37.00000 36870.58237
35.00000 38.00000 36867.27783
35.00000 39.00000 36867.56334
35.00000 40.00000 36861.74548
35.00000 41.00000 36857.47795
35.00000 42.00000 36858.05347
35.00000 43.00000 36860.65771
35.00000 44.00000 36865.40371
35.00000 45.00000 36872.33337
35.00000 46.00000 36878.70821
35.00000 47.00000 36882.79092
35.00000 48.00000 36883.27473
35.00000 49.00000 36879.74644
35.00000 50.00000 36872.47055
35.00000 51.00000 36864.46021
35.00000 52.00000 36854.00068
35.00000 53.00000 36855.85004
35.00000 54.00000 36863.58996
35.00000 55.00000 36873.46137
35.00000 56.00000 36883.45766
35.00000 57.00000 36896.61114
35.00000 58.00000 36904.81758
35.00000 59.00000 36910.95275
35.00000 60.00000 36917.18365
35.00000 61.00000 36926.08108
35.00000 62.00000 36933.92066
35.00000 63.00000 36940.13461
35.00000 64.00000 36949.64095
35.00000 65.00000 36965.55341
35.00000 66.00000 36976.97414
35.00000 67.00000 36980.91114
35.00000 68.00000 36984.63854
35.00000 69.00000 36992.35432
35.00000 70.00000 37004.27659
36.00000 25.00000 36802.96852
36.00000 26.00000 36799.12289
36.00000 27.00000 36799.17687
36.00000 28.00000 36798.55660
36.00000 29.00000 36803.63374
36.00000 30.00000 36813.13083
36.00000 31.00000 36828.00450
36.00000 32.00000 36845.36874
36.00000 33.00000 36861.33773
36.00000 34.00000 36868.80314
36.00000 35.00000 36874.16256
36.00000 36.00000 36874.51126
36.00000 37.00000 36869.84548
36.00000 38.00000 36867.50548
36.00000 39.00000 36868.50697
36.00000 40.00000 36862.67935
36.00000 41.00000 36858.57846
36.00000 42.00000 36858.85596
36.00000 43.00000 36860.34585
36.00000 44.00000 36863.34278
36.00000 45.00000 36869.41216
36.00000 46.00000 36875.58264
36.00000 47.00000 36879.11499
36.00000 48.00000 36879.22036
36.00000 49.00000 36876.44213
36.00000 50.00000 36871.16595
36.00000 51.00000 36864.24335
36.00000 52.00000 36853.18777
36.00000 53.00000 36855.62249
36.00000 54.00000 36864.24026
36.00000 55.00000 36874.18625
36.00000 56.00000 36883.93968
36.00000 57.00000 36897.05574
36.00000 58.00000 36905.77842
36.00000 59.00000 36911.44618
36.00000 60.00000 36916.93466
36.00000 61.00000 36925.53888
36.00000 62.00000 36933.51160
36.00000 63.00000 36939.09064
36.00000 64.00000 36948.56777
36.00000 65.00000 36965.88968
36.00000 66.00000 36979.81804
36.00000 67.00000 36984.19043
36.00000 68.00000 36987.76950
36.00000 69.00000 36995.42000
36.00000 70.00000 37007.21937
37.00000 25.00000 36802.84300
37.00000 26.00000 36798.55539
37.00000 27.00000 36798.51804
37.00000 28.00000 36797.81749
37.00000 29.00000 36803.14627
37.00000 30.00000 36813.63684
37.00000 31.00000 36828.97660
37.00000 32.00000 36844.88866
37.00000 33.00000 36858.46795
37.00000 34.00000 36865.20831
37.00000 35.00000 36870.40821
37.00000 36.00000 36870.04920
37.00000 37.00000 36867.58403
37.00000 38.00000 36863.36848
37.00000 39.00000 36865.35309
37.00000 40.00000 36860.93221
37.00000 41.00000 36858.40495
37.00000 42.00000 36858.76503
37.00000 43.00000 36859.25887
37.00000 44.00000 36860.48405
37.00000 45.00000 36864.79832
37.00000 46.00000 36870.23577
37.00000 47.00000 36873.31026
37.00000 48.00000 36873.27286
37.00000 49.00000 36870.56002
37.00000 50.00000 36866.79022
37.00000 51.00000 36862.08352
37.00000 52.00000 36852.65444
37.00000 53.00000 36856.44627
37.00000 54.00000 36865.99950
37.00000 55.00000 36875.72603
37.00000 56.00000 36884.41057
37.00000 57.00000 36896.44627
37.00000 58.00000 36904.77736
37.00000 59.00000 36909.94954
37.00000 60.00000 36914.81323
37.00000 61.00000 36922.61878
37.00000 62.00000 36930.33494
37.00000 63.00000 36935.69521
37.00000 64.00000 36945.25464
37.00000 65.00000 36963.43729
37.00000 66.00000 36979.76360
37.00000 67.00000 36986.21908
37.00000 68.00000 36991.04750
37.00000 69.00000 36998.73041
37.00000 70.00000 37009.77542
38.00000 25.00000 36803.95320
38.00000 26.00000 36799.12616
38.00000 27.00000 36799.21996
38.00000 28.00000 36798.90161
38.00000 29.00000 36804.52289
38.00000 30.00000 36815.26666
38.00000 31.00000 36830.01633
38.00000 32.00000 36845.43260
38.00000 33.00000 36857.35008
38.00000 34.00000 36862.63152
38.00000 35.00000 36866.98846
38.00000 36.00000 36866.46043
38.00000 37.00000 36863.36640
38.00000 38.00000 36860.13760
38.00000 39.00000 36861.54558
38.00000 40.00000 36858.27252
38.00000 41.00000 36857.07260
38.00000 42.00000 36857.59549
38.00000 43.00000 36857.27152
38.00000 44.00000 36857.25013
38.00000 45.00000 36860.16733
38.00000 46.00000 36864.93281
38.00000 47.00000 36867.64540
38.00000 48.00000 36867.67995
38.00000 49.00000 36864.57346
38.00000 50.00000 36861.19807
38.00000 51.00000 36858.25566
38.00000 52.00000 36851.20633
38.00000 53.00000 36857.10038
38.00000 54.00000 36868.11171
38.00000 55.00000 36877.84247
38.00000 56.00000 36885.62794
38.00000 57.00000 36896.28222
38.00000 58.00000 36902.99111
38.00000 59.00000 36907.40896
38.00000 60.00000 36912.13111
38.00000 61.00000 36919.47809
38.00000 62.00000 36926.65146
38.00000 63.00000 36931.79365
38.00000 64.00000 36941.50767
38.00000 65.00000 36960.10819
38.00000 66.00000 36977.73949
38.00000 67.00000 36986.47204
38.00000 68.00000 36993.32820
38.00000 69.00000 37001.84243
38.00000 70.00000 37012.23161
39.00000 25.00000 36801.63470
39.00000 26.00000 36796.01524
39.00000 27.00000 36795.73719
39.00000 28.00000 36795.46566
39.00000 29.00000 36801.32343
39.00000 30.00000 36812.09939
39.00000 31.00000 36826.21035
39.00000 32.00000 36841.40348
39.00000 33.00000 36852.65656
39.00000 34.00000 36856.73010
39.00000 35.00000 36860.30402
39.00000 36.00000 36859.56612
39.00000 37.00000 36855.79643
39.00000 38.00000 36853.30155
39.00000 39.00000 36854.71304
39.00000 40.00000 36851.24424
39.00000 41.00000 36850.95240
39.00000 42.00000 36851.48749
39.00000 43.00000 36850.37077
39.00000 44.00000 36849.22945
39.00000 45.00000 36851.51569
39.00000 46.00000 36855.88934
39.00000 47.00000 36858.20424
39.00000 48.00000 36858.06277
39.00000 49.00000 36854.45641
39.00000 50.00000 36850.95025
39.00000 51.00000 36849.08348
39.00000 52.00000 36843.86886
39.00000 53.00000 36851.44783
39.00000 54.00000 36863.76979
39.00000 55.00000 36873.40157
39.00000 56.00000 36880.68423
39.00000 57.00000 36890.18861
39.00000 58.00000 36895.42270
39.00000 59.00000 36899.40909
39.00000 60.00000 36904.45517
39.00000 61.00000 36912.25779
39.00000 62.00000 36919.01053
39.00000 63.00000 36922.98362
39.00000 64.00000 36932.00681
39.00000 65.00000 36950.51516
39.00000 66.00000 36968.93055
39.00000 67.00000 36979.51237
39.00000 68.00000 36988.70315
39.00000 69.00000 36999.01136
39.00000 70.00000 37009.34607
40.00000 25.00000 36798.94147
40.00000 26.00000 36794.41204
40.00000 27.00000 36794.60808
40.00000 28.00000 36792.40677
40.00000 29.00000 36796.29126
40.00000 30.00000 36805.85463
40.00000 31.00000 36819.23668
40.00000 32.00000 36833.51981
40.00000 33.00000 36844.08450
40.00000 34.00000 36847.43607
40.00000 35.00000 36850.42272
40.00000 36.00000 36848.21525
40.00000 37.00000 36842.78489
40.00000 38.00000 36840.27623
40.00000 39.00000 36843.93580
40.00000 40.00000 36841.39547
40.00000 41.00000 36842.68897
40.00000 42.00000 36843.82079
40.00000 43.00000 36842.21834
40.00000 44.00000 36839.51438
40.00000 45.00000 36840.85427
40.00000 46.00000 36844.81003
40.00000 47.00000 36846.51502
40.00000 48.00000 36845.59745
40.00000 49.00000 36842.03654
40.00000 50.00000 36839.67914
40.00000 51.00000 36839.24690
40.00000 52.00000 36835.19985
40.00000 53.00000 36843.51387
40.00000 54.00000 36856.96323
40.00000 55.00000 36865.80392
40.00000 56.00000 36871.04710
40.00000 57.00000 36879.22223
40.00000 58.00000 36884.31828
40.00000 59.00000 36889.11924
40.00000 60.00000 36895.46199
40.00000 61.00000 36905.40777
40.00000 62.00000 36913.21948
40.00000 63.00000 36915.02587
40.00000 64.00000 36921.03731
40.00000 65.00000 36938.01307
40.00000 66.00000 36956.98246
40.00000 67.00000 36968.24262
40.00000 68.00000 36979.34776
40.00000 69.00000 36992.32179
40.00000 70.00000 37003.69556
41.00000 25.00000 36800.70686
41.00000 26.00000 36796.79039
41.00000 27.00000 36797.30108
41.00000 28.00000 36793.43824
41.00000 29.00000 36794.76449
41.00000 30.00000 36802.89472
41.00000 31.00000 36816.22898
41.00000 32.00000 36830.28110
41.00000 33.00000 36840.18966
41.00000 34.00000 36842.90358
41.00000 35.00000 36845.72287
41.00000 36.00000 36843.19645
41.00000 37.00000 36837.16195
41.00000 38.00000 36833.56700
41.00000 39.00000 36836.79272
41.00000 40.00000 36834.58153
41.00000 41.00000 36834.68097
41.00000 42.00000 36837.79090
41.00000 43.00000 36837.54853
41.00000 44.00000 36835.66772
41.00000 45.00000 36838.12071
41.00000 46.00000 36841.66448
41.00000 47.00000 36842.33152
41.00000 48.00000 36840.70276
41.00000 49.00000 36836.38265
41.00000 50.00000 36833.77478
41.00000 51.00000 36833.59372
41.00000 52.00000 36829.56260
41.00000 53.00000 36837.53570
41.00000 54.00000 36851.13546
41.00000 55.00000 36859.82126
41.00000 56.00000 36864.32340
41.00000 57.00000 36871.35041
41.00000 58.00000 36876.51894
41.00000 59.00000 36882.83083
41.00000 60.00000 36890.74473
41.00000 61.00000 36902.85818
41.00000 62.00000 36912.29866
41.00000 63.00000 36913.99736
41.00000 64.00000 36918.37024
41.00000 65.00000 36933.04686
41.00000 66.00000 36951.10483
41.00000 67.00000 36961.98180
41.00000 68.00000 36973.22198
41.00000 69.00000 36987.80587
41.00000 70.00000 37000.27551
42.00000 25.00000 36805.05291
42.00000 26.00000 36801.35107
42.00000 27.00000 36801.90921
42.00000 28.00000 36797.63267
42.00000 29.00000 36797.39135
42.00000 30.00000 36803.91189
42.00000 31.00000 36817.37641
42.00000 32.00000 36831.86239
42.00000 33.00000 36841.50717
42.00000 34.00000 36843.33864
42.00000 35.00000 36845.56201
42.00000 36.00000 36842.90027
42.00000 37.00000 36837.17908
42.00000 38.00000 36832.44800
42.00000 39.00000 36834.32708
42.00000 40.00000 36831.49287
42.00000 41.00000 36831.10639
42.00000 42.00000 36836.84441
42.00000 43.00000 36839.63768
42.00000 44.00000 36839.42445
42.00000 45.00000 36844.41298
42.00000 46.00000 36847.51215
42.00000 47.00000 36846.35397
42.00000 48.00000 36844.27166
42.00000 49.00000 36838.93122
42.00000 50.00000 36834.87411
42.00000 51.00000 36833.71791
42.00000 52.00000 36828.71660
42.00000 53.00000 36835.44535
42.00000 54.00000 36847.70015
42.00000 55.00000 36856.35537
42.00000 56.00000 36862.21339
42.00000 57.00000 36869.51064
42.00000 58.00000 36874.33663
42.00000 59.00000 36881.97637
42.00000 60.00000 36891.38172
42.00000 61.00000 36905.23218
42.00000 62.00000 36916.62967
42.00000 63.00000 36919.69540
42.00000 64.00000 36924.32912
42.00000 65.00000 36937.63492
42.00000 66.00000 36953.17285
42.00000 67.00000 36962.29627
42.00000 68.00000 36972.16782
42.00000 69.00000 36986.81925
42.00000 70.00000 37000.71314
43.00000 25.00000 36813.78816
43.00000 26.00000 36809.60420
43.00000 27.00000 36809.83375
43.00000 28.00000 36806.20779
43.00000 29.00000 36806.45604
43.00000 30.00000 36812.65676
43.00000 31.00000 36826.47692
43.00000 32.00000 36841.15999
43.00000 33.00000 36850.33662
43.00000 34.00000 36850.91516
43.00000 35.00000 36851.62930
43.00000 36.00000 36848.17352
43.00000 37.00000 36842.59741
43.00000 38.00000 36837.84541
43.00000 39.00000 36837.97560
43.00000 40.00000 36833.01923
43.00000 41.00000 36832.36345
43.00000 42.00000 36839.65238
43.00000 43.00000 36849.06722
43.00000 44.00000 36850.61813
43.00000 45.00000 36856.68886
43.00000 46.00000 36860.30190
43.00000 47.00000 36857.92076
43.00000 48.00000 36855.61916
43.00000 49.00000 36850.15763
43.00000 50.00000 36845.02075
43.00000 51.00000 36842.06200
43.00000 52.00000 36835.32621
43.00000 53.00000 36840.14406
43.00000 54.00000 36850.10055
43.00000 55.00000 36857.96346
43.00000 56.00000 36864.97227
43.00000 57.00000 36873.98421
43.00000 58.00000 36879.01199
43.00000 59.00000 36886.66028
43.00000 60.00000 36897.20346
43.00000 61.00000 36912.33642
43.00000 62.00000 36925.78619
43.00000 63.00000 36930.69523
43.00000 64.00000 36936.67579
43.00000 65.00000 36950.34863
43.00000 66.00000 36964.28859
43.00000 67.00000 36971.33059
43.00000 68.00000 36979.36257
43.00000 69.00000 36992.94465
43.00000 70.00000 37007.43929
44.00000 25.00000 36814.92659
44.00000 26.00000 36810.03096
44.00000 27.00000 36810.05248
44.00000 28.00000 36807.24028
44.00000 29.00000 36808.80426
44.00000 30.00000 36815.75698
44.00000 31.00000 36830.21768
44.00000 32.00000 36844.92898
44.00000 33.00000 36853.79390
44.00000 34.00000 36853.78599
44.00000 35.00000 36853.50486
44.00000 36.00000 36848.95458
44.00000 37.00000 36843.18905
44.00000 38.00000 36839.48750
44.00000 39.00000 36839.34247
44.00000 40.00000 36830.02792
44.00000 41.00000 36826.10390
44.00000 42.00000 36832.94409
44.00000 43.00000 36845.55909
44.00000 44.00000 36850.46819
44.00000 45.00000 36857.85704
44.00000 46.00000 36864.44516
44.00000 47.00000 36862.75527
44.00000 48.00000 36859.50310
44.00000 49.00000 36854.07362
44.00000 50.00000 36849.72056
44.00000 51.00000 36846.23876
44.00000 52.00000 36837.82911
44.00000 53.00000 36841.06077
44.00000 54.00000 36849.56071
44.00000 55.00000 36856.89691
44.00000 56.00000 36864.07327
44.00000 57.00000 36874.34478
44.00000 58.00000 36880.64798
44.00000 59.00000 36887.13355
44.00000 60.00000 36897.22403
44.00000 61.00000 36912.31033
44.00000 62.00000 36927.36843
44.00000 63.00000 36933.91303
44.00000 64.00000 36941.33394
44.00000 65.00000 36956.20221
44.00000 66.00000 36970.62250
44.00000 67.00000 36977.12490
44.00000 68.00000 36984.38491
44.00000 69.00000 36997.22815
44.00000 70.00000 37012.05503
45.00000 25.00000 36815.00555
45.00000 26.00000 36809.04286
45.00000 27.00000 36808.33725
45.00000 28.00000 36806.32005
45.00000 29.00000 36809.44475
45.00000 30.00000 36817.36470
45.00000 31.00000 36832.20479
45.00000 32.00000 36847.02122
45.00000 33.00000 36855.42151
45.00000 34.00000 36854.70609
45.00000 35.00000 36853.62296
45.00000 36.00000 36848.86731
45.00000 37.00000 36843.21714
45.00000 38.00000 36840.35457
45.00000 39.00000 36841.20793
45.00000 40.00000 36832.50258
45.00000 41.00000 36827.70722
45.00000 42.00000 36832.35179
45.00000 43.00000 36843.91930
45.00000 44.00000 36851.73374
45.00000 45.00000 36858.37947
45.00000 46.00000 36866.84937
45.00000 47.00000 36866.28936
45.00000 48.00000 36862.49070
45.00000 49.00000 36855.89791
45.00000 50.00000 36851.25528
45.00000 51.00000 36847.38151
45.00000 52.00000 36838.35685
45.00000 53.00000 36841.25481
45.00000 54.00000 36849.48278
45.00000 55.00000 36857.70604
45.00000 56.00000 36865.77583
45.00000 57.00000 36876.84516
45.00000 58.00000 36883.80888
45.00000 59.00000 36889.50794
45.00000 60.00000 36898.75239
45.00000 61.00000 36912.66358
45.00000 62.00000 36928.00737
45.00000 63.00000 36935.96994
45.00000 64.00000 36944.48120
45.00000 65.00000 36959.61332
45.00000 66.00000 36973.67052
45.00000 67.00000 36980.07798
45.00000 68.00000 36987.34514
45.00000 69.00000 36999.78669
45.00000 70.00000 37015.19814
46.00000 25.00000 36815.05892
46.00000 26.00000 36807.96168
46.00000 27.00000 36806.00995
46.00000 28.00000 36804.67416
46.00000 29.00000 36809.45107
46.00000 30.00000 36818.42777
46.00000 31.00000 36833.28126
46.00000 32.00000 36848.44657
46.00000 33.00000 36856.63072
46.00000 34.00000 36855.12895
46.00000 35.00000 36852.91381
46.00000 36.00000 36848.87758
46.00000 37.00000 36844.35138
46.00000 38.00000 36842.33827
46.00000 39.00000 36844.03806
46.00000 40.00000 36837.20183
46.00000 41.00000 36832.75578
46.00000 42.00000 36835.05789
46.00000 43.00000 36842.95346
46.00000 44.00000 36851.89770
46.00000 45.00000 36861.71102
46.00000 46.00000 36868.42014
46.00000 47.00000 36869.87703
46.00000 48.00000 36866.75427
46.00000 49.00000 36858.77127
46.00000 50.00000 36851.64632
46.00000 51.00000 36846.62503
46.00000 52.00000 36837.41747
46.00000 53.00000 36840.47094
46.00000 54.00000 36848.87975
46.00000 55.00000 36858.64437
46.00000 56.00000 36868.40620
46.00000 57.00000 36880.57848
46.00000 58.00000 36887.67195
46.00000 59.00000 36892.69470
46.00000 60.00000 36901.07809
46.00000 61.00000 36913.80696
46.00000 62.00000 36928.47865
46.00000 63.00000 36937.96004
46.00000 64.00000 36948.29243
46.00000 65.00000 36964.02212
46.00000 66.00000 36976.79644
46.00000 67.00000 36982.58909
46.00000 68.00000 36989.87215
46.00000 69.00000 37001.99933
46.00000 70.00000 37017.87549
47.00000 25.00000 36813.18432
47.00000 26.00000 36805.86466
47.00000 27.00000 36803.65687
47.00000 28.00000 36802.23290
47.00000 29.00000 36807.63332
47.00000 30.00000 36816.82218
47.00000 31.00000 36831.34546
47.00000 32.00000 36846.91498
47.00000 33.00000 36855.63490
47.00000 34.00000 36854.04747
47.00000 35.00000 36851.15854
47.00000 36.00000 36847.12845
47.00000 37.00000 36843.21838
47.00000 38.00000 36841.51779
47.00000 39.00000 36843.69635
47.00000 40.00000 36837.83221
47.00000 41.00000 36833.45679
47.00000 42.00000 36834.97304
47.00000 43.00000 36840.72305
47.00000 44.00000 36849.00835
47.00000 45.00000 36859.51162
47.00000 46.00000 36867.23173
47.00000 47.00000 36871.97092
47.00000 48.00000 36870.69565
47.00000 49.00000 36861.88853
47.00000 50.00000 36852.07257
47.00000 51.00000 36845.54895
47.00000 52.00000 36836.84950
47.00000 53.00000 36840.85832
47.00000 54.00000 36849.85822
47.00000 55.00000 36860.11111
47.00000 56.00000 36870.48182
47.00000 57.00000 36883.14355
47.00000 58.00000 36890.31131
47.00000 59.00000 36894.84574
47.00000 60.00000 36902.34499
47.00000 61.00000 36914.25354
47.00000 62.00000 36928.24979
47.00000 63.00000 36938.49466
47.00000 64.00000 36950.69522
47.00000 65.00000 36968.28652
47.00000 66.00000 36981.15260
47.00000 67.00000 36986.18538
47.00000 68.00000 36993.15728
47.00000 69.00000 37004.76607
47.00000 70.00000 37020.49995
48.00000 25.00000 36807.73541
48.00000 26.00000 36800.49508
48.00000 27.00000 36798.47569
48.00000 28.00000 36795.62152
48.00000 29.00000 36800.11434
48.00000 30.00000 36809.32609
48.00000 31.00000 36823.95072
48.00000 32.00000 36838.95749
48.00000 33.00000 36847.72636
48.00000 34.00000 36846.74590
48.00000 35.00000 36844.50749
48.00000 36.00000 36839.84554
48.00000 37.00000 36836.14707
48.00000 38.00000 36834.84013
48.00000 39.00000 36837.26867
48.00000 40.00000 36831.36605
48.00000 41.00000 36826.63474
48.00000 42.00000 36827.68882
48.00000 43.00000 36831.96801
48.00000 44.00000 36836.79515
48.00000 45.00000 36846.98844
48.00000 46.00000 36857.62945
48.00000 47.00000 36863.49750
48.00000 48.00000 36864.63568
48.00000 49.00000 36857.80786
48.00000 50.00000 36848.43862
48.00000 51.00000 36841.82996
48.00000 52.00000 36833.73135
48.00000 53.00000 36838.63378
48.00000 54.00000 36848.55285
48.00000 55.00000 36858.28380
48.00000 56.00000 36867.71565
48.00000 57.00000 36879.93918
48.00000 58.00000 36887.58244
48.00000 59.00000 36892.57630
48.00000 60.00000 36899.38096
48.00000 61.00000 36910.59276
48.00000 62.00000 36924.20231
48.00000 63.00000 36934.41643
48.00000 64.00000 36947.43283
48.00000 65.00000 36967.10691
48.00000 66.00000 36981.48863
48.00000 67.00000 36986.53933
48.00000 68.00000 36992.94811
48.00000 69.00000 37003.86291
48.00000 70.00000 37019.17779
49.00000 25.00000 36800.95176
49.00000 26.00000 36794.01309
49.00000 27.00000 36792.60841
49.00000 28.00000 36788.73723
49.00000 29.00000 36791.50332
49.00000 30.00000 36799.75119
49.00000 31.00000 36813.95765
49.00000 32.00000 36828.61069
49.00000 33.00000 36837.07693
49.00000 34.00000 36837.07055
49.00000 35.00000 36836.26809
49.00000 36.00000 36831.60011
49.00000 37.00000 36827.87982
49.00000 38.00000 36826.24499
49.00000 39.00000 36828.10979
49.00000 40.00000 36822.60779
49.00000 41.00000 36817.83275
49.00000 42.00000 36818.44292
49.00000 43.00000 36821.91623
49.00000 44.00000 36824.03228
49.00000 45.00000 36831.03782
49.00000 46.00000 36842.75484
49.00000 47.00000 36850.60242
49.00000 48.00000 36852.08724
49.00000 49.00000 36849.98678
49.00000 50.00000 36840.79157
49.00000 51.00000 36835.25669
49.00000 52.00000 36828.97997
49.00000 53.00000 36835.54816
49.00000 54.00000 36846.75271
49.00000 55.00000 36856.21752
49.00000 56.00000 36864.39636
49.00000 57.00000 36874.70492
49.00000 58.00000 36881.41073
49.00000 59.00000 36886.94828
49.00000 60.00000 36893.45176
49.00000 61.00000 36903.78513
49.00000 62.00000 36916.33184
49.00000 63.00000 36926.16288
49.00000 64.00000 36939.42144
49.00000 65.00000 36960.99606
49.00000 66.00000 36978.06049
49.00000 67.00000 36985.16899
49.00000 68.00000 36992.10064
49.00000 69.00000 37001.99695
49.00000 70.00000 37016.28239
50.00000 25.00000 36796.75295
50.00000 26.00000 36790.62682
50.00000 27.00000 36790.01252
50.00000 28.00000 36785.93471
50.00000 29.00000 36786.93107
50.00000 30.00000 36792.98040
50.00000 31.00000 36805.09318
50.00000 32.00000 36819.86781
50.00000 33.00000 36828.40584
50.00000 34.00000 36829.82609
50.00000 35.00000 36830.78463
50.00000 36.00000 36827.03164
50.00000 37.00000 36823.69314
50.00000 38.00000 36821.33190
50.00000 39.00000 36821.92142
50.00000 40.00000 36817.82377
50.00000 41.00000 36814.17842
50.00000 42.00000 36815.15296
50.00000 43.00000 36818.57517
50.00000 44.00000 36820.68094
50.00000 45.00000 36825.44975
50.00000 46.00000 36832.48746
50.00000 47.00000 36837.89493
50.00000 48.00000 36839.82801
50.00000 49.00000 36838.86187
50.00000 50.00000 36833.76058
50.00000 51.00000 36829.44076
50.00000 52.00000 36826.06226
50.00000 53.00000 36834.65349
50.00000 54.00000 36847.40964
50.00000 55.00000 36857.31102
50.00000 56.00000 36864.93233
50.00000 57.00000 36873.27289
50.00000 58.00000 36877.61573
50.00000 59.00000 36883.36552
50.00000 60.00000 36890.03081
50.00000 61.00000 36899.94556
50.00000 62.00000 36911.05409
50.00000 63.00000 36920.41765
50.00000 64.00000 36933.76676
50.00000 65.00000 36956.19985
50.00000 66.00000 36975.20436
50.00000 67.00000 36985.00894
50.00000 68.00000 36993.15013
50.00000 69.00000 37002.14311
50.00000 70.00000 37014.91350
51.00000 25.00000 36794.14185
51.00000 26.00000 36789.07909
51.00000 27.00000 36788.99164
51.00000 28.00000 36785.11814
51.00000 29.00000 36785.40036
51.00000 30.00000 36790.06913
51.00000 31.00000 36799.85715
51.00000 32.00000 36813.12028
51.00000 33.00000 36821.11574
51.00000 34.00000 36823.54048
51.00000 35.00000 36825.53954
51.00000 36.00000 36822.17018
51.00000 37.00000 36819.79840
51.00000 38.00000 36817.99734
51.00000 39.00000 36818.03227
51.00000 40.00000 36814.71132
51.00000 41.00000 36811.58087
51.00000 42.00000 36812.26396
51.00000 43.00000 36814.85269
51.00000 44.00000 36817.01820
51.00000 45.00000 36821.67865
51.00000 46.00000 36827.08324
51.00000 47.00000 36829.69753
51.00000 48.00000 36830.35381
51.00000 49.00000 36829.50093
51.00000 50.00000 36827.89271
51.00000 51.00000 36825.96937
51.00000 52.00000 36823.27692
51.00000 53.00000 36832.81294
51.00000 54.00000 36846.82581
51.00000 55.00000 36857.29331
51.00000 56.00000 36864.97624
51.00000 57.00000 36872.92195
51.00000 58.00000 36876.07965
51.00000 59.00000 36881.46111
51.00000 60.00000 36888.34123
51.00000 61.00000 36898.65177
51.00000 62.00000 36909.50461
51.00000 63.00000 36918.37554
51.00000 64.00000 36931.33098
51.00000 65.00000 36953.59430
51.00000 66.00000 36972.99782
51.00000 67.00000 36984.12768
51.00000 68.00000 36993.38047
51.00000 69.00000 37001.99017
51.00000 70.00000 37013.89110
52.00000 25.00000 36792.74379
52.00000 26.00000 36788.36217
52.00000 27.00000 36788.70758
52.00000 28.00000 36785.51503
52.00000 29.00000 36785.99085
52.00000 30.00000 36790.69234
52.00000 31.00000 36799.60037
52.00000 32.00000 36810.19074
52.00000 33.00000 36816.37306
52.00000 34.00000 36818.53222
52.00000 35.00000 36820.53397
52.00000 36.00000 36816.52195
52.00000 37.00000 36814.56057
52.00000 38.00000 36813.88103
52.00000 39.00000 36814.58920
52.00000 40.00000 36811.71007
52.00000 41.00000 36808.43612
52.00000 42.00000 36808.66241
52.00000 43.00000 36810.19405
52.00000 44.00000 36811.56531
52.00000 45.00000 36816.40096
52.00000 46.00000 36822.24273
52.00000 47.00000 36825.22566
52.00000 48.00000 36824.77082
52.00000 49.00000 36822.44558
52.00000 50.00000 36821.59927
52.00000 51.00000 36823.79188
52.00000 52.00000 36822.11912
52.00000 53.00000 36831.70043
52.00000 54.00000 36845.81561
52.00000 55.00000 36856.08384
52.00000 56.00000 36862.92390
52.00000 57.00000 36870.95392
52.00000 58.00000 36874.56461
52.00000 59.00000 36880.28979
52.00000 60.00000 36887.19649
52.00000 61.00000 36897.63988
52.00000 62.00000 36908.76653
52.00000 63.00000 36917.13818
52.00000 64.00000 36928.79924
52.00000 65.00000 36949.93338
52.00000 66.00000 36969.26687
52.00000 67.00000 36981.59559
52.00000 68.00000 36992.12566
52.00000 69.00000 37000.88738
52.00000 70.00000 37012.45274
53.00000 25.00000 36796.43018
53.00000 26.00000 36791.60335
53.00000 27.00000 36791.45187
53.00000 28.00000 36788.17113
53.00000 29.00000 36788.92162
53.00000 30.00000 36794.66135
53.00000 31.00000 36804.23593
53.00000 32.00000 36814.70544
53.00000 33.00000 36820.09449
53.00000 34.00000 36820.44938
53.00000 35.00000 36820.56058
53.00000 36.00000 36815.09155
53.00000 37.00000 36812.04871
53.00000 38.00000 36811.35201
53.00000 39.00000 36813.50974
53.00000 40.00000 36812.15089
53.00000 41.00000 36809.29815
53.00000 42.00000 36809.24861
53.00000 43.00000 36809.54901
53.00000 44.00000 36810.31050
53.00000 45.00000 36815.04649
53.00000 46.00000 36820.97605
53.00000 47.00000 36825.05870
53.00000 48.00000 36825.15148
53.00000 49.00000 36822.59504
53.00000 50.00000 36821.02486
53.00000 51.00000 36822.87720
53.00000 52.00000 36822.36040
53.00000 53.00000 36832.71919
53.00000 54.00000 36846.59138
53.00000 55.00000 36857.33910
53.00000 56.00000 36863.49995
53.00000 57.00000 36872.09430
53.00000 58.00000 36875.88113
53.00000 59.00000 36882.33852
53.00000 60.00000 36889.99364
53.00000 61.00000 36900.67555
53.00000 62.00000 36912.42970
53.00000 63.00000 36921.14209
53.00000 64.00000 36932.20231
53.00000 65.00000 36952.19943
53.00000 66.00000 36970.92035
53.00000 67.00000 36984.42432
53.00000 68.00000 36996.59672
53.00000 69.00000 37007.23004
53.00000 70.00000 37018.84493
54.00000 25.00000 36801.30525
54.00000 26.00000 36796.22968
54.00000 27.00000 36795.41015
54.00000 28.00000 36792.30076
54.00000 29.00000 36793.62326
54.00000 30.00000 36799.83767
54.00000 31.00000 36809.43760
54.00000 32.00000 36820.75204
54.00000 33.00000 36826.18851
54.00000 34.00000 36824.60650
54.00000 35.00000 36822.23067
54.00000 36.00000 36815.33932
54.00000 37.00000 36810.82710
54.00000 38.00000 36809.46788
54.00000 39.00000 36813.39384
54.00000 40.00000 36814.37946
54.00000 41.00000 36812.35210
54.00000 42.00000 36811.13502
54.00000 43.00000 36809.51538
54.00000 44.00000 36810.30776
54.00000 45.00000 36815.50773
54.00000 46.00000 36821.66654
54.00000 47.00000 36826.32921
54.00000 48.00000 36827.26142
54.00000 49.00000 36824.98932
54.00000 50.00000 36822.41214
54.00000 51.00000 36823.13450
54.00000 52.00000 36822.34256
54.00000 53.00000 36832.17777
54.00000 54.00000 36846.07379
54.00000 55.00000 36857.24794
54.00000 56.00000 36863.15883
54.00000 57.00000 36872.75705
54.00000 58.00000 36877.84009
54.00000 59.00000 36885.94503
54.00000 60.00000 36895.32239
54.00000 61.00000 36907.02144
54.00000 62.00000 36919.39998
54.00000 63.00000 36928.50341
54.00000 64.00000 36939.33624
54.00000 65.00000 36958.46789
54.00000 66.00000 36975.74888
54.00000 67.00000 36989.32406
54.00000 68.00000 37001.98514
54.00000 69.00000 37014.62822
54.00000 70.00000 37027.90701
55.00000 25.00000 36806.74675
55.00000 26.00000 36803.22193
55.00000 27.00000 36803.43396
55.00000 28.00000 36798.69443
55.00000 29.00000 36799.16620
55.00000 30.00000 36804.84080
55.00000 31.00000 36813.69309
55.00000 32.00000 36824.41531
55.00000 33.00000 36829.83687
55.00000 34.00000 36827.84886
55.00000 35.00000 36824.78474
55.00000 36.00000 36816.95617
55.00000 37.00000 36810.91871
55.00000 38.00000 36808.59164
55.00000 39.00000 36812.86945
55.00000 40.00000 36814.68671
55.00000 41.00000 36813.89483
55.00000 42.00000 36812.69160
55.00000 43.00000 36809.60920
55.00000 44.00000 36810.04168
55.00000 45.00000 36816.05031
55.00000 46.00000 36823.10677
55.00000 47.00000 36827.75923
55.00000 48.00000 36828.27816
55.00000 49.00000 36825.83156
55.00000 50.00000 36822.87584
55.00000 51.00000 36822.41974
55.00000 52.00000 36820.61444
55.00000 53.00000 36829.83093
55.00000 54.00000 36844.74208
55.00000 55.00000 36856.21573
55.00000 56.00000 36862.29045
55.00000 57.00000 36872.03177
55.00000 58.00000 36878.83797
55.00000 59.00000 36887.79498
55.00000 60.00000 36898.36745
55.00000 61.00000 36911.21162
55.00000 62.00000 36924.82745
55.00000 63.00000 36933.49490
55.00000 64.00000 36944.04228
55.00000 65.00000 36963.25171
55.00000 66.00000 36980.57613
55.00000 67.00000 36993.70645
55.00000 68.00000 37006.21064
55.00000 69.00000 37020.24122
55.00000 70.00000 37035.64249
