k1 k2 chisq 
11.00000 25.00000 18393.10694
11.00000 26.00000 18394.06330
11.00000 27.00000 18396.53232
11.00000 28.00000 18396.31440
11.00000 29.00000 18390.14794
11.00000 30.00000 18381.25245
11.00000 31.00000 18370.96158
11.00000 32.00000 18361.62616
11.00000 33.00000 18356.61828
11.00000 34.00000 18366.48397
11.00000 35.00000 18380.06149
11.00000 36.00000 18388.14294
11.00000 37.00000 18391.42232
11.00000 38.00000 18392.83909
11.00000 39.00000 18392.92356
11.00000 40.00000 18395.75974
11.00000 41.00000 18398.04810
11.00000 42.00000 18398.64841
11.00000 43.00000 18396.71781
11.00000 44.00000 18393.35172
11.00000 45.00000 18386.54706
11.00000 46.00000 18377.71986
11.00000 47.00000 18377.19614
11.00000 48.00000 18370.90665
11.00000 49.00000 18371.21331
11.00000 50.00000 18378.73204
11.00000 51.00000 18384.05313
11.00000 52.00000 18386.51520
11.00000 53.00000 18386.43656
11.00000 54.00000 18384.02443
11.00000 55.00000 18388.19791
11.00000 56.00000 18393.07215
11.00000 57.00000 18398.19138
11.00000 58.00000 18401.01704
11.00000 59.00000 18400.64182
11.00000 60.00000 18395.56800
11.00000 61.00000 18388.84763
11.00000 62.00000 18383.47994
11.00000 63.00000 18383.39766
11.00000 64.00000 18385.58193
11.00000 65.00000 18390.85799
11.00000 66.00000 18389.66916
11.00000 67.00000 18392.14211
11.00000 68.00000 18393.22246
11.00000 69.00000 18389.91940
11.00000 70.00000 18385.18883
12.00000 25.00000 18396.76791
12.00000 26.00000 18397.93533
12.00000 27.00000 18400.24355
12.00000 28.00000 18400.43369
12.00000 29.00000 18394.77246
12.00000 30.00000 18386.12947
12.00000 31.00000 18375.33616
12.00000 32.00000 18364.43080
12.00000 33.00000 18359.44869
12.00000 34.00000 18369.54348
12.00000 35.00000 18383.15071
12.00000 36.00000 18391.29626
12.00000 37.00000 18394.51408
12.00000 38.00000 18395.69795
12.00000 39.00000 18395.78637
12.00000 40.00000 18398.89916
12.00000 41.00000 18401.75588
12.00000 42.00000 18402.92813
12.00000 43.00000 18400.56456
12.00000 44.00000 18396.96122
12.00000 45.00000 18390.30376
12.00000 46.00000 18381.41136
12.00000 47.00000 18380.27731
12.00000 48.00000 18373.37650
12.00000 49.00000 18373.79139
12.00000 50.00000 18382.15428
12.00000 51.00000 18388.06369
12.00000 52.00000 18390.85699
12.00000 53.00000 18391.02277
12.00000 54.00000 18389.38265
12.00000 55.00000 18393.33351
12.00000 56.00000 18397.81765
12.00000 57.00000 18402.62103
12.00000 58.00000 18404.80106
12.00000 59.00000 18403.79967
12.00000 60.00000 18398.23242
12.00000 61.00000 18391.23854
12.00000 62.00000 18386.17261
12.00000 63.00000 18386.80187
12.00000 64.00000 18389.85729
12.00000 65.00000 18395.95245
12.00000 66.00000 18395.18603
12.00000 67.00000 18397.34191
12.00000 68.00000 18397.63375
12.00000 69.00000 18393.43804
12.00000 70.00000 18387.96583
13.00000 25.00000 18390.99813
13.00000 26.00000 18392.02096
13.00000 27.00000 18394.73545
13.00000 28.00000 18395.83346
13.00000 29.00000 18390.98257
13.00000 30.00000 18382.74962
13.00000 31.00000 18373.20120
13.00000 32.00000 18361.22789
13.00000 33.00000 18353.73167
13.00000 34.00000 18360.45542
13.00000 35.00000 18371.87596
13.00000 36.00000 18379.00230
13.00000 37.00000 18381.66942
13.00000 38.00000 18383.39692
13.00000 39.00000 18384.65855
13.00000 40.00000 18388.02291
13.00000 41.00000 18390.96524
13.00000 42.00000 18392.45003
13.00000 43.00000 18390.45229
13.00000 44.00000 18386.29613
13.00000 45.00000 18379.34943
13.00000 46.00000 18371.27953
13.00000 47.00000 18371.19508
13.00000 48.00000 18364.72105
13.00000 49.00000 18365.13375
13.00000 50.00000 18373.57236
13.00000 51.00000 18380.58801
13.00000 52.00000 18384.26821
13.00000 53.00000 18384.23092
13.00000 54.00000 18382.53062
13.00000 55.00000 18385.40793
13.00000 56.00000 18388.40428
13.00000 57.00000 18392.44999
13.00000 58.00000 18394.50548
13.00000 59.00000 18393.51740
13.00000 60.00000 18388.01993
13.00000 61.00000 18380.75739
13.00000 62.00000 18375.28590
13.00000 63.00000 18375.65219
13.00000 64.00000 18378.61656
13.00000 65.00000 18385.01834
13.00000 66.00000 18385.13699
13.00000 67.00000 18386.48480
13.00000 68.00000 18385.41161
13.00000 69.00000 18379.99457
13.00000 70.00000 18373.84999
14.00000 25.00000 18386.55813
14.00000 26.00000 18386.86566
14.00000 27.00000 18389.03481
14.00000 28.00000 18390.05750
14.00000 29.00000 18385.42466
14.00000 30.00000 18377.30146
14.00000 31.00000 18369.15882
14.00000 32.00000 18357.36503
14.00000 33.00000 18348.75953
14.00000 34.00000 18352.61585
14.00000 35.00000 18361.52090
14.00000 36.00000 18367.36205
14.00000 37.00000 18369.46516
14.00000 38.00000 18371.76393
14.00000 39.00000 18374.09371
14.00000 40.00000 18377.62039
14.00000 41.00000 18380.36954
14.00000 42.00000 18381.36773
14.00000 43.00000 18379.09131
14.00000 44.00000 18374.41876
14.00000 45.00000 18367.55736
14.00000 46.00000 18360.82309
14.00000 47.00000 18361.99824
14.00000 48.00000 18356.27401
14.00000 49.00000 18356.84547
14.00000 50.00000 18364.70548
14.00000 51.00000 18372.20931
14.00000 52.00000 18376.59173
14.00000 53.00000 18376.68331
14.00000 54.00000 18375.32655
14.00000 55.00000 18377.42332
14.00000 56.00000 18379.16292
14.00000 57.00000 18382.35857
14.00000 58.00000 18384.02746
14.00000 59.00000 18383.05767
14.00000 60.00000 18377.84024
14.00000 61.00000 18370.83888
14.00000 62.00000 18365.62301
14.00000 63.00000 18365.99568
14.00000 64.00000 18368.97332
14.00000 65.00000 18375.42802
14.00000 66.00000 18375.96705
14.00000 67.00000 18377.01935
14.00000 68.00000 18375.40135
14.00000 69.00000 18369.51724
14.00000 70.00000 18362.94019
15.00000 25.00000 18382.97538
15.00000 26.00000 18382.48677
15.00000 27.00000 18383.61277
15.00000 28.00000 18383.97910
15.00000 29.00000 18378.86552
15.00000 30.00000 18370.73804
15.00000 31.00000 18363.46169
15.00000 32.00000 18351.07558
15.00000 33.00000 18342.04386
15.00000 34.00000 18345.92172
15.00000 35.00000 18354.50378
15.00000 36.00000 18360.81383
15.00000 37.00000 18363.89665
15.00000 38.00000 18367.11385
15.00000 39.00000 18369.54615
15.00000 40.00000 18372.67613
15.00000 41.00000 18374.60052
15.00000 42.00000 18374.07614
15.00000 43.00000 18370.50875
15.00000 44.00000 18365.51121
15.00000 45.00000 18359.18837
15.00000 46.00000 18354.02894
15.00000 47.00000 18356.37950
15.00000 48.00000 18351.26396
15.00000 49.00000 18351.78637
15.00000 50.00000 18358.49748
15.00000 51.00000 18365.63858
15.00000 52.00000 18370.28072
15.00000 53.00000 18371.35444
15.00000 54.00000 18371.36471
15.00000 55.00000 18373.23669
15.00000 56.00000 18373.82546
15.00000 57.00000 18375.34430
15.00000 58.00000 18375.81022
15.00000 59.00000 18375.23709
15.00000 60.00000 18370.86448
15.00000 61.00000 18364.84866
15.00000 62.00000 18360.66736
15.00000 63.00000 18361.09622
15.00000 64.00000 18363.96854
15.00000 65.00000 18370.18728
15.00000 66.00000 18370.76361
15.00000 67.00000 18372.08225
15.00000 68.00000 18370.79794
15.00000 69.00000 18365.10165
15.00000 70.00000 18358.00924
16.00000 25.00000 18383.26150
16.00000 26.00000 18382.19111
16.00000 27.00000 18382.69107
16.00000 28.00000 18381.84896
16.00000 29.00000 18375.49377
16.00000 30.00000 18367.94850
16.00000 31.00000 18361.84434
16.00000 32.00000 18349.94278
16.00000 33.00000 18341.56092
16.00000 34.00000 18346.43099
16.00000 35.00000 18355.73668
16.00000 36.00000 18362.89297
16.00000 37.00000 18367.26669
16.00000 38.00000 18371.28981
16.00000 39.00000 18373.39587
16.00000 40.00000 18375.79318
16.00000 41.00000 18376.68777
16.00000 42.00000 18374.84583
16.00000 43.00000 18369.87290
16.00000 44.00000 18364.73698
16.00000 45.00000 18359.13116
16.00000 46.00000 18355.29612
16.00000 47.00000 18358.76468
16.00000 48.00000 18354.49249
16.00000 49.00000 18355.30001
16.00000 50.00000 18361.55803
16.00000 51.00000 18367.46882
16.00000 52.00000 18370.71707
16.00000 53.00000 18371.74893
16.00000 54.00000 18372.01840
16.00000 55.00000 18374.13183
16.00000 56.00000 18374.58513
16.00000 57.00000 18374.82495
16.00000 58.00000 18374.38597
16.00000 59.00000 18373.57777
16.00000 60.00000 18369.40408
16.00000 61.00000 18364.29170
16.00000 62.00000 18361.80128
16.00000 63.00000 18363.38531
16.00000 64.00000 18367.08834
16.00000 65.00000 18373.36965
16.00000 66.00000 18374.23689
16.00000 67.00000 18376.08713
16.00000 68.00000 18375.34688
16.00000 69.00000 18369.89417
16.00000 70.00000 18362.17734
17.00000 25.00000 18378.32553
17.00000 26.00000 18377.95525
17.00000 27.00000 18379.91289
17.00000 28.00000 18378.99478
17.00000 29.00000 18370.80145
17.00000 30.00000 18362.33141
17.00000 31.00000 18355.94373
17.00000 32.00000 18344.15555
17.00000 33.00000 18335.73414
17.00000 34.00000 18342.03118
17.00000 35.00000 18353.45192
17.00000 36.00000 18362.05463
17.00000 37.00000 18367.05340
17.00000 38.00000 18370.84308
17.00000 39.00000 18372.42026
17.00000 40.00000 18374.29129
17.00000 41.00000 18374.40177
17.00000 42.00000 18371.96592
17.00000 43.00000 18366.56338
17.00000 44.00000 18361.68755
17.00000 45.00000 18356.22634
17.00000 46.00000 18352.12441
17.00000 47.00000 18356.09794
17.00000 48.00000 18352.89493
17.00000 49.00000 18354.76547
17.00000 50.00000 18362.17573
17.00000 51.00000 18367.60650
17.00000 52.00000 18368.71434
17.00000 53.00000 18367.93200
17.00000 54.00000 18366.24747
17.00000 55.00000 18368.39503
17.00000 56.00000 18369.46209
17.00000 57.00000 18369.54202
17.00000 58.00000 18369.27781
17.00000 59.00000 18368.16164
17.00000 60.00000 18363.76888
17.00000 61.00000 18358.98724
17.00000 62.00000 18357.27239
17.00000 63.00000 18360.46453
17.00000 64.00000 18365.83065
17.00000 65.00000 18372.69401
17.00000 66.00000 18373.34758
17.00000 67.00000 18375.59417
17.00000 68.00000 18375.30739
17.00000 69.00000 18370.18815
17.00000 70.00000 18362.37459
18.00000 25.00000 18376.46252
18.00000 26.00000 18377.44080
18.00000 27.00000 18381.35967
18.00000 28.00000 18380.52538
18.00000 29.00000 18370.17200
18.00000 30.00000 18359.89321
18.00000 31.00000 18352.11399
18.00000 32.00000 18340.64111
18.00000 33.00000 18333.11434
18.00000 34.00000 18341.18741
18.00000 35.00000 18354.75681
18.00000 36.00000 18364.92381
18.00000 37.00000 18370.47603
18.00000 38.00000 18373.85379
18.00000 39.00000 18374.93209
18.00000 40.00000 18377.01612
18.00000 41.00000 18377.26705
18.00000 42.00000 18374.85690
18.00000 43.00000 18369.06959
18.00000 44.00000 18364.32918
18.00000 45.00000 18358.87737
18.00000 46.00000 18353.88012
18.00000 47.00000 18357.56266
18.00000 48.00000 18355.25999
18.00000 49.00000 18358.26904
18.00000 50.00000 18366.85761
18.00000 51.00000 18371.48025
18.00000 52.00000 18370.50460
18.00000 53.00000 18367.79717
18.00000 54.00000 18363.62991
18.00000 55.00000 18365.75477
18.00000 56.00000 18367.84765
18.00000 57.00000 18368.33993
18.00000 58.00000 18368.60465
18.00000 59.00000 18367.42676
18.00000 60.00000 18363.23448
18.00000 61.00000 18359.28411
18.00000 62.00000 18358.38624
18.00000 63.00000 18363.38581
18.00000 64.00000 18370.67496
18.00000 65.00000 18378.25077
18.00000 66.00000 18377.87627
18.00000 67.00000 18380.29871
18.00000 68.00000 18380.49136
18.00000 69.00000 18375.89788
18.00000 70.00000 18368.45108
19.00000 25.00000 18381.86395
19.00000 26.00000 18383.67668
19.00000 27.00000 18388.71442
19.00000 28.00000 18387.41926
19.00000 29.00000 18375.21378
19.00000 30.00000 18363.16666
19.00000 31.00000 18353.48763
19.00000 32.00000 18342.68713
19.00000 33.00000 18337.19455
19.00000 34.00000 18347.06695
19.00000 35.00000 18361.85004
19.00000 36.00000 18372.89065
19.00000 37.00000 18378.77708
19.00000 38.00000 18381.89762
19.00000 39.00000 18382.61138
19.00000 40.00000 18385.37666
19.00000 41.00000 18386.42687
19.00000 42.00000 18384.44361
19.00000 43.00000 18378.27979
19.00000 44.00000 18373.36526
19.00000 45.00000 18367.68131
19.00000 46.00000 18361.67651
19.00000 47.00000 18364.57026
19.00000 48.00000 18362.88976
19.00000 49.00000 18366.83783
19.00000 50.00000 18376.18845
19.00000 51.00000 18379.91504
19.00000 52.00000 18377.52813
19.00000 53.00000 18373.37162
19.00000 54.00000 18366.84476
19.00000 55.00000 18368.90331
19.00000 56.00000 18372.27882
19.00000 57.00000 18373.76274
19.00000 58.00000 18375.05452
19.00000 59.00000 18374.10024
19.00000 60.00000 18370.32417
19.00000 61.00000 18367.28582
19.00000 62.00000 18366.98224
19.00000 63.00000 18373.49345
19.00000 64.00000 18382.23428
19.00000 65.00000 18390.08222
19.00000 66.00000 18388.46711
19.00000 67.00000 18391.22579
19.00000 68.00000 18392.19392
19.00000 69.00000 18388.47024
19.00000 70.00000 18381.91760
20.00000 25.00000 18386.30407
20.00000 26.00000 18388.15211
20.00000 27.00000 18393.70533
20.00000 28.00000 18391.72528
20.00000 29.00000 18378.64344
20.00000 30.00000 18366.38842
20.00000 31.00000 18356.51010
20.00000 32.00000 18345.13827
20.00000 33.00000 18340.77176
20.00000 34.00000 18351.66970
20.00000 35.00000 18367.13924
20.00000 36.00000 18378.30413
20.00000 37.00000 18384.31424
20.00000 38.00000 18387.51108
20.00000 39.00000 18388.23360
20.00000 40.00000 18390.83523
20.00000 41.00000 18392.03253
20.00000 42.00000 18390.14732
20.00000 43.00000 18383.56291
20.00000 44.00000 18378.77657
20.00000 45.00000 18373.36768
20.00000 46.00000 18367.38183
20.00000 47.00000 18369.49067
20.00000 48.00000 18366.99268
20.00000 49.00000 18370.56705
20.00000 50.00000 18379.75840
20.00000 51.00000 18383.38887
20.00000 52.00000 18381.09577
20.00000 53.00000 18377.04881
20.00000 54.00000 18370.51406
20.00000 55.00000 18371.72802
20.00000 56.00000 18374.89308
20.00000 57.00000 18376.73480
20.00000 58.00000 18379.20750
20.00000 59.00000 18378.61178
20.00000 60.00000 18374.79705
20.00000 61.00000 18371.87495
20.00000 62.00000 18372.14461
20.00000 63.00000 18380.07231
20.00000 64.00000 18390.40628
20.00000 65.00000 18399.07996
20.00000 66.00000 18397.50150
20.00000 67.00000 18399.43437
20.00000 68.00000 18399.60296
20.00000 69.00000 18395.67308
20.00000 70.00000 18389.68247
21.00000 25.00000 18384.15595
21.00000 26.00000 18385.32603
21.00000 27.00000 18392.48008
21.00000 28.00000 18390.69998
21.00000 29.00000 18376.84843
21.00000 30.00000 18365.73372
21.00000 31.00000 18358.53864
21.00000 32.00000 18347.92771
21.00000 33.00000 18343.28034
21.00000 34.00000 18353.47649
21.00000 35.00000 18369.60341
21.00000 36.00000 18380.92606
21.00000 37.00000 18386.66691
21.00000 38.00000 18389.92883
21.00000 39.00000 18391.23299
21.00000 40.00000 18393.43480
21.00000 41.00000 18393.72831
21.00000 42.00000 18391.29038
21.00000 43.00000 18384.17319
21.00000 44.00000 18379.45207
21.00000 45.00000 18374.51376
21.00000 46.00000 18369.56348
21.00000 47.00000 18372.14685
21.00000 48.00000 18369.49226
21.00000 49.00000 18371.68697
21.00000 50.00000 18378.80877
21.00000 51.00000 18381.82579
21.00000 52.00000 18379.61372
21.00000 53.00000 18376.27605
21.00000 54.00000 18371.58592
21.00000 55.00000 18373.13076
21.00000 56.00000 18376.25895
21.00000 57.00000 18377.59102
21.00000 58.00000 18379.50153
21.00000 59.00000 18378.61532
21.00000 60.00000 18374.46968
21.00000 61.00000 18371.20819
21.00000 62.00000 18371.56416
21.00000 63.00000 18380.57102
21.00000 64.00000 18392.26113
21.00000 65.00000 18402.20549
21.00000 66.00000 18402.41749
21.00000 67.00000 18404.25408
21.00000 68.00000 18403.62824
21.00000 69.00000 18398.81492
21.00000 70.00000 18391.95505
22.00000 25.00000 18386.95561
22.00000 26.00000 18382.82902
22.00000 27.00000 18389.02948
22.00000 28.00000 18387.86644
22.00000 29.00000 18374.10111
22.00000 30.00000 18365.82320
22.00000 31.00000 18363.05940
22.00000 32.00000 18354.84677
22.00000 33.00000 18350.01632
22.00000 34.00000 18357.56137
22.00000 35.00000 18372.71062
22.00000 36.00000 18384.27465
22.00000 37.00000 18390.15360
22.00000 38.00000 18394.09025
22.00000 39.00000 18396.42998
22.00000 40.00000 18398.60509
22.00000 41.00000 18398.02497
22.00000 42.00000 18394.95809
22.00000 43.00000 18387.26637
22.00000 44.00000 18382.49464
22.00000 45.00000 18377.88420
22.00000 46.00000 18373.83149
22.00000 47.00000 18376.67058
22.00000 48.00000 18374.05931
22.00000 49.00000 18375.03197
22.00000 50.00000 18379.97822
22.00000 51.00000 18382.34891
22.00000 52.00000 18380.37552
22.00000 53.00000 18377.93097
22.00000 54.00000 18375.15059
22.00000 55.00000 18377.36583
22.00000 56.00000 18381.02250
22.00000 57.00000 18382.25212
22.00000 58.00000 18383.12558
22.00000 59.00000 18382.06593
22.00000 60.00000 18377.90705
22.00000 61.00000 18374.50313
22.00000 62.00000 18374.79054
22.00000 63.00000 18384.26900
22.00000 64.00000 18396.36496
22.00000 65.00000 18406.79865
22.00000 66.00000 18408.62470
22.00000 67.00000 18410.98938
22.00000 68.00000 18410.20763
22.00000 69.00000 18404.92187
22.00000 70.00000 18397.18154
23.00000 25.00000 18397.10775
23.00000 26.00000 18386.20314
23.00000 27.00000 18385.51812
23.00000 28.00000 18384.44055
23.00000 29.00000 18372.46339
23.00000 30.00000 18368.23634
23.00000 31.00000 18369.59469
23.00000 32.00000 18363.99766
23.00000 33.00000 18359.09426
23.00000 34.00000 18363.06556
23.00000 35.00000 18375.47127
23.00000 36.00000 18387.36563
23.00000 37.00000 18394.33089
23.00000 38.00000 18399.90610
23.00000 39.00000 18403.54238
23.00000 40.00000 18405.99728
23.00000 41.00000 18405.04512
23.00000 42.00000 18401.56978
23.00000 43.00000 18393.56560
23.00000 44.00000 18388.96741
23.00000 45.00000 18384.61606
23.00000 46.00000 18380.88015
23.00000 47.00000 18383.18490
23.00000 48.00000 18380.10949
23.00000 49.00000 18380.06117
23.00000 50.00000 18383.80025
23.00000 51.00000 18385.86581
23.00000 52.00000 18384.37111
23.00000 53.00000 18382.80890
23.00000 54.00000 18380.89114
23.00000 55.00000 18383.41473
23.00000 56.00000 18387.76562
23.00000 57.00000 18389.63240
23.00000 58.00000 18390.31793
23.00000 59.00000 18389.50811
23.00000 60.00000 18385.47776
23.00000 61.00000 18381.77902
23.00000 62.00000 18381.50051
23.00000 63.00000 18390.54095
23.00000 64.00000 18401.95824
23.00000 65.00000 18412.18884
23.00000 66.00000 18414.84922
23.00000 67.00000 18417.83345
23.00000 68.00000 18417.39001
23.00000 69.00000 18412.13806
23.00000 70.00000 18404.39786
24.00000 25.00000 18403.36709
24.00000 26.00000 18390.98249
24.00000 27.00000 18386.08879
24.00000 28.00000 18382.27852
24.00000 29.00000 18370.61314
24.00000 30.00000 18368.54376
24.00000 31.00000 18372.17080
24.00000 32.00000 18368.35741
24.00000 33.00000 18364.13012
24.00000 34.00000 18367.21508
24.00000 35.00000 18377.97933
24.00000 36.00000 18388.10998
24.00000 37.00000 18395.32814
24.00000 38.00000 18402.39164
24.00000 39.00000 18406.86397
24.00000 40.00000 18409.69311
24.00000 41.00000 18408.98164
24.00000 42.00000 18405.92276
24.00000 43.00000 18398.30333
24.00000 44.00000 18393.35810
24.00000 45.00000 18388.61962
24.00000 46.00000 18384.92597
24.00000 47.00000 18387.20168
24.00000 48.00000 18384.28644
24.00000 49.00000 18384.50371
24.00000 50.00000 18389.31367
24.00000 51.00000 18391.26678
24.00000 52.00000 18388.89253
24.00000 53.00000 18386.74942
24.00000 54.00000 18384.14778
24.00000 55.00000 18386.64003
24.00000 56.00000 18391.94425
24.00000 57.00000 18395.31796
24.00000 58.00000 18397.94377
24.00000 59.00000 18397.59682
24.00000 60.00000 18393.28905
24.00000 61.00000 18388.78119
24.00000 62.00000 18387.97506
24.00000 63.00000 18395.87398
24.00000 64.00000 18405.68568
24.00000 65.00000 18414.60182
24.00000 66.00000 18417.17312
24.00000 67.00000 18420.89231
24.00000 68.00000 18421.32533
24.00000 69.00000 18416.42444
24.00000 70.00000 18409.10878
25.00000 25.00000 18405.51374
25.00000 26.00000 18393.88594
25.00000 27.00000 18392.82051
25.00000 28.00000 18389.49701
25.00000 29.00000 18374.19602
25.00000 30.00000 18368.81548
25.00000 31.00000 18372.46250
25.00000 32.00000 18368.78082
25.00000 33.00000 18365.09318
25.00000 34.00000 18370.47122
25.00000 35.00000 18382.90517
25.00000 36.00000 18391.80852
25.00000 37.00000 18397.62850
25.00000 38.00000 18404.27085
25.00000 39.00000 18408.71909
25.00000 40.00000 18411.82093
25.00000 41.00000 18411.49063
25.00000 42.00000 18409.07929
25.00000 43.00000 18402.47587
25.00000 44.00000 18397.12129
25.00000 45.00000 18391.73227
25.00000 46.00000 18387.76972
25.00000 47.00000 18390.53848
25.00000 48.00000 18388.52447
25.00000 49.00000 18389.91658
25.00000 50.00000 18396.32467
25.00000 51.00000 18398.82585
25.00000 52.00000 18396.23606
25.00000 53.00000 18392.93996
25.00000 54.00000 18388.61276
25.00000 55.00000 18390.62940
25.00000 56.00000 18396.51179
25.00000 57.00000 18401.09683
25.00000 58.00000 18405.49781
25.00000 59.00000 18405.80801
25.00000 60.00000 18401.61172
25.00000 61.00000 18396.84435
25.00000 62.00000 18396.17680
25.00000 63.00000 18403.81412
25.00000 64.00000 18412.50830
25.00000 65.00000 18419.99635
25.00000 66.00000 18420.82760
25.00000 67.00000 18423.86513
25.00000 68.00000 18424.31971
25.00000 69.00000 18419.65131
25.00000 70.00000 18412.84672
26.00000 25.00000 18404.90204
26.00000 26.00000 18396.27979
26.00000 27.00000 18402.84873
26.00000 28.00000 18402.24075
26.00000 29.00000 18383.68004
26.00000 30.00000 18370.16609
26.00000 31.00000 18370.59040
26.00000 32.00000 18366.09099
26.00000 33.00000 18363.36937
26.00000 34.00000 18372.48607
26.00000 35.00000 18387.33248
26.00000 36.00000 18395.71441
26.00000 37.00000 18400.12590
26.00000 38.00000 18405.01975
26.00000 39.00000 18408.27665
26.00000 40.00000 18411.50210
26.00000 41.00000 18411.94674
26.00000 42.00000 18410.29987
26.00000 43.00000 18404.77115
26.00000 44.00000 18399.08782
26.00000 45.00000 18393.38763
26.00000 46.00000 18389.14989
26.00000 47.00000 18392.28709
26.00000 48.00000 18391.11008
26.00000 49.00000 18393.72790
26.00000 50.00000 18400.98465
26.00000 51.00000 18403.76955
26.00000 52.00000 18401.83696
26.00000 53.00000 18398.27839
26.00000 54.00000 18392.82035
26.00000 55.00000 18394.42130
26.00000 56.00000 18400.64400
26.00000 57.00000 18406.23140
26.00000 58.00000 18411.40320
26.00000 59.00000 18412.27245
26.00000 60.00000 18408.58544
26.00000 61.00000 18404.35231
26.00000 62.00000 18404.08028
26.00000 63.00000 18410.97683
26.00000 64.00000 18418.21786
26.00000 65.00000 18424.32239
26.00000 66.00000 18422.47466
26.00000 67.00000 18424.17794
26.00000 68.00000 18424.43090
26.00000 69.00000 18420.32002
26.00000 70.00000 18414.63063
27.00000 25.00000 18410.69112
27.00000 26.00000 18407.90813
27.00000 27.00000 18412.63354
27.00000 28.00000 18414.12566
27.00000 29.00000 18397.33912
27.00000 30.00000 18379.94628
27.00000 31.00000 18372.96284
27.00000 32.00000 18366.63598
27.00000 33.00000 18364.75566
27.00000 34.00000 18376.86112
27.00000 35.00000 18393.23602
27.00000 36.00000 18401.23019
27.00000 37.00000 18404.90205
27.00000 38.00000 18408.39753
27.00000 39.00000 18410.16384
27.00000 40.00000 18413.17081
27.00000 41.00000 18414.41303
27.00000 42.00000 18413.26002
27.00000 43.00000 18408.15601
27.00000 44.00000 18402.02959
27.00000 45.00000 18396.23896
27.00000 46.00000 18391.86122
27.00000 47.00000 18395.08103
27.00000 48.00000 18394.12909
27.00000 49.00000 18397.39966
27.00000 50.00000 18404.92158
27.00000 51.00000 18407.97728
27.00000 52.00000 18407.20108
27.00000 53.00000 18404.20153
27.00000 54.00000 18399.19564
27.00000 55.00000 18400.85109
27.00000 56.00000 18406.61899
27.00000 57.00000 18412.42014
27.00000 58.00000 18417.28990
27.00000 59.00000 18418.54561
27.00000 60.00000 18415.60888
27.00000 61.00000 18412.20683
27.00000 62.00000 18412.32453
27.00000 63.00000 18417.88816
27.00000 64.00000 18423.49375
27.00000 65.00000 18428.53327
27.00000 66.00000 18424.67318
27.00000 67.00000 18425.46342
27.00000 68.00000 18425.83050
27.00000 69.00000 18422.44374
27.00000 70.00000 18417.88093
28.00000 25.00000 18411.40108
28.00000 26.00000 18409.65219
28.00000 27.00000 18410.65246
28.00000 28.00000 18412.02128
28.00000 29.00000 18398.98715
28.00000 30.00000 18382.78816
28.00000 31.00000 18374.73433
28.00000 32.00000 18365.78472
28.00000 33.00000 18363.17923
28.00000 34.00000 18375.94868
28.00000 35.00000 18392.40931
28.00000 36.00000 18400.49258
28.00000 37.00000 18403.81122
28.00000 38.00000 18406.70963
28.00000 39.00000 18407.84855
28.00000 40.00000 18409.82113
28.00000 41.00000 18410.76978
28.00000 42.00000 18409.89333
28.00000 43.00000 18405.61515
28.00000 44.00000 18399.08152
28.00000 45.00000 18393.03812
28.00000 46.00000 18389.29795
28.00000 47.00000 18392.89151
28.00000 48.00000 18390.98701
28.00000 49.00000 18393.76963
28.00000 50.00000 18401.80660
28.00000 51.00000 18405.95257
28.00000 52.00000 18405.99569
28.00000 53.00000 18402.58281
28.00000 54.00000 18397.37764
28.00000 55.00000 18398.46320
28.00000 56.00000 18403.51204
28.00000 57.00000 18410.12487
28.00000 58.00000 18416.24382
28.00000 59.00000 18417.44729
28.00000 60.00000 18414.02226
28.00000 61.00000 18410.05554
28.00000 62.00000 18409.47920
28.00000 63.00000 18415.00386
28.00000 64.00000 18421.15172
28.00000 65.00000 18427.19744
28.00000 66.00000 18423.80355
28.00000 67.00000 18423.93558
28.00000 68.00000 18423.18447
28.00000 69.00000 18418.95430
28.00000 70.00000 18414.99111
29.00000 25.00000 18393.84232
29.00000 26.00000 18389.52638
29.00000 27.00000 18389.87539
29.00000 28.00000 18387.83029
29.00000 29.00000 18386.97563
29.00000 30.00000 18371.92789
29.00000 31.00000 18366.32678
29.00000 32.00000 18356.20261
29.00000 33.00000 18351.06018
29.00000 34.00000 18362.16203
29.00000 35.00000 18377.67969
29.00000 36.00000 18385.64393
29.00000 37.00000 18388.38529
29.00000 38.00000 18390.92466
29.00000 39.00000 18391.92541
29.00000 40.00000 18393.21412
29.00000 41.00000 18393.44500
29.00000 42.00000 18392.18255
29.00000 43.00000 18388.76297
29.00000 44.00000 18382.78988
29.00000 45.00000 18376.78662
29.00000 46.00000 18374.05928
29.00000 47.00000 18378.86203
29.00000 48.00000 18376.76028
29.00000 49.00000 18377.97461
29.00000 50.00000 18384.29705
29.00000 51.00000 18388.00627
29.00000 52.00000 18388.01018
29.00000 53.00000 18384.51464
29.00000 54.00000 18379.65845
29.00000 55.00000 18380.86091
29.00000 56.00000 18385.51814
29.00000 57.00000 18392.43787
29.00000 58.00000 18399.25081
29.00000 59.00000 18400.85206
29.00000 60.00000 18397.72860
29.00000 61.00000 18393.67506
29.00000 62.00000 18392.31903
29.00000 63.00000 18397.31420
29.00000 64.00000 18403.41517
29.00000 65.00000 18409.93069
29.00000 66.00000 18407.48473
29.00000 67.00000 18408.41516
29.00000 68.00000 18408.06093
29.00000 69.00000 18403.78370
29.00000 70.00000 18399.61601
30.00000 25.00000 18383.37354
30.00000 26.00000 18377.85523
30.00000 27.00000 18379.73310
30.00000 28.00000 18379.22182
30.00000 29.00000 18371.79267
30.00000 30.00000 18364.46176
30.00000 31.00000 18362.12629
30.00000 32.00000 18353.18807
30.00000 33.00000 18345.74629
30.00000 34.00000 18353.78173
30.00000 35.00000 18368.39262
30.00000 36.00000 18377.58569
30.00000 37.00000 18380.90766
30.00000 38.00000 18384.12315
30.00000 39.00000 18385.94354
30.00000 40.00000 18387.79769
30.00000 41.00000 18387.50460
30.00000 42.00000 18384.58337
30.00000 43.00000 18379.93224
30.00000 44.00000 18374.66527
30.00000 45.00000 18368.79040
30.00000 46.00000 18365.67343
30.00000 47.00000 18370.56124
30.00000 48.00000 18368.30459
30.00000 49.00000 18367.70507
30.00000 50.00000 18371.68223
30.00000 51.00000 18374.85455
30.00000 52.00000 18375.39992
30.00000 53.00000 18373.33425
30.00000 54.00000 18369.37185
30.00000 55.00000 18371.32896
30.00000 56.00000 18376.21045
30.00000 57.00000 18382.44093
30.00000 58.00000 18388.59366
30.00000 59.00000 18390.87883
30.00000 60.00000 18388.23663
30.00000 61.00000 18384.08718
30.00000 62.00000 18382.17257
30.00000 63.00000 18386.99156
30.00000 64.00000 18393.01044
30.00000 65.00000 18399.19130
30.00000 66.00000 18397.17016
30.00000 67.00000 18398.98901
30.00000 68.00000 18399.53180
30.00000 69.00000 18395.77705
30.00000 70.00000 18390.65726
31.00000 25.00000 18380.42303
31.00000 26.00000 18376.90450
31.00000 27.00000 18377.93621
31.00000 28.00000 18377.00409
31.00000 29.00000 18366.96084
31.00000 30.00000 18359.25585
31.00000 31.00000 18359.85342
31.00000 32.00000 18354.12794
31.00000 33.00000 18345.78608
31.00000 34.00000 18348.91354
31.00000 35.00000 18360.81102
31.00000 36.00000 18371.58760
31.00000 37.00000 18376.50758
31.00000 38.00000 18380.83885
31.00000 39.00000 18383.61175
31.00000 40.00000 18386.57904
31.00000 41.00000 18386.33862
31.00000 42.00000 18381.89080
31.00000 43.00000 18375.48627
31.00000 44.00000 18370.82530
31.00000 45.00000 18365.37650
31.00000 46.00000 18361.13041
31.00000 47.00000 18364.57563
31.00000 48.00000 18361.55192
31.00000 49.00000 18359.45647
31.00000 50.00000 18361.37749
31.00000 51.00000 18364.05024
31.00000 52.00000 18366.03696
31.00000 53.00000 18366.40317
31.00000 54.00000 18363.42458
31.00000 55.00000 18366.18900
31.00000 56.00000 18371.26073
31.00000 57.00000 18376.70997
31.00000 58.00000 18382.28851
31.00000 59.00000 18385.21800
31.00000 60.00000 18383.12580
31.00000 61.00000 18379.03568
31.00000 62.00000 18376.20427
31.00000 63.00000 18380.51398
31.00000 64.00000 18386.26492
31.00000 65.00000 18392.31618
31.00000 66.00000 18391.02436
31.00000 67.00000 18393.82888
31.00000 68.00000 18395.30025
31.00000 69.00000 18391.96881
31.00000 70.00000 18385.92179
32.00000 25.00000 18375.72370
32.00000 26.00000 18372.71552
32.00000 27.00000 18373.26815
32.00000 28.00000 18371.65836
32.00000 29.00000 18360.95577
32.00000 30.00000 18353.75378
32.00000 31.00000 18354.68984
32.00000 32.00000 18349.42951
32.00000 33.00000 18343.96446
32.00000 34.00000 18344.80938
32.00000 35.00000 18354.93089
32.00000 36.00000 18365.58219
32.00000 37.00000 18372.34096
32.00000 38.00000 18377.92997
32.00000 39.00000 18381.05882
32.00000 40.00000 18384.43988
32.00000 41.00000 18384.43183
32.00000 42.00000 18379.46347
32.00000 43.00000 18371.56823
32.00000 44.00000 18365.92654
32.00000 45.00000 18360.58864
32.00000 46.00000 18356.49157
32.00000 47.00000 18359.82326
32.00000 48.00000 18355.92895
32.00000 49.00000 18353.33274
32.00000 50.00000 18355.67864
32.00000 51.00000 18357.28080
32.00000 52.00000 18359.24070
32.00000 53.00000 18361.83118
32.00000 54.00000 18360.39108
32.00000 55.00000 18363.15137
32.00000 56.00000 18367.05130
32.00000 57.00000 18371.20602
32.00000 58.00000 18376.89214
32.00000 59.00000 18380.51949
32.00000 60.00000 18379.40767
32.00000 61.00000 18376.03777
32.00000 62.00000 18373.38127
32.00000 63.00000 18376.31931
32.00000 64.00000 18380.63607
32.00000 65.00000 18385.88339
32.00000 66.00000 18385.39082
32.00000 67.00000 18388.64737
32.00000 68.00000 18390.98902
32.00000 69.00000 18388.27322
32.00000 70.00000 18382.17302
33.00000 25.00000 18379.61472
33.00000 26.00000 18377.09827
33.00000 27.00000 18378.16761
33.00000 28.00000 18376.17857
33.00000 29.00000 18365.58839
33.00000 30.00000 18358.13442
33.00000 31.00000 18357.63116
33.00000 32.00000 18352.22303
33.00000 33.00000 18346.82891
33.00000 34.00000 18346.63683
33.00000 35.00000 18355.72762
33.00000 36.00000 18366.24416
33.00000 37.00000 18373.99474
33.00000 38.00000 18380.32966
33.00000 39.00000 18383.75470
33.00000 40.00000 18386.65082
33.00000 41.00000 18386.14673
33.00000 42.00000 18380.61267
33.00000 43.00000 18371.56161
33.00000 44.00000 18365.30492
33.00000 45.00000 18359.61075
33.00000 46.00000 18354.88262
33.00000 47.00000 18358.83978
33.00000 48.00000 18354.57761
33.00000 49.00000 18351.78250
33.00000 50.00000 18355.20498
33.00000 51.00000 18357.32036
33.00000 52.00000 18360.01644
33.00000 53.00000 18364.26285
33.00000 54.00000 18364.12835
33.00000 55.00000 18367.03708
33.00000 56.00000 18369.60834
33.00000 57.00000 18371.60545
33.00000 58.00000 18375.99988
33.00000 59.00000 18379.66083
33.00000 60.00000 18379.19345
33.00000 61.00000 18376.93262
33.00000 62.00000 18375.08978
33.00000 63.00000 18378.16421
33.00000 64.00000 18382.35456
33.00000 65.00000 18387.43592
33.00000 66.00000 18387.47054
33.00000 67.00000 18390.88677
33.00000 68.00000 18392.84878
33.00000 69.00000 18389.46737
33.00000 70.00000 18382.78094
34.00000 25.00000 18395.94614
34.00000 26.00000 18394.40391
34.00000 27.00000 18396.17789
34.00000 28.00000 18394.58365
34.00000 29.00000 18384.72219
34.00000 30.00000 18375.63606
34.00000 31.00000 18370.63333
34.00000 32.00000 18363.25544
34.00000 33.00000 18354.47472
34.00000 34.00000 18356.84878
34.00000 35.00000 18366.69416
34.00000 36.00000 18378.40824
34.00000 37.00000 18386.42112
34.00000 38.00000 18392.47337
34.00000 39.00000 18395.77227
34.00000 40.00000 18398.05629
34.00000 41.00000 18396.62444
34.00000 42.00000 18389.82412
34.00000 43.00000 18378.94668
34.00000 44.00000 18371.89256
34.00000 45.00000 18365.82570
34.00000 46.00000 18360.14793
34.00000 47.00000 18364.40004
34.00000 48.00000 18361.09711
34.00000 49.00000 18360.29690
34.00000 50.00000 18365.34442
34.00000 51.00000 18368.58029
34.00000 52.00000 18372.29897
34.00000 53.00000 18377.51896
34.00000 54.00000 18378.55071
34.00000 55.00000 18381.38892
34.00000 56.00000 18382.47465
34.00000 57.00000 18382.23330
34.00000 58.00000 18384.02186
34.00000 59.00000 18386.90264
34.00000 60.00000 18386.63029
34.00000 61.00000 18385.61539
34.00000 62.00000 18385.79843
34.00000 63.00000 18390.13526
34.00000 64.00000 18395.25880
34.00000 65.00000 18400.95647
34.00000 66.00000 18400.98742
34.00000 67.00000 18405.03657
34.00000 68.00000 18406.39452
34.00000 69.00000 18401.42463
34.00000 70.00000 18392.43432
35.00000 25.00000 18414.11359
35.00000 26.00000 18413.65165
35.00000 27.00000 18415.28475
35.00000 28.00000 18412.73097
35.00000 29.00000 18402.88000
35.00000 30.00000 18393.30887
35.00000 31.00000 18385.56552
35.00000 32.00000 18377.99646
35.00000 33.00000 18370.97317
35.00000 34.00000 18373.26893
35.00000 35.00000 18389.25568
35.00000 36.00000 18398.20504
35.00000 37.00000 18404.38460
35.00000 38.00000 18409.33330
35.00000 39.00000 18412.16176
35.00000 40.00000 18414.33498
35.00000 41.00000 18412.54493
35.00000 42.00000 18404.93018
35.00000 43.00000 18391.87403
35.00000 44.00000 18383.61500
35.00000 45.00000 18377.13508
35.00000 46.00000 18371.14565
35.00000 47.00000 18375.19516
35.00000 48.00000 18372.78989
35.00000 49.00000 18374.34535
35.00000 50.00000 18381.51480
35.00000 51.00000 18385.65081
35.00000 52.00000 18389.28480
35.00000 53.00000 18394.52749
35.00000 54.00000 18396.61263
35.00000 55.00000 18399.39338
35.00000 56.00000 18399.56938
35.00000 57.00000 18397.75256
35.00000 58.00000 18396.99001
35.00000 59.00000 18398.81510
35.00000 60.00000 18398.44403
35.00000 61.00000 18398.28583
35.00000 62.00000 18400.75704
35.00000 63.00000 18406.58685
35.00000 64.00000 18412.50839
35.00000 65.00000 18418.36353
35.00000 66.00000 18417.71162
35.00000 67.00000 18422.15320
35.00000 68.00000 18423.17582
35.00000 69.00000 18417.15804
35.00000 70.00000 18406.23988
36.00000 25.00000 18421.41930
36.00000 26.00000 18421.88748
36.00000 27.00000 18423.88731
36.00000 28.00000 18420.39178
36.00000 29.00000 18410.31813
36.00000 30.00000 18401.07193
36.00000 31.00000 18393.21252
36.00000 32.00000 18384.81918
36.00000 33.00000 18378.81031
36.00000 34.00000 18384.03498
36.00000 35.00000 18399.28059
36.00000 36.00000 18408.24991
36.00000 37.00000 18411.24884
36.00000 38.00000 18415.22595
36.00000 39.00000 18418.47102
36.00000 40.00000 18421.05198
36.00000 41.00000 18418.94507
36.00000 42.00000 18410.94212
36.00000 43.00000 18397.24843
36.00000 44.00000 18387.97557
36.00000 45.00000 18380.53838
36.00000 46.00000 18374.86577
36.00000 47.00000 18378.76665
36.00000 48.00000 18376.08355
36.00000 49.00000 18378.16673
36.00000 50.00000 18387.43552
36.00000 51.00000 18393.65715
36.00000 52.00000 18396.67861
36.00000 53.00000 18400.09459
36.00000 54.00000 18401.76930
36.00000 55.00000 18405.74502
36.00000 56.00000 18407.25341
36.00000 57.00000 18406.04168
36.00000 58.00000 18405.55094
36.00000 59.00000 18406.45959
36.00000 60.00000 18404.32259
36.00000 61.00000 18402.46407
36.00000 62.00000 18405.22381
36.00000 63.00000 18413.44320
36.00000 64.00000 18421.34398
36.00000 65.00000 18427.86471
36.00000 66.00000 18426.89633
36.00000 67.00000 18431.35563
36.00000 68.00000 18432.46979
36.00000 69.00000 18426.56734
36.00000 70.00000 18416.01328
37.00000 25.00000 18417.14352
37.00000 26.00000 18417.83848
37.00000 27.00000 18420.49409
37.00000 28.00000 18417.24753
37.00000 29.00000 18407.05165
37.00000 30.00000 18398.33899
37.00000 31.00000 18391.25094
37.00000 32.00000 18382.42453
37.00000 33.00000 18374.95001
37.00000 34.00000 18379.01153
37.00000 35.00000 18393.13774
37.00000 36.00000 18401.28401
37.00000 37.00000 18406.44112
37.00000 38.00000 18408.86722
37.00000 39.00000 18412.88168
37.00000 40.00000 18416.66620
37.00000 41.00000 18415.04212
37.00000 42.00000 18406.65220
37.00000 43.00000 18393.03355
37.00000 44.00000 18383.92530
37.00000 45.00000 18375.72620
37.00000 46.00000 18369.98786
37.00000 47.00000 18374.02853
37.00000 48.00000 18372.05953
37.00000 49.00000 18374.56033
37.00000 50.00000 18384.01408
37.00000 51.00000 18390.64791
37.00000 52.00000 18393.46181
37.00000 53.00000 18395.01126
37.00000 54.00000 18394.12423
37.00000 55.00000 18398.04018
37.00000 56.00000 18401.25708
37.00000 57.00000 18401.72754
37.00000 58.00000 18402.83628
37.00000 59.00000 18404.13733
37.00000 60.00000 18401.62654
37.00000 61.00000 18398.30821
37.00000 62.00000 18399.99656
37.00000 63.00000 18409.36032
37.00000 64.00000 18418.95150
37.00000 65.00000 18426.91205
37.00000 66.00000 18426.28771
37.00000 67.00000 18430.52813
37.00000 68.00000 18431.61402
37.00000 69.00000 18425.85597
37.00000 70.00000 18416.33597
38.00000 25.00000 18406.81006
38.00000 26.00000 18406.94975
38.00000 27.00000 18409.97886
38.00000 28.00000 18407.47724
38.00000 29.00000 18397.18957
38.00000 30.00000 18389.05296
38.00000 31.00000 18382.95650
38.00000 32.00000 18374.46182
38.00000 33.00000 18365.87765
38.00000 34.00000 18366.86727
38.00000 35.00000 18378.28291
38.00000 36.00000 18384.33841
38.00000 37.00000 18388.38432
38.00000 38.00000 18394.97864
38.00000 39.00000 18399.90522
38.00000 40.00000 18404.68287
38.00000 41.00000 18403.79081
38.00000 42.00000 18395.63758
38.00000 43.00000 18382.67220
38.00000 44.00000 18374.93697
38.00000 45.00000 18367.20790
38.00000 46.00000 18360.76853
38.00000 47.00000 18364.48271
38.00000 48.00000 18363.46757
38.00000 49.00000 18367.02384
38.00000 50.00000 18376.15486
38.00000 51.00000 18381.81593
38.00000 52.00000 18383.93355
38.00000 53.00000 18384.25327
38.00000 54.00000 18379.50286
38.00000 55.00000 18381.75103
38.00000 56.00000 18386.26440
38.00000 57.00000 18388.82013
38.00000 58.00000 18392.24507
38.00000 59.00000 18394.74003
38.00000 60.00000 18392.78990
38.00000 61.00000 18389.06338
38.00000 62.00000 18389.21952
38.00000 63.00000 18398.41262
38.00000 64.00000 18408.45599
38.00000 65.00000 18417.46049
38.00000 66.00000 18417.71691
38.00000 67.00000 18422.06455
38.00000 68.00000 18423.44378
38.00000 69.00000 18418.28384
38.00000 70.00000 18410.17095
39.00000 25.00000 18396.47259
39.00000 26.00000 18395.95857
39.00000 27.00000 18398.89640
39.00000 28.00000 18396.71400
39.00000 29.00000 18386.08576
39.00000 30.00000 18378.32493
39.00000 31.00000 18373.04516
39.00000 32.00000 18365.44669
39.00000 33.00000 18357.24971
39.00000 34.00000 18357.09432
39.00000 35.00000 18365.90147
39.00000 36.00000 18370.34665
39.00000 37.00000 18373.65142
39.00000 38.00000 18379.62592
39.00000 39.00000 18386.72774
39.00000 40.00000 18393.10013
39.00000 41.00000 18392.10835
39.00000 42.00000 18383.57210
39.00000 43.00000 18370.72804
39.00000 44.00000 18363.91118
39.00000 45.00000 18357.18707
39.00000 46.00000 18350.46056
39.00000 47.00000 18353.78810
39.00000 48.00000 18352.95274
39.00000 49.00000 18357.58604
39.00000 50.00000 18367.09138
39.00000 51.00000 18372.00401
39.00000 52.00000 18373.23719
39.00000 53.00000 18372.67778
39.00000 54.00000 18364.89421
39.00000 55.00000 18364.94250
39.00000 56.00000 18370.18064
39.00000 57.00000 18374.96171
39.00000 58.00000 18380.85803
39.00000 59.00000 18384.94373
39.00000 60.00000 18384.06228
39.00000 61.00000 18380.91092
39.00000 62.00000 18380.10051
39.00000 63.00000 18388.31916
39.00000 64.00000 18397.54691
39.00000 65.00000 18406.67537
39.00000 66.00000 18407.82073
39.00000 67.00000 18412.80985
39.00000 68.00000 18414.72993
39.00000 69.00000 18410.13296
39.00000 70.00000 18403.23236
40.00000 25.00000 18385.73566
40.00000 26.00000 18385.03872
40.00000 27.00000 18388.39605
40.00000 28.00000 18385.89709
40.00000 29.00000 18374.20476
40.00000 30.00000 18365.82349
40.00000 31.00000 18360.77368
40.00000 32.00000 18354.26433
40.00000 33.00000 18347.02268
40.00000 34.00000 18347.14399
40.00000 35.00000 18355.10960
40.00000 36.00000 18357.85672
40.00000 37.00000 18360.03719
40.00000 38.00000 18364.57492
40.00000 39.00000 18370.20231
40.00000 40.00000 18377.84760
40.00000 41.00000 18377.94479
40.00000 42.00000 18371.23073
40.00000 43.00000 18359.33198
40.00000 44.00000 18352.58675
40.00000 45.00000 18346.92261
40.00000 46.00000 18341.40809
40.00000 47.00000 18344.69637
40.00000 48.00000 18341.46689
40.00000 49.00000 18345.53063
40.00000 50.00000 18356.04028
40.00000 51.00000 18361.75405
40.00000 52.00000 18363.08770
40.00000 53.00000 18362.66623
40.00000 54.00000 18354.39056
40.00000 55.00000 18351.56665
40.00000 56.00000 18354.47188
40.00000 57.00000 18360.03914
40.00000 58.00000 18368.80106
40.00000 59.00000 18374.21531
40.00000 60.00000 18374.56153
40.00000 61.00000 18372.39147
40.00000 62.00000 18371.56896
40.00000 63.00000 18378.41242
40.00000 64.00000 18385.89469
40.00000 65.00000 18394.57231
40.00000 66.00000 18397.19259
40.00000 67.00000 18402.40812
40.00000 68.00000 18403.87379
40.00000 69.00000 18398.25918
40.00000 70.00000 18391.47942
41.00000 25.00000 18378.90653
41.00000 26.00000 18378.48563
41.00000 27.00000 18382.64371
41.00000 28.00000 18380.07610
41.00000 29.00000 18367.22802
41.00000 30.00000 18357.00192
41.00000 31.00000 18350.91715
41.00000 32.00000 18344.57504
41.00000 33.00000 18337.93433
41.00000 34.00000 18338.48829
41.00000 35.00000 18346.22181
41.00000 36.00000 18347.99062
41.00000 37.00000 18349.68878
41.00000 38.00000 18354.19247
41.00000 39.00000 18359.73391
41.00000 40.00000 18364.30505
41.00000 41.00000 18365.04199
41.00000 42.00000 18359.54232
41.00000 43.00000 18349.40516
41.00000 44.00000 18343.38104
41.00000 45.00000 18338.71339
41.00000 46.00000 18335.26343
41.00000 47.00000 18339.53970
41.00000 48.00000 18334.41258
41.00000 49.00000 18336.48281
41.00000 50.00000 18346.20896
41.00000 51.00000 18353.03670
41.00000 52.00000 18356.06107
41.00000 53.00000 18356.62350
41.00000 54.00000 18350.24044
41.00000 55.00000 18347.45592
41.00000 56.00000 18348.96620
41.00000 57.00000 18353.77540
41.00000 58.00000 18363.47920
41.00000 59.00000 18369.48852
41.00000 60.00000 18370.58671
41.00000 61.00000 18369.24033
41.00000 62.00000 18368.06395
41.00000 63.00000 18373.59818
41.00000 64.00000 18379.39273
41.00000 65.00000 18386.98668
41.00000 66.00000 18390.27291
41.00000 67.00000 18395.40240
41.00000 68.00000 18396.41726
41.00000 69.00000 18389.66554
41.00000 70.00000 18381.78478
42.00000 25.00000 18366.57238
42.00000 26.00000 18367.21694
42.00000 27.00000 18372.14917
42.00000 28.00000 18370.00049
42.00000 29.00000 18356.81987
42.00000 30.00000 18344.22170
42.00000 31.00000 18335.95195
42.00000 32.00000 18329.04929
42.00000 33.00000 18322.46819
42.00000 34.00000 18322.99139
42.00000 35.00000 18330.12807
42.00000 36.00000 18331.25141
42.00000 37.00000 18332.25863
42.00000 38.00000 18336.85455
42.00000 39.00000 18342.22439
42.00000 40.00000 18346.37119
42.00000 41.00000 18346.29599
42.00000 42.00000 18342.71800
42.00000 43.00000 18331.65226
42.00000 44.00000 18326.55801
42.00000 45.00000 18322.97372
42.00000 46.00000 18322.16663
42.00000 47.00000 18327.83230
42.00000 48.00000 18321.78745
42.00000 49.00000 18321.42806
42.00000 50.00000 18327.84221
42.00000 51.00000 18334.74394
42.00000 52.00000 18339.83846
42.00000 53.00000 18341.56916
42.00000 54.00000 18338.58508
42.00000 55.00000 18337.63182
42.00000 56.00000 18338.91460
42.00000 57.00000 18342.66219
42.00000 58.00000 18350.99683
42.00000 59.00000 18357.09135
42.00000 60.00000 18359.00851
42.00000 61.00000 18358.85481
42.00000 62.00000 18357.66309
42.00000 63.00000 18362.57994
42.00000 64.00000 18368.39024
42.00000 65.00000 18376.20153
42.00000 66.00000 18379.61905
42.00000 67.00000 18384.94423
42.00000 68.00000 18385.79564
42.00000 69.00000 18378.23139
42.00000 70.00000 18368.49734
43.00000 25.00000 18359.77643
43.00000 26.00000 18361.27817
43.00000 27.00000 18365.62339
43.00000 28.00000 18363.67243
43.00000 29.00000 18352.05907
43.00000 30.00000 18338.65283
43.00000 31.00000 18328.27353
43.00000 32.00000 18319.92534
43.00000 33.00000 18312.72796
43.00000 34.00000 18312.74881
43.00000 35.00000 18318.62420
43.00000 36.00000 18319.12429
43.00000 37.00000 18319.24176
43.00000 38.00000 18322.75663
43.00000 39.00000 18327.04930
43.00000 40.00000 18332.04406
43.00000 41.00000 18334.49386
43.00000 42.00000 18332.53957
43.00000 43.00000 18328.21690
43.00000 44.00000 18321.89787
43.00000 45.00000 18316.96116
43.00000 46.00000 18315.72766
43.00000 47.00000 18320.85056
43.00000 48.00000 18314.67926
43.00000 49.00000 18313.07924
43.00000 50.00000 18316.48554
43.00000 51.00000 18321.89070
43.00000 52.00000 18327.28667
43.00000 53.00000 18330.05687
43.00000 54.00000 18330.46160
43.00000 55.00000 18332.37508
43.00000 56.00000 18335.04000
43.00000 57.00000 18339.06797
43.00000 58.00000 18345.63980
43.00000 59.00000 18350.31265
43.00000 60.00000 18351.71006
43.00000 61.00000 18351.70788
43.00000 62.00000 18350.54792
43.00000 63.00000 18354.63814
43.00000 64.00000 18360.18000
43.00000 65.00000 18368.01974
43.00000 66.00000 18370.68027
43.00000 67.00000 18376.57182
43.00000 68.00000 18378.16562
43.00000 69.00000 18371.26334
43.00000 70.00000 18361.54266
44.00000 25.00000 18364.23158
44.00000 26.00000 18365.95133
44.00000 27.00000 18369.19492
44.00000 28.00000 18366.90639
44.00000 29.00000 18357.13980
44.00000 30.00000 18345.26411
44.00000 31.00000 18334.94309
44.00000 32.00000 18324.78656
44.00000 33.00000 18316.38959
44.00000 34.00000 18315.41895
44.00000 35.00000 18319.80205
44.00000 36.00000 18319.03412
44.00000 37.00000 18317.62931
44.00000 38.00000 18320.51664
44.00000 39.00000 18324.72874
44.00000 40.00000 18330.74966
44.00000 41.00000 18335.37111
44.00000 42.00000 18335.38157
44.00000 43.00000 18332.59401
44.00000 44.00000 18326.28440
44.00000 45.00000 18317.99020
44.00000 46.00000 18315.47533
44.00000 47.00000 18320.21149
44.00000 48.00000 18316.21141
44.00000 49.00000 18316.30606
44.00000 50.00000 18320.07583
44.00000 51.00000 18324.49097
44.00000 52.00000 18327.49528
44.00000 53.00000 18329.38145
44.00000 54.00000 18331.13437
44.00000 55.00000 18335.58964
44.00000 56.00000 18340.89220
44.00000 57.00000 18346.76847
44.00000 58.00000 18353.63637
44.00000 59.00000 18357.48706
44.00000 60.00000 18357.48172
44.00000 61.00000 18355.88838
44.00000 62.00000 18354.40146
44.00000 63.00000 18357.85628
44.00000 64.00000 18362.48943
44.00000 65.00000 18369.49937
44.00000 66.00000 18370.51404
44.00000 67.00000 18376.53789
44.00000 68.00000 18379.00216
44.00000 69.00000 18373.63371
44.00000 70.00000 18365.50539
45.00000 25.00000 18366.95952
45.00000 26.00000 18367.79848
45.00000 27.00000 18370.15863
45.00000 28.00000 18368.21268
45.00000 29.00000 18360.40411
45.00000 30.00000 18350.97769
45.00000 31.00000 18342.00483
45.00000 32.00000 18331.26069
45.00000 33.00000 18321.57754
45.00000 34.00000 18319.44769
45.00000 35.00000 18322.76891
45.00000 36.00000 18321.15668
45.00000 37.00000 18318.31611
45.00000 38.00000 18320.44109
45.00000 39.00000 18324.73341
45.00000 40.00000 18331.27893
45.00000 41.00000 18336.91542
45.00000 42.00000 18338.78533
45.00000 43.00000 18336.82994
45.00000 44.00000 18329.32172
45.00000 45.00000 18319.89008
45.00000 46.00000 18313.42038
45.00000 47.00000 18317.06396
45.00000 48.00000 18315.50737
45.00000 49.00000 18318.88195
45.00000 50.00000 18325.03712
45.00000 51.00000 18329.72749
45.00000 52.00000 18331.08661
45.00000 53.00000 18331.57588
45.00000 54.00000 18332.81290
45.00000 55.00000 18338.31767
45.00000 56.00000 18344.63176
45.00000 57.00000 18351.13909
45.00000 58.00000 18358.23769
45.00000 59.00000 18362.05655
45.00000 60.00000 18361.53201
45.00000 61.00000 18358.91720
45.00000 62.00000 18356.96568
45.00000 63.00000 18360.19204
45.00000 64.00000 18364.29185
45.00000 65.00000 18370.15427
45.00000 66.00000 18369.49419
45.00000 67.00000 18375.39223
45.00000 68.00000 18378.45657
45.00000 69.00000 18374.50877
45.00000 70.00000 18368.27667
46.00000 25.00000 18369.85611
46.00000 26.00000 18368.64045
46.00000 27.00000 18370.13378
46.00000 28.00000 18369.12399
46.00000 29.00000 18363.15838
46.00000 30.00000 18356.29735
46.00000 31.00000 18349.19568
46.00000 32.00000 18339.11854
46.00000 33.00000 18328.36131
46.00000 34.00000 18324.58697
46.00000 35.00000 18327.17419
46.00000 36.00000 18325.88300
46.00000 37.00000 18322.77887
46.00000 38.00000 18323.91891
46.00000 39.00000 18328.03216
46.00000 40.00000 18334.88419
46.00000 41.00000 18339.85149
46.00000 42.00000 18341.41538
46.00000 43.00000 18339.52519
46.00000 44.00000 18332.32972
46.00000 45.00000 18320.87460
46.00000 46.00000 18312.22029
46.00000 47.00000 18313.28993
46.00000 48.00000 18312.59711
46.00000 49.00000 18319.43977
46.00000 50.00000 18330.27826
46.00000 51.00000 18336.64551
46.00000 52.00000 18337.68115
46.00000 53.00000 18337.75797
46.00000 54.00000 18337.39066
46.00000 55.00000 18342.99512
46.00000 56.00000 18349.25023
46.00000 57.00000 18355.49476
46.00000 58.00000 18361.86019
46.00000 59.00000 18365.23244
46.00000 60.00000 18364.03806
46.00000 61.00000 18360.78427
46.00000 62.00000 18358.72507
46.00000 63.00000 18362.62022
46.00000 64.00000 18367.16125
46.00000 65.00000 18372.20141
46.00000 66.00000 18369.35067
46.00000 67.00000 18374.66544
46.00000 68.00000 18377.85188
46.00000 69.00000 18374.79994
46.00000 70.00000 18370.43386
47.00000 25.00000 18375.04468
47.00000 26.00000 18372.69656
47.00000 27.00000 18373.54974
47.00000 28.00000 18371.93204
47.00000 29.00000 18366.23883
47.00000 30.00000 18360.63616
47.00000 31.00000 18355.07331
47.00000 32.00000 18346.44658
47.00000 33.00000 18336.32423
47.00000 34.00000 18332.71408
47.00000 35.00000 18335.79613
47.00000 36.00000 18335.27499
47.00000 37.00000 18332.96529
47.00000 38.00000 18334.19817
47.00000 39.00000 18338.54141
47.00000 40.00000 18345.24773
47.00000 41.00000 18349.65028
47.00000 42.00000 18349.98471
47.00000 43.00000 18346.56583
47.00000 44.00000 18339.74741
47.00000 45.00000 18328.30904
47.00000 46.00000 18316.30561
47.00000 47.00000 18315.21341
47.00000 48.00000 18312.98747
47.00000 49.00000 18322.05349
47.00000 50.00000 18336.92944
47.00000 51.00000 18345.72262
47.00000 52.00000 18347.35731
47.00000 53.00000 18347.52207
47.00000 54.00000 18346.49240
47.00000 55.00000 18351.66325
47.00000 56.00000 18357.28190
47.00000 57.00000 18363.31379
47.00000 58.00000 18368.92128
47.00000 59.00000 18371.41360
47.00000 60.00000 18369.03271
47.00000 61.00000 18364.90332
47.00000 62.00000 18362.91701
47.00000 63.00000 18367.00320
47.00000 64.00000 18372.04907
47.00000 65.00000 18377.57416
47.00000 66.00000 18374.01881
47.00000 67.00000 18378.55304
47.00000 68.00000 18381.68921
47.00000 69.00000 18379.24342
47.00000 70.00000 18375.88256
48.00000 25.00000 18376.39784
48.00000 26.00000 18374.14401
48.00000 27.00000 18375.43011
48.00000 28.00000 18371.99442
48.00000 29.00000 18364.72105
48.00000 30.00000 18358.58741
48.00000 31.00000 18353.64765
48.00000 32.00000 18346.93543
48.00000 33.00000 18338.53441
48.00000 34.00000 18336.90955
48.00000 35.00000 18341.99235
48.00000 36.00000 18343.20068
48.00000 37.00000 18343.38393
48.00000 38.00000 18346.13939
48.00000 39.00000 18350.61160
48.00000 40.00000 18355.86895
48.00000 41.00000 18358.95713
48.00000 42.00000 18358.15768
48.00000 43.00000 18353.56499
48.00000 44.00000 18347.49343
48.00000 45.00000 18337.10882
48.00000 46.00000 18325.17148
48.00000 47.00000 18322.35445
48.00000 48.00000 18314.85114
48.00000 49.00000 18322.40141
48.00000 50.00000 18339.29252
48.00000 51.00000 18350.42469
48.00000 52.00000 18353.95814
48.00000 53.00000 18354.65865
48.00000 54.00000 18353.49991
48.00000 55.00000 18357.66943
48.00000 56.00000 18361.83592
48.00000 57.00000 18366.96137
48.00000 58.00000 18372.72766
48.00000 59.00000 18376.15766
48.00000 60.00000 18374.39912
48.00000 61.00000 18370.31924
48.00000 62.00000 18368.49703
48.00000 63.00000 18371.22770
48.00000 64.00000 18374.85481
48.00000 65.00000 18380.01080
48.00000 66.00000 18376.91797
48.00000 67.00000 18380.80520
48.00000 68.00000 18383.49197
48.00000 69.00000 18381.16183
48.00000 70.00000 18378.25782
49.00000 25.00000 18383.51504
49.00000 26.00000 18381.71393
49.00000 27.00000 18383.57900
49.00000 28.00000 18378.63706
49.00000 29.00000 18368.98680
49.00000 30.00000 18361.36726
49.00000 31.00000 18356.17047
49.00000 32.00000 18350.66084
49.00000 33.00000 18344.15069
49.00000 34.00000 18345.04262
49.00000 35.00000 18352.44536
49.00000 36.00000 18355.97578
49.00000 37.00000 18358.68717
49.00000 38.00000 18362.84785
49.00000 39.00000 18367.28632
49.00000 40.00000 18370.73170
49.00000 41.00000 18371.71660
49.00000 42.00000 18368.90770
49.00000 43.00000 18362.65054
49.00000 44.00000 18357.45895
49.00000 45.00000 18348.96932
49.00000 46.00000 18338.54458
49.00000 47.00000 18336.43410
49.00000 48.00000 18326.34906
49.00000 49.00000 18328.04995
49.00000 50.00000 18344.16123
49.00000 51.00000 18355.18130
49.00000 52.00000 18360.54788
49.00000 53.00000 18362.62938
49.00000 54.00000 18361.80161
49.00000 55.00000 18365.44735
49.00000 56.00000 18368.60501
49.00000 57.00000 18372.49331
49.00000 58.00000 18378.17486
49.00000 59.00000 18382.88726
49.00000 60.00000 18382.78301
49.00000 61.00000 18379.76307
49.00000 62.00000 18378.16899
49.00000 63.00000 18380.24370
49.00000 64.00000 18382.72051
49.00000 65.00000 18386.87819
49.00000 66.00000 18384.57391
49.00000 67.00000 18388.05874
49.00000 68.00000 18390.08212
49.00000 69.00000 18386.98771
49.00000 70.00000 18382.94724
50.00000 25.00000 18395.38882
50.00000 26.00000 18393.60789
50.00000 27.00000 18395.24973
50.00000 28.00000 18389.55547
50.00000 29.00000 18377.83288
50.00000 30.00000 18368.21695
50.00000 31.00000 18361.75074
50.00000 32.00000 18357.17235
50.00000 33.00000 18352.83790
50.00000 34.00000 18356.01631
50.00000 35.00000 18364.67702
50.00000 36.00000 18369.83741
50.00000 37.00000 18374.15806
50.00000 38.00000 18378.98614
50.00000 39.00000 18383.22411
50.00000 40.00000 18385.55916
50.00000 41.00000 18385.10801
50.00000 42.00000 18379.86758
50.00000 43.00000 18371.37699
50.00000 44.00000 18366.67544
50.00000 45.00000 18360.16251
50.00000 46.00000 18352.69833
50.00000 47.00000 18353.15269
50.00000 48.00000 18345.22342
50.00000 49.00000 18343.72166
50.00000 50.00000 18353.69161
50.00000 51.00000 18362.45211
50.00000 52.00000 18366.16598
50.00000 53.00000 18369.18533
50.00000 54.00000 18369.79988
50.00000 55.00000 18373.74638
50.00000 56.00000 18376.90587
50.00000 57.00000 18379.86361
50.00000 58.00000 18384.09297
50.00000 59.00000 18389.10454
50.00000 60.00000 18390.16548
50.00000 61.00000 18388.58992
50.00000 62.00000 18387.62577
50.00000 63.00000 18389.85059
50.00000 64.00000 18392.59334
50.00000 65.00000 18396.58448
50.00000 66.00000 18394.70160
50.00000 67.00000 18397.94103
50.00000 68.00000 18399.68320
50.00000 69.00000 18396.22048
50.00000 70.00000 18388.94641
51.00000 25.00000 18411.39468
51.00000 26.00000 18408.55560
51.00000 27.00000 18408.88746
51.00000 28.00000 18402.81744
51.00000 29.00000 18390.22534
51.00000 30.00000 18380.11089
51.00000 31.00000 18373.11895
51.00000 32.00000 18367.86586
51.00000 33.00000 18364.66408
51.00000 34.00000 18370.09048
51.00000 35.00000 18380.31088
51.00000 36.00000 18385.93931
51.00000 37.00000 18390.39852
51.00000 38.00000 18394.95612
51.00000 39.00000 18398.61218
51.00000 40.00000 18400.50793
51.00000 41.00000 18399.82724
51.00000 42.00000 18393.97603
51.00000 43.00000 18384.30199
51.00000 44.00000 18379.17218
51.00000 45.00000 18373.59015
51.00000 46.00000 18368.34141
51.00000 47.00000 18371.19723
51.00000 48.00000 18366.19058
51.00000 49.00000 18365.49122
51.00000 50.00000 18369.84170
51.00000 51.00000 18378.86098
51.00000 52.00000 18378.78995
51.00000 53.00000 18378.61629
51.00000 54.00000 18379.88103
51.00000 55.00000 18385.72903
51.00000 56.00000 18389.92287
51.00000 57.00000 18392.48642
51.00000 58.00000 18395.49452
51.00000 59.00000 18399.58687
51.00000 60.00000 18400.17996
51.00000 61.00000 18398.94244
51.00000 62.00000 18398.93277
51.00000 63.00000 18402.54464
51.00000 64.00000 18406.32221
51.00000 65.00000 18410.36745
51.00000 66.00000 18408.92552
51.00000 67.00000 18412.44615
51.00000 68.00000 18414.25482
51.00000 69.00000 18410.75871
51.00000 70.00000 18400.87215
52.00000 25.00000 18422.27046
52.00000 26.00000 18418.09173
52.00000 27.00000 18417.06890
52.00000 28.00000 18410.87420
52.00000 29.00000 18397.73924
52.00000 30.00000 18387.59236
52.00000 31.00000 18380.64687
52.00000 32.00000 18373.94967
52.00000 33.00000 18370.40381
52.00000 34.00000 18377.09162
52.00000 35.00000 18388.87649
52.00000 36.00000 18394.60300
52.00000 37.00000 18397.72059
52.00000 38.00000 18401.11161
52.00000 39.00000 18404.17655
52.00000 40.00000 18406.38018
52.00000 41.00000 18406.31115
52.00000 42.00000 18400.99979
52.00000 43.00000 18391.17328
52.00000 44.00000 18384.72929
52.00000 45.00000 18378.54722
52.00000 46.00000 18374.09276
52.00000 47.00000 18378.34679
52.00000 48.00000 18375.78070
52.00000 49.00000 18377.25495
52.00000 50.00000 18382.36290
52.00000 51.00000 18385.89951
52.00000 52.00000 18387.66859
52.00000 53.00000 18384.02921
52.00000 54.00000 18383.12710
52.00000 55.00000 18391.20348
52.00000 56.00000 18398.51348
52.00000 57.00000 18402.00165
52.00000 58.00000 18404.73996
52.00000 59.00000 18407.21209
52.00000 60.00000 18405.70023
52.00000 61.00000 18403.44261
52.00000 62.00000 18404.00872
52.00000 63.00000 18409.33742
52.00000 64.00000 18414.25010
52.00000 65.00000 18418.46950
52.00000 66.00000 18417.59090
52.00000 67.00000 18422.08413
52.00000 68.00000 18424.47674
52.00000 69.00000 18421.00693
52.00000 70.00000 18409.64474
53.00000 25.00000 18428.73170
53.00000 26.00000 18422.94124
53.00000 27.00000 18420.56611
53.00000 28.00000 18413.78356
53.00000 29.00000 18400.43621
53.00000 30.00000 18391.05924
53.00000 31.00000 18385.19695
53.00000 32.00000 18378.09115
53.00000 33.00000 18373.49189
53.00000 34.00000 18379.82505
53.00000 35.00000 18392.43145
53.00000 36.00000 18399.09344
53.00000 37.00000 18401.04776
53.00000 38.00000 18402.84313
53.00000 39.00000 18404.74464
53.00000 40.00000 18406.68473
53.00000 41.00000 18407.13701
53.00000 42.00000 18402.97385
53.00000 43.00000 18394.07055
53.00000 44.00000 18387.85455
53.00000 45.00000 18381.23099
53.00000 46.00000 18376.72913
53.00000 47.00000 18381.69590
53.00000 48.00000 18381.56020
53.00000 49.00000 18385.83859
53.00000 50.00000 18393.58118
53.00000 51.00000 18397.11924
53.00000 52.00000 18395.27671
53.00000 53.00000 18390.85835
53.00000 54.00000 18387.75759
53.00000 55.00000 18395.82066
53.00000 56.00000 18405.31041
53.00000 57.00000 18410.06989
53.00000 58.00000 18413.15374
53.00000 59.00000 18414.27830
53.00000 60.00000 18410.76327
53.00000 61.00000 18407.08882
53.00000 62.00000 18407.69830
53.00000 63.00000 18414.37160
53.00000 64.00000 18420.48151
53.00000 65.00000 18425.11688
53.00000 66.00000 18424.12621
53.00000 67.00000 18429.03458
53.00000 68.00000 18431.65725
53.00000 69.00000 18428.15264
53.00000 70.00000 18416.23826
54.00000 25.00000 18424.44252
54.00000 26.00000 18417.13405
54.00000 27.00000 18414.29654
54.00000 28.00000 18407.31583
54.00000 29.00000 18394.07451
54.00000 30.00000 18385.53869
54.00000 31.00000 18381.25167
54.00000 32.00000 18374.91886
54.00000 33.00000 18369.20611
54.00000 34.00000 18373.67097
54.00000 35.00000 18385.99258
54.00000 36.00000 18393.93562
54.00000 37.00000 18396.15502
54.00000 38.00000 18397.44282
54.00000 39.00000 18398.46802
54.00000 40.00000 18399.45000
54.00000 41.00000 18399.19941
54.00000 42.00000 18395.40651
54.00000 43.00000 18387.87032
54.00000 44.00000 18383.98464
54.00000 45.00000 18378.67794
54.00000 46.00000 18374.25147
54.00000 47.00000 18379.61044
54.00000 48.00000 18380.72525
54.00000 49.00000 18386.37218
54.00000 50.00000 18396.00600
54.00000 51.00000 18400.34570
54.00000 52.00000 18397.64325
54.00000 53.00000 18393.26862
54.00000 54.00000 18388.15440
54.00000 55.00000 18394.57879
54.00000 56.00000 18404.34774
54.00000 57.00000 18409.67061
54.00000 58.00000 18414.13048
54.00000 59.00000 18415.18599
54.00000 60.00000 18410.70850
54.00000 61.00000 18406.24429
54.00000 62.00000 18406.35799
54.00000 63.00000 18414.04774
54.00000 64.00000 18421.22298
54.00000 65.00000 18426.41172
54.00000 66.00000 18425.40934
54.00000 67.00000 18430.48614
54.00000 68.00000 18433.16966
54.00000 69.00000 18429.62141
54.00000 70.00000 18418.06506
55.00000 25.00000 18417.26248
55.00000 26.00000 18409.27307
55.00000 27.00000 18406.40069
55.00000 28.00000 18398.80453
55.00000 29.00000 18385.51922
55.00000 30.00000 18377.94057
55.00000 31.00000 18374.90062
55.00000 32.00000 18369.48203
55.00000 33.00000 18364.09118
55.00000 34.00000 18367.96516
55.00000 35.00000 18379.59577
55.00000 36.00000 18387.00868
55.00000 37.00000 18389.07812
55.00000 38.00000 18390.46983
55.00000 39.00000 18390.85626
55.00000 40.00000 18390.95638
55.00000 41.00000 18390.10573
55.00000 42.00000 18386.33725
55.00000 43.00000 18379.09485
55.00000 44.00000 18375.84344
55.00000 45.00000 18371.70108
55.00000 46.00000 18368.26329
55.00000 47.00000 18374.24841
55.00000 48.00000 18376.00623
55.00000 49.00000 18382.15594
55.00000 50.00000 18392.31860
55.00000 51.00000 18397.26057
55.00000 52.00000 18394.51887
55.00000 53.00000 18389.82219
55.00000 54.00000 18383.72012
55.00000 55.00000 18388.40929
55.00000 56.00000 18397.43342
55.00000 57.00000 18403.02735
55.00000 58.00000 18408.86183
55.00000 59.00000 18410.41695
55.00000 60.00000 18405.54360
55.00000 61.00000 18400.76436
55.00000 62.00000 18400.38801
55.00000 63.00000 18408.20044
55.00000 64.00000 18416.03570
55.00000 65.00000 18421.70773
55.00000 66.00000 18421.33010
55.00000 67.00000 18426.60143
55.00000 68.00000 18429.44964
55.00000 69.00000 18426.16425
55.00000 70.00000 18415.34238
